803 2729
553 100
399 217
612 260
23 264
351 143
358 375
270 757
497 100
599 255
536 654
345 549
198 129
136 722
377 559
750 770
200 772
762 561
425 692
284 759
486 799
531 686
65 330
697 768
790 754
438 7
79 617
741 97
134 337
194 28
800 503
250 434
766 123
551 224
130 713
467 709
50 304
268 132
271 722
119 43
662 555
185 149
192 33
113 222
21 189
481 5
174 559
1 638
596 588
353 758
743 378
530 517
570 457
130 704
420 503
370 646
350 63
795 619
540 27
260 664
724 165
582 528
287 97
696 265
589 364
536 754
723 560
591 493
407 584
536 602
490 309
240 335
259 711
208 152
134 176
28 24
391 84
485 799
159 519
290 169
220 535
443 531
381 217
732 471
794 47
491 124
695 663
310 261
192 63
764 781
67 71
802 613
621 479
417 449
201 165
574 538
246 575
466 142
512 562
531 709
533 681
759 230
248 704
463 231
13 481
552 109
529 229
684 423
558 530
633 6
519 110
782 160
211 527
360 435
195 713
342 605
788 389
130 792
770 668
445 348
142 546
800 309
88 199
587 773
471 438
698 502
120 728
175 292
111 268
670 626
787 406
252 438
570 482
553 362
420 492
241 621
214 768
272 752
312 551
724 801
592 660
496 206
277 71
188 57
572 23
135 610
319 550
430 543
604 27
752 287
236 128
128 793
769 781
168 375
258 660
795 781
760 537
85 426
140 510
190 93
492 476
573 742
229 48
143 618
130 598
723 3
155 798
389 49
712 784
197 285
162 218
186 769
523 255
192 179
798 482
581 589
12 307
216 196
489 42
34 768
237 775
148 211
79 275
432 715
18 268
92 267
94 547
176 18
618 408
581 788
451 444
622 686
625 378
559 776
534 650
735 576
367 175
434 517
401 619
590 141
560 480
464 602
375 300
32 126
738 710
606 135
139 482
694 750
398 475
511 407
275 140
774 269
482 718
304 749
612 386
141 22
324 266
536 434
203 293
223 211
73 324
571 197
455 587
132 468
495 110
28 114
32 358
772 516
295 510
59 774
580 727
512 176
671 696
395 490
602 266
343 70
130 689
502 771
326 461
414 290
182 270
366 675
166 418
170 468
337 52
524 29
67 17
123 515
535 517
575 260
777 469
444 183
634 566
448 743
638 22
144 598
186 126
254 720
383 418
678 84
426 502
668 25
429 619
784 400
587 516
75 360
714 282
637 524
529 470
361 273
286 476
509 249
477 549
628 342
730 183
235 767
606 680
239 650
662 142
242 615
480 336
84 488
598 555
342 511
53 120
553 295
679 291
301 484
214 624
252 488
705 74
145 632
20 636
357 104
218 660
58 282
436 679
173 451
529 88
477 624
767 674
698 423
541 358
49 307
621 56
566 150
768 217
463 384
308 767
611 510
354 448
619 539
730 464
510 486
139 712
466 632
548 462
362 569
475 263
276 348
556 49
688 341
104 571
195 558
531 661
396 661
419 332
112 714
494 197
310 477
65 46
619 643
526 262
201 574
715 782
475 37
795 291
602 750
640 605
297 388
179 192
180 242
715 402
779 69
366 168
42 674
793 490
559 109
541 562
543 231
449 684
139 229
303 803
438 51
665 109
259 370
24 216
80 469
478 784
230 177
105 467
506 83
716 309
773 330
483 170
113 31
551 574
296 156
796 364
300 342
156 696
506 376
749 204
146 620
497 765
97 283
247 163
540 448
51 665
516 351
63 70
622 772
110 498
476 163
49 671
154 171
617 305
13 766
413 73
218 140
300 231
705 249
523 94
688 420
563 199
506 387
159 79
340 495
400 225
243 301
280 289
482 504
323 133
127 680
112 298
790 301
294 262
10 755
444 662
598 590
611 630
571 779
593 635
244 379
130 300
500 749
656 208
488 354
440 795
755 113
376 109
602 618
607 255
222 326
332 5
616 141
672 340
339 464
582 380
53 61
625 404
426 564
62 691
121 213
490 482
346 533
478 14
782 397
760 363
596 292
500 539
340 90
622 624
240 329
280 332
102 57
104 424
582 375
552 655
418 559
328 70
671 577
404 155
650 40
430 722
206 39
380 215
627 334
612 410
658 171
755 520
352 704
408 263
409 549
157 223
488 42
44 598
769 453
92 79
629 715
465 443
483 339
673 340
3 128
96 558
206 114
541 341
394 88
677 762
415 698
164 771
771 135
458 253
666 518
408 84
673 3
450 585
2 414
226 224
118 457
460 184
553 582
402 737
578 135
796 510
715 391
618 327
84 546
394 269
724 535
793 731
406 669
686 323
384 565
394 412
457 238
777 499
198 116
443 498
317 618
289 275
590 597
132 610
701 355
302 188
452 617
179 742
574 746
202 525
41 355
353 687
127 125
229 698
292 65
519 329
8 195
337 243
708 390
215 246
221 747
348 277
633 14
9 281
133 139
130 386
654 717
358 123
481 387
386 98
463 517
799 200
194 282
231 244
217 171
309 794
642 713
480 248
774 272
354 410
389 137
428 340
765 93
590 24
718 77
386 311
795 42
62 42
483 444
39 131
611 729
347 583
285 31
802 427
253 533
72 31
228 293
667 350
669 740
428 521
412 371
584 772
459 229
171 354
135 685
438 693
495 717
607 628
168 784
412 798
675 492
269 493
750 206
289 407
536 475
242 635
332 339
578 682
338 784
376 706
234 215
14 628
608 509
222 422
353 547
41 102
304 799
9 762
727 558
767 532
77 156
794 11
635 734
192 734
185 528
22 429
797 340
306 624
16 731
788 9
496 487
131 477
131 615
448 375
122 146
653 470
434 310
312 177
239 163
521 259
170 268
189 32
444 296
523 768
344 620
453 182
130 251
258 420
3 718
228 775
139 190
123 661
91 25
2 372
737 673
96 497
272 64
619 408
497 262
189 541
79 290
524 672
673 208
660 734
223 290
650 343
339 660
530 586
792 369
715 45
568 254
728 793
287 631
626 114
576 675
593 379
120 510
196 486
489 116
280 101
165 199
95 436
406 723
578 96
762 190
67 339
528 239
658 456
508 295
200 112
291 283
437 472
314 216
334 159
529 128
218 169
260 798
494 282
428 324
65 381
302 77
523 585
488 105
474 423
162 333
389 371
174 630
653 54
677 357
600 571
555 575
224 312
774 351
336 375
742 35
49 387
714 439
642 440
57 323
775 756
47 149
484 134
88 732
640 307
534 686
77 17
480 496
428 112
374 363
680 765
416 285
17 132
741 462
556 372
460 443
715 552
340 286
53 516
535 79
314 234
540 589
575 643
67 494
487 494
705 149
668 410
227 56
266 798
69 272
381 794
331 214
336 27
619 277
186 178
327 776
127 453
316 209
210 260
364 165
494 291
386 771
574 368
598 489
584 751
183 95
645 16
352 217
155 268
798 125
466 762
30 395
736 191
607 724
725 613
545 696
394 510
548 723
172 575
157 791
603 318
533 39
685 557
4 349
744 514
582 700
589 291
255 527
57 487
166 52
39 318
336 565
266 349
589 54
629 506
423 556
778 496
800 664
728 538
803 456
695 780
73 80
418 483
499 398
81 347
144 714
359 259
496 483
61 149
483 40
672 486
711 368
507 741
737 704
667 61
139 580
214 717
786 527
146 750
700 419
761 187
50 565
514 315
313 715
609 391
406 173
534 543
67 458
755 428
157 666
526 288
548 490
287 582
493 301
255 165
481 592
541 170
594 383
656 502
218 68
491 757
2 175
646 26
543 107
48 651
195 249
216 146
308 117
478 587
667 647
328 168
265 414
673 9
485 96
485 571
51 64
141 393
236 444
62 526
774 196
206 778
374 470
129 306
215 413
538 265
205 670
426 94
652 784
527 266
604 467
54 579
207 99
173 644
467 411
255 280
675 695
739 71
795 284
600 681
486 548
700 151
62 54
430 495
160 42
396 139
538 89
666 146
188 594
615 718
378 218
585 450
109 335
606 616
735 250
134 653
512 675
492 803
53 627
55 164
383 156
648 13
225 153
99 342
550 342
468 62
242 338
778 758
392 5
332 154
439 662
691 143
472 98
36 437
113 781
354 529
498 650
618 734
432 138
438 400
3 587
635 714
408 406
321 201
715 460
553 505
771 773
275 232
204 591
480 448
43 772
63 743
799 179
612 780
499 77
136 49
764 711
464 707
587 464
436 460
227 387
19 787
188 381
596 610
671 719
191 634
1 131
291 636
739 122
304 753
69 10
309 571
401 298
78 742
445 364
490 45
59 470
278 180
601 287
655 387
515 414
419 309
649 254
604 38
769 31
143 716
203 778
39 559
226 18
355 512
637 639
358 64
639 128
234 399
366 128
771 710
719 644
796 793
258 789
254 240
568 744
681 514
758 175
758 528
53 550
402 286
336 652
44 85
67 328
445 412
249 267
433 7
632 174
377 431
747 216
251 31
84 109
179 225
655 622
258 638
133 229
579 640
604 278
489 732
752 124
425 63
523 239
504 149
729 348
586 511
89 573
715 138
757 118
299 476
696 792
786 362
540 70
231 309
268 257
490 753
456 545
250 291
17 119
280 249
33 604
177 599
142 739
642 571
167 553
477 670
278 642
598 534
104 481
88 347
56 666
201 92
662 356
294 770
19 489
116 408
226 63
136 267
729 140
104 394
785 437
589 87
188 538
521 594
727 633
602 565
365 697
11 631
467 482
267 148
178 412
648 570
572 735
100 636
801 439
289 336
517 275
652 698
215 38
473 28
342 710
490 150
176 606
467 177
286 663
570 232
663 15
359 443
761 149
305 338
705 560
446 54
526 337
184 1
2 581
572 296
209 15
248 617
266 79
14 318
591 127
209 152
62 522
448 293
104 327
585 50
456 784
368 460
333 375
560 389
743 655
562 409
553 197
493 113
166 695
389 513
357 55
267 332
370 766
461 217
781 709
564 235
662 765
480 392
447 769
747 330
88 136
531 83
272 388
421 71
674 172
514 738
696 228
241 590
258 17
538 786
775 596
248 520
707 460
516 624
699 688
263 348
563 695
86 705
106 54
492 744
239 502
793 497
315 462
133 203
687 35
398 538
312 237
112 762
338 734
543 714
780 680
587 586
626 739
538 161
255 178
203 392
187 527
500 43
427 381
375 532
748 369
438 700
114 362
538 652
63 732
390 644
356 316
449 118
741 585
696 486
201 776
329 195
39 242
757 771
739 264
25 45
65 134
502 520
324 724
474 25
411 47
728 539
146 208
94 170
316 301
674 730
17 754
143 525
630 726
574 355
336 20
669 597
449 79
790 774
296 454
725 597
637 220
576 525
563 313
506 772
233 671
125 110
180 434
627 331
795 663
316 292
652 577
286 404
343 733
201 252
330 15
96 459
512 480
794 75
480 618
49 48
585 563
367 270
593 329
540 317
634 64
746 518
435 505
203 46
576 516
471 89
48 71
655 470
329 404
474 154
658 754
489 356
651 687
21 269
404 507
704 220
542 748
500 620
392 446
126 404
59 461
39 292
224 614
618 129
621 116
197 770
237 363
149 111
797 595
101 358
121 536
123 217
361 694
587 445
625 194
290 704
147 386
132 475
423 465
611 99
545 94
231 628
685 38
745 787
373 487
113 391
224 89
60 138
80 712
318 328
392 31
525 283
619 448
801 165
537 501
116 78
560 455
465 434
620 97
639 199
144 196
273 586
733 650
510 322
722 423
583 508
15 531
786 85
433 217
606 202
705 35
151 368
716 531
537 794
55 643
331 788
133 128
104 368
197 296
644 284
437 16
424 375
261 145
249 390
106 431
87 581
221 632
737 263
738 568
243 74
483 731
635 54
670 134
490 452
2 661
282 218
172 530
709 596
638 287
378 625
420 161
582 449
332 771
98 455
779 196
247 255
583 641
297 331
704 773
192 191
502 412
105 280
603 9
623 58
571 637
239 150
421 682
336 228
559 404
158 445
313 347
75 731
706 165
389 247
134 783
428 342
159 797
114 312
611 586
261 679
318 381
119 9
229 142
321 677
590 137
367 784
205 149
170 393
340 344
265 667
550 353
515 385
311 712
426 536
27 177
579 636
693 582
491 460
310 26
261 490
601 69
345 687
750 760
349 117
22 424
617 408
247 205
447 64
380 466
112 229
425 648
221 586
302 397
291 211
777 723
117 658
742 590
125 294
747 23
76 583
74 234
776 255
753 83
379 283
240 615
40 514
97 482
336 427
786 142
168 595
36 576
454 179
133 624
133 390
318 564
102 271
769 104
626 230
129 700
701 654
170 64
699 781
582 147
517 270
200 290
219 78
113 711
556 652
652 37
102 697
141 157
234 513
287 537
274 437
122 750
502 55
250 385
233 719
783 212
180 450
551 646
475 211
238 621
538 322
302 49
152 238
540 404
29 696
708 546
77 276
143 730
579 173
463 372
414 253
1 658
457 779
629 362
261 342
687 723
87 196
190 731
602 22
472 55
151 477
469 191
235 212
418 620
753 557
257 413
132 799
444 312
672 539
359 175
287 745
421 450
58 694
590 391
523 506
229 90
400 248
145 526
183 647
370 599
367 635
100 457
104 567
250 288
397 346
732 278
719 223
184 345
791 480
477 192
614 141
260 603
297 151
603 99
487 98
452 128
194 52
765 715
770 406
166 379
634 125
548 60
237 3
261 653
479 90
10 399
800 518
413 13
125 472
718 375
129 55
436 532
496 97
314 232
545 423
449 159
604 25
183 612
226 201
281 294
801 142
588 671
313 468
59 517
1 534
256 692
519 379
223 78
189 575
766 145
321 367
653 38
535 92
17 441
626 178
577 129
25 695
274 567
123 782
769 77
348 470
41 535
741 409
542 753
744 72
27 580
670 336
469 428
768 456
788 529
623 783
312 383
720 396
371 169
483 803
29 489
639 750
160 120
604 457
398 166
265 162
380 499
423 234
560 436
445 89
28 620
748 790
124 83
676 128
101 254
610 412
370 665
12 56
378 270
518 396
623 33
796 358
584 67
730 238
785 393
147 327
578 42
372 586
505 385
250 753
421 122
751 467
190 783
283 686
266 298
412 572
54 80
37 782
139 664
156 794
158 601
802 174
753 303
293 777
613 368
499 509
338 504
228 367
798 663
322 244
605 598
297 357
799 554
14 650
199 634
108 482
739 121
212 330
621 18
803 499
363 302
199 523
369 78
403 792
302 650
322 92
667 39
70 380
141 153
89 232
594 31
384 316
113 210
612 349
223 29
795 507
320 468
176 617
193 397
76 16
568 435
127 497
276 489
558 661
420 329
279 768
765 368
547 677
490 488
93 29
299 172
8 363
188 700
544 685
413 662
155 22
366 686
383 771
367 142
556 86
437 379
195 620
253 200
113 567
115 795
578 586
526 783
705 447
144 206
616 269
48 127
138 778
692 373
768 669
586 38
363 284
182 421
55 169
630 649
702 266
333 669
208 527
637 601
250 134
160 189
456 430
129 771
257 374
459 670
207 340
745 488
758 48
380 463
661 656
459 405
594 255
442 112
279 216
86 281
588 626
257 429
258 85
39 685
776 117
479 314
735 749
765 258
68 566
56 609
56 150
777 519
501 143
448 53
715 457
440 367
403 280
280 803
544 108
660 187
166 73
385 547
702 111
20 241
700 532
149 709
682 230
540 512
565 499
781 501
802 657
141 289
368 778
58 641
543 465
230 387
731 260
73 543
93 302
555 399
311 70
223 224
116 46
13 45
548 115
508 546
17 170
168 42
42 377
503 294
7 478
214 258
564 486
547 189
140 765
586 448
769 478
440 543
554 610
386 16
614 71
123 274
750 519
92 264
292 269
77 126
735 566
646 151
758 392
134 327
138 125
319 689
51 94
146 493
366 586
367 162
648 396
98 479
687 416
449 753
530 698
285 382
786 157
404 677
578 686
598 94
212 186
748 404
87 144
549 197
147 231
711 85
684 505
319 342
152 200
380 269
664 298
80 550
409 670
357 112
711 428
572 389
306 485
202 722
131 31
727 155
766 537
714 188
324 758
240 358
650 161
652 378
76 190
4 137
405 684
340 365
17 552
652 364
772 680
536 689
709 590
196 364
731 363
162 121
435 704
494 66
663 312
498 1
774 216
669 540
484 124
399 283
531 48
753 64
186 738
702 11
244 487
689 611
210 211
789 602
73 134
739 2
371 28
262 742
763 719
710 385
549 683
488 277
622 717
699 295
718 577
57 667
519 63
153 12
321 798
446 77
513 98
92 388
612 744
481 557
432 564
654 684
579 633
678 333
572 192
740 321
51 13
616 207
443 62
746 40
156 639
454 742
699 114
610 510
404 94
225 68
775 388
524 383
340 198
547 637
783 324
658 552
181 364
75 710
684 117
80 198
260 775
707 729
83 211
604 745
364 211
150 680
434 709
620 650
343 370
55 613
481 663
10 720
684 253
324 77
308 764
719 265
723 202
47 81
305 424
605 178
474 17
575 751
561 308
281 391
700 429
68 268
51 460
179 685
734 388
63 523
156 734
268 635
561 22
462 608
545 316
94 244
33 733
430 585
659 308
550 240
309 312
166 690
225 46
782 434
343 105
199 292
392 571
729 156
697 459
40 151
114 523
799 561
361 605
60 396
81 785
689 82
283 151
798 602
289 247
256 504
151 745
172 580
757 789
539 640
793 381
613 324
479 61
337 390
416 212
507 172
185 570
718 460
459 1
406 520
635 613
671 611
319 94
146 77
728 464
256 693
168 226
205 163
631 651
67 331
550 226
421 470
767 40
342 568
684 524
45 635
583 688
324 789
572 268
611 206
171 455
448 687
36 516
328 746
383 506
246 520
65 60
356 533
377 167
531 203
309 206
115 92
668 395
653 175
451 62
344 601
150 754
203 212
174 669
60 224
155 361
482 786
214 259
624 550
771 502
69 277
802 423
742 480
781 582
325 602
110 526
424 293
50 569
254 750
334 232
158 19
569 67
607 106
365 619
150 727
412 119
30 546
659 635
146 602
384 294
684 405
634 71
484 511
637 570
56 734
327 686
399 45
76 658
425 418
189 585
781 464
565 547
571 772
795 182
553 196
554 535
227 133
597 659
153 71
283 401
700 592
621 488
791 562
594 778
187 616
802 392
774 624
79 276
173 648
103 477
124 121
362 629
290 26
697 714
629 122
795 213
614 43
112 605
135 486
388 728
249 774
229 749
753 216
133 705
541 15
669 549
302 765
103 244
655 59
345 427
296 143
333 442
542 54
350 710
374 324
247 718
161 717
205 651
477 666
759 228
556 629
672 32
658 15
105 242
512 350
97 719
365 11
3 418
96 768
614 360
282 375
545 205
31 517
350 703
405 550
264 219
30 493
328 120
211 246
171 799
289 490
82 443
355 235
428 211
337 432
584 137
68 567
35 316
184 76
370 693
282 463
376 30
88 744
625 330
548 609
368 296
596 317
307 704
685 18
164 532
588 681
384 258
20 219
793 106
652 730
297 320
44 212
688 133
505 421
470 602
554 503
186 5
794 324
667 766
279 321
529 174
318 235
12 508
538 755
655 554
405 13
148 404
414 156
458 417
224 105
45 586
690 645
246 245
504 457
765 636
485 7
768 452
298 345
523 253
502 612
286 144
531 726
719 280
343 425
682 483
310 417
795 733
667 128
63 413
446 111
456 350
569 287
238 344
628 747
201 483
349 406
373 272
50 456
423 9
442 740
421 383
721 358
722 697
689 170
674 11
496 194
513 626
399 230
590 522
42 788
116 165
466 163
502 32
692 589
306 128
448 492
643 477
111 398
297 620
192 572
346 192
734 425
701 227
458 467
590 472
120 56
427 468
286 702
639 276
548 98
694 522
112 684
444 190
102 390
431 574
434 315
382 299
597 721
599 205
656 141
505 297
32 663
306 266
171 393
726 176
195 85
640 230
1 646
257 572
132 578
422 113
481 555
486 305
727 244
271 372
419 343
663 253
539 460
39 775
443 333
447 216
306 178
328 454
109 703
389 516
607 799
573 208
370 266
407 229
284 114
360 662
162 30
366 749
534 302
366 347
174 739
177 48
712 112
343 50
292 394
348 63
149 373
560 4
677 494
181 758
491 218
117 120
331 46
247 107
578 696
281 726
46 232
527 172
640 576
308 758
476 656
757 124
633 505
317 96
271 745
737 573
519 616
156 135
460 616
68 679
450 284
488 215
397 771
658 239
519 761
614 313
624 765
674 753
484 696
256 733
43 747
448 557
680 163
329 29
347 426
218 48
777 338
565 621
196 128
694 131
78 507
571 257
760 326
788 519
247 617
379 423
751 199
26 659
177 435
626 504
313 569
389 57
707 50
193 19
68 35
127 446
361 631
255 128
718 552
368 39
441 375
722 32
51 423
327 498
536 356
113 501
616 7
233 597
687 484
531 555
783 506
554 798
683 292
614 742
464 94
342 403
365 349
591 233
275 741
501 754
229 803
105 493
305 328
252 388
624 165
237 653
276 447
591 725
704 77
740 795
411 647
215 186
382 627
365 52
517 183
625 121
104 398
753 599
496 790
445 546
638 164
715 211
271 337
563 472
403 18
47 309
319 243
334 259
669 100
599 696
230 496
801 20
291 76
285 257
792 774
188 407
478 738
523 483
101 56
459 498
333 405
118 286
727 69
626 655
53 481
8 62
279 302
446 656
564 19
481 353
312 95
21 398
152 211
524 283
394 589
657 299
179 164
101 164
382 637
532 736
351 564
185 619
99 390
62 228
160 605
195 635
548 480
406 371
663 191
295 570
760 209
226 328
153 236
247 328
40 378
592 148
738 239
631 486
503 665
688 647
657 652
236 640
50 703
356 748
801 38
771 670
567 492
127 291
456 443
666 601
260 413
119 80
302 165
787 539
57 460
274 570
721 408
631 181
324 178
603 610
604 774
381 411
182 99
55 506
722 770
281 645
619 169
583 632
372 766
127 347
268 298
243 599
256 556
545 98
655 379
664 711
311 433
348 445
452 417
124 404
786 188
715 437
36 309
683 377
24 443
225 799
63 235
767 489
114 49
189 53
78 492
613 532
467 151
288 291
290 27
119 177
528 553
688 516
197 237
41 190
225 252
5 539
784 722
693 312
268 620
755 243
644 266
436 680
358 387
1 585
130 546
115 138
425 569
728 329
231 85
733 492
419 87
424 597
651 762
102 194
412 667
359 241
345 514
112 109
665 375
757 430
348 124
305 189
549 524
493 283
629 297
557 797
176 537
417 769
258 83
649 642
217 794
475 734
331 696
336 307
798 173
191 705
567 773
110 261
41 168
413 99
705 209
347 313
100 653
492 404
582 663
803 797
199 715
165 316
114 801
150 318
561 453
690 150
509 618
644 763
406 681
463 487
447 377
160 681
782 617
289 779
169 91
61 93
398 123
274 61
420 377
521 561
404 18
82 136
27 521
319 735
548 125
659 415
145 371
681 65
206 217
775 269
504 719
69 665
200 487
451 695
26 139
101 473
522 483
463 492
233 475
527 248
355 134
554 365
310 186
612 622
187 486
575 49
146 491
527 78
387 418
389 720
656 446
656 515
15 256
342 720
462 384
103 581
424 189
371 99
768 695
640 636
325 384
648 87
188 746
320 184
798 375
19 786
267 310
63 116
16 571
312 588
522 154
669 656
85 755
748 546
694 87
623 729
221 361
208 612
25 121
36 628
561 74
107 142
365 714
258 132
176 517
139 395
269 377
493 144
755 325
522 635
657 717
166 743
558 560
723 701
657 689
19 153
722 351
45 458
193 449
230 5
146 675
168 1
412 303
253 546
74 282
715 792
258 635
243 43
140 481
13 312
513 247
470 411
75 361
684 120
762 549
389 239
799 695
121 692
280 742
529 794
749 308
550 624
221 379
496 294
26 654
392 407
222 652
232 214
380 649
17 321
419 351
761 171
166 567
578 697
781 155
394 476
399 109
313 228
497 71
133 614
229 461
31 347
604 15
242 277
743 9
731 180
201 162
789 289
790 401
120 78
88 183
307 343
53 396
492 88
761 144
321 409
545 663
142 210
418 449
636 493
610 752
444 426
118 561
545 590
413 128
469 414
514 96
378 83
19 172
538 551
424 266
786 323
148 728
332 167
795 435
706 618
194 727
647 450
639 215
797 529
542 385
547 621
343 107
54 689
292 699
773 211
575 91
357 159
529 781
487 776
383 97
281 196
62 348
729 275
164 557
259 198
119 294
448 424
175 474
640 289
623 118
237 215
626 323
133 593
445 486
546 298
691 50
209 539
749 205
325 784
78 358
462 12
599 463
414 403
107 687
454 689
495 529
611 751
81 467
209 745
319 274
339 125
533 355
354 492
725 715
62 787
446 36
767 42
345 151
738 316
578 447
562 677
373 471
306 103
568 302
610 185
216 486
540 300
22 369
