838 2724
54 632
347 719
190 246
668 389
356 429
712 496
138 427
69 491
416 14
180 95
736 824
809 617
536 815
259 31
761 800
120 589
652 107
798 659
675 474
107 268
679 148
439 286
245 208
557 824
728 624
677 435
403 726
406 838
780 457
466 641
240 708
497 29
5 204
171 220
211 453
305 629
356 295
450 828
199 742
420 580
4 590
387 488
482 822
67 659
799 98
602 426
767 483
588 73
736 66
95 668
265 307
462 400
835 544
230 15
820 404
414 23
400 311
146 199
111 358
671 685
388 630
818 158
326 452
536 328
77 739
775 716
560 126
100 657
528 23
340 541
821 361
608 362
117 113
349 772
354 686
543 284
473 260
772 399
833 548
547 19
749 467
346 368
224 215
473 467
709 613
485 550
718 123
39 339
294 729
540 724
641 289
342 693
93 828
675 523
251 326
469 574
739 253
557 30
65 678
290 825
461 474
42 429
725 744
444 808
449 626
505 64
654 602
87 495
608 836
77 661
84 697
656 74
358 637
380 592
809 726
810 626
26 712
405 548
598 509
215 262
786 62
56 810
150 680
205 300
171 740
25 753
445 115
838 746
593 136
472 15
642 458
348 610
555 634
809 331
591 328
496 634
65 746
636 44
207 457
362 744
48 745
808 312
365 2
149 342
22 31
448 620
90 645
471 335
610 111
97 733
604 664
722 262
671 454
642 120
683 508
613 115
582 24
12 395
730 490
539 256
100 348
598 726
641 122
98 451
134 13
634 384
252 230
514 58
384 283
94 346
42 811
225 826
819 462
770 685
613 489
671 94
545 500
575 108
803 556
435 147
381 552
274 824
132 719
812 678
154 607
412 737
238 695
593 273
629 568
776 324
63 381
235 520
200 789
181 738
44 196
118 327
234 675
734 653
22 537
443 430
434 730
53 158
662 617
480 560
790 71
382 649
14 348
164 700
716 449
754 601
8 384
616 522
321 690
657 56
159 285
17 342
660 648
438 92
441 488
832 34
78 797
392 377
374 244
324 83
72 12
736 115
718 722
354 96
619 564
679 386
519 451
618 394
618 583
503 566
804 772
469 829
808 735
355 669
338 447
216 757
102 529
198 398
200 835
758 187
279 273
679 298
535 33
703 21
491 773
58 672
682 365
81 212
137 823
415 697
326 166
570 112
93 260
367 625
685 150
634 21
421 592
324 50
36 334
2 225
517 115
421 820
170 366
407 235
105 504
712 336
234 195
733 742
261 11
372 341
230 458
584 213
629 349
606 316
716 415
682 766
422 22
300 727
651 121
300 444
75 773
367 276
203 556
331 802
189 362
653 539
265 298
163 253
440 395
576 188
740 331
760 724
229 640
822 475
80 630
284 443
285 729
34 229
680 381
574 780
757 500
423 405
228 742
9 384
106 198
164 365
384 326
556 638
317 2
284 807
450 132
178 1
628 569
37 645
385 172
22 246
259 192
207 579
393 60
655 828
818 447
513 168
253 119
402 383
35 172
684 471
243 1
423 663
488 739
537 805
93 543
280 164
407 99
137 176
12 158
820 147
492 759
473 547
333 556
96 824
464 677
268 621
659 676
516 336
41 445
431 16
606 390
334 243
173 569
272 324
784 610
512 172
240 469
43 838
23 475
614 337
542 754
528 44
753 86
630 431
689 564
806 571
340 617
406 716
698 714
588 746
387 261
351 604
48 536
157 466
232 435
92 348
165 77
313 263
316 239
666 249
193 156
398 392
700 242
277 175
556 747
465 711
84 671
208 616
666 779
539 523
63 547
464 659
82 277
181 111
705 621
120 218
141 263
189 297
426 41
619 187
85 825
654 639
89 292
677 235
19 90
365 623
422 608
740 48
120 3
249 174
304 247
110 215
719 465
673 748
498 336
161 686
828 660
830 504
655 784
158 344
622 221
370 663
2 70
443 629
122 10
356 337
668 388
181 778
240 506
274 681
476 32
711 723
247 757
767 792
50 345
368 134
178 431
509 565
293 760
113 319
633 123
685 594
505 692
377 386
267 761
179 619
623 689
773 63
386 339
830 416
390 363
106 595
252 648
821 670
257 627
701 674
199 673
72 558
588 65
40 654
647 365
371 612
651 163
158 330
435 506
218 241
328 550
735 3
537 8
313 726
578 273
279 420
355 335
746 254
641 695
269 718
92 471
699 812
370 309
750 627
56 490
735 362
132 522
668 177
707 547
643 751
515 828
660 605
240 214
433 308
650 218
228 34
68 126
90 15
275 777
439 10
244 226
305 501
821 639
218 363
770 44
774 620
728 734
821 793
220 639
756 673
83 463
727 565
675 70
758 92
470 11
435 23
236 796
3 142
412 176
175 404
17 395
141 636
747 584
665 512
172 382
264 316
9 281
273 178
185 765
573 402
802 375
723 125
448 621
124 419
696 548
329 235
826 171
791 602
150 316
25 584
47 826
570 180
530 160
640 59
271 536
456 738
170 198
339 760
603 753
1 775
182 395
679 406
272 769
44 424
724 631
550 586
789 258
711 149
101 117
90 517
567 127
591 59
23 575
85 124
327 644
751 555
437 452
510 436
226 495
197 62
567 83
660 375
520 64
40 749
420 275
26 509
407 413
185 16
323 744
766 348
821 586
627 109
58 263
279 114
321 696
358 466
582 647
159 7
415 169
93 340
681 515
424 191
667 592
324 85
332 753
756 173
754 37
757 563
835 182
47 185
160 275
490 51
132 686
475 112
609 773
170 91
743 593
321 221
213 487
414 582
2 381
367 183
210 760
209 512
445 383
322 289
289 562
824 35
383 471
404 680
646 91
77 521
311 28
45 714
653 11
435 550
699 120
811 213
478 55
153 332
190 182
800 710
432 762
197 635
366 745
647 9
337 563
156 145
799 263
270 548
701 54
305 781
788 731
790 372
593 200
60 484
24 253
761 132
9 367
815 372
211 167
181 510
678 473
607 792
314 209
667 293
8 337
45 287
303 506
786 540
289 344
459 136
793 357
540 663
81 203
744 106
173 48
585 637
362 430
199 785
24 736
10 834
342 397
114 663
719 415
350 221
481 69
688 347
817 118
377 148
603 677
179 264
127 437
755 341
226 499
173 717
419 104
259 60
722 188
745 530
482 728
144 679
719 503
168 780
635 594
523 277
340 605
489 688
646 763
248 650
744 783
231 14
359 85
346 385
392 126
348 783
323 315
195 838
532 719
775 756
657 583
127 815
420 571
576 786
136 647
212 776
212 709
68 159
487 441
793 747
593 646
30 533
208 95
616 758
708 721
119 430
692 555
35 725
17 450
406 498
517 501
22 102
578 229
819 680
634 805
108 591
753 262
825 145
40 695
402 399
540 169
27 467
563 248
378 325
615 117
15 711
439 248
580 490
174 529
212 716
80 278
805 551
476 713
274 612
125 68
324 628
91 771
756 90
665 592
226 83
758 760
211 615
830 193
457 285
683 84
700 611
579 730
619 492
548 32
344 137
239 824
538 385
332 269
351 115
279 487
487 3
346 491
705 619
581 516
695 81
74 295
509 553
789 727
352 498
461 560
211 57
619 84
837 827
572 409
813 173
34 756
248 50
606 765
666 776
412 564
245 152
711 264
567 519
398 374
602 310
800 539
817 606
395 822
286 214
89 442
697 699
164 121
654 735
170 790
337 46
502 725
304 364
395 752
196 298
717 259
537 165
560 573
438 809
562 346
121 301
760 223
659 630
146 607
442 556
117 563
830 603
320 790
660 479
736 77
48 329
116 298
482 99
390 408
177 154
345 643
8 354
182 772
104 139
785 831
293 820
700 340
666 17
329 520
15 731
622 625
398 639
348 702
249 134
48 247
798 555
231 670
260 353
318 793
670 172
359 672
163 682
67 539
429 125
178 681
287 99
46 32
403 264
305 146
316 100
321 151
527 451
629 363
489 758
624 418
294 567
650 564
333 214
321 687
166 168
222 789
297 482
703 403
797 596
252 623
571 785
111 361
388 180
8 165
46 587
529 261
214 441
710 594
508 222
254 21
294 132
664 134
647 530
427 605
605 110
424 826
700 661
838 614
425 198
533 695
805 178
553 169
612 314
480 235
652 670
121 239
158 548
677 317
147 63
168 576
454 685
759 298
775 449
259 212
499 241
771 796
354 5
205 712
629 634
279 557
543 383
710 334
766 443
752 80
219 411
511 690
148 344
221 268
23 263
448 209
11 439
270 815
682 509
82 512
803 544
93 106
148 190
828 552
261 814
462 161
818 22
704 460
725 352
302 531
342 709
399 545
473 538
257 581
55 526
64 46
135 604
248 278
38 468
592 805
682 484
663 753
619 579
307 89
735 121
292 661
233 526
191 361
475 303
140 786
464 129
745 16
230 23
288 366
326 634
129 478
648 655
663 665
39 788
208 134
245 634
319 553
88 785
591 9
326 383
71 391
493 453
314 197
78 26
632 493
654 386
32 669
769 706
419 79
42 587
779 776
248 251
319 165
588 302
388 63
230 709
33 578
517 587
831 528
153 473
284 239
269 381
340 50
492 10
702 775
479 833
651 199
51 61
645 718
245 255
801 541
720 433
3 386
775 800
635 590
724 824
362 460
589 582
645 511
518 151
351 666
336 57
488 388
824 809
630 75
261 7
430 315
585 829
268 255
198 183
42 573
575 767
361 209
728 222
693 783
362 420
492 653
222 375
169 777
665 569
134 569
546 236
693 688
453 802
828 741
758 185
558 458
797 477
433 541
472 528
416 813
670 298
79 552
703 418
137 639
619 559
764 7
68 500
69 93
126 134
221 178
320 627
671 816
12 568
307 290
739 669
187 712
138 107
565 825
180 345
74 689
271 377
591 597
684 153
410 517
545 659
637 144
252 123
307 13
186 44
240 655
654 37
710 70
87 299
344 635
435 241
558 49
772 667
665 442
78 602
118 391
638 292
311 772
421 196
367 205
296 653
406 632
744 300
11 543
379 275
235 758
452 461
553 669
311 352
47 239
85 24
450 743
567 595
474 782
310 237
556 269
723 209
26 99
101 184
800 145
789 742
152 488
640 533
757 498
689 687
561 242
330 143
766 352
747 55
419 564
793 633
176 597
709 693
195 528
401 145
772 619
422 292
222 641
578 115
10 769
636 829
466 664
141 225
701 99
352 485
78 64
795 293
547 388
367 537
540 765
337 542
66 116
710 382
72 264
273 822
273 377
220 91
675 284
668 748
387 580
333 221
545 130
837 452
144 234
381 72
42 140
170 345
302 769
570 678
256 509
593 68
583 15
92 752
536 725
189 595
272 674
537 359
6 119
706 236
710 369
490 732
589 651
627 658
635 632
23 321
382 490
692 570
626 172
721 128
188 316
649 822
376 505
808 796
237 94
578 245
678 640
195 630
833 270
588 652
38 607
496 183
223 44
784 217
765 569
143 176
112 300
210 638
162 532
473 794
456 254
674 520
10 157
781 671
692 270
621 171
384 584
238 287
537 369
94 53
246 303
224 571
453 277
754 210
777 462
447 828
728 62
443 745
625 71
293 423
538 259
600 593
211 807
87 364
660 561
276 80
333 161
465 105
49 423
582 75
362 38
398 408
516 16
664 185
41 176
424 72
499 451
745 511
34 452
272 337
761 671
392 790
175 266
508 482
309 767
165 569
371 42
202 749
30 187
765 369
785 620
309 219
810 403
696 396
129 579
623 691
516 31
257 139
612 107
444 18
470 525
214 278
369 270
169 759
157 567
245 613
211 246
49 759
321 586
146 788
400 103
697 791
165 158
298 497
210 834
686 755
72 543
808 446
76 548
130 3
443 645
512 129
203 683
699 814
392 458
157 619
19 224
700 474
42 374
685 672
762 143
653 545
690 301
470 820
236 141
500 231
289 701
624 243
492 796
1 510
387 34
830 794
472 837
454 126
731 352
256 582
457 688
187 657
232 132
763 438
57 491
399 800
563 526
299 643
231 644
327 223
260 144
20 328
208 581
540 519
139 813
30 172
159 328
435 774
257 698
275 711
537 24
242 251
144 149
22 674
3 430
791 345
742 297
448 623
106 7
71 504
112 247
419 757
556 421
421 729
441 576
150 306
481 38
118 357
301 371
393 18
267 569
159 767
1 607
130 125
496 80
740 230
560 324
450 116
106 313
641 623
490 463
57 283
807 607
205 435
557 158
611 540
635 777
364 149
736 725
612 754
499 625
335 287
300 211
90 651
14 704
112 238
573 111
347 354
794 473
449 824
807 733
708 649
400 520
591 737
723 760
727 783
548 788
453 541
37 107
818 184
819 58
73 522
330 664
684 30
282 333
284 652
229 578
345 394
712 136
510 239
88 185
493 106
723 506
411 563
283 813
657 469
732 527
768 240
435 547
751 562
518 44
577 171
667 707
373 824
530 35
642 466
826 413
440 208
513 632
43 278
483 607
427 442
74 231
105 548
713 95
159 771
516 225
645 387
685 161
74 89
807 217
347 656
738 621
800 617
304 462
526 297
303 752
293 127
297 116
190 180
267 291
381 725
643 457
256 69
710 275
325 740
270 159
295 614
546 690
65 175
468 796
164 565
481 390
313 553
296 559
389 457
652 367
351 293
764 145
180 450
398 679
310 581
294 382
353 453
426 78
779 628
543 633
412 237
711 86
215 728
735 385
476 114
424 120
814 94
317 670
559 83
210 53
463 441
356 830
306 608
419 662
759 758
157 54
360 627
306 593
93 665
774 346
26 428
669 155
671 683
584 216
14 389
715 8
475 402
274 795
574 776
581 757
505 687
143 485
591 113
61 486
302 574
29 286
358 508
433 320
363 444
200 447
201 311
347 304
350 202
758 637
816 212
581 385
504 171
213 525
398 267
454 361
653 133
177 212
398 538
291 92
96 297
792 822
206 361
465 782
797 645
28 805
323 2
72 696
793 632
704 274
427 669
502 548
175 360
72 220
331 614
562 406
232 386
602 378
343 587
677 364
532 52
419 789
649 734
33 797
583 445
566 287
16 530
826 15
438 788
538 206
59 660
804 827
757 816
773 571
5 577
82 85
346 593
146 268
323 152
568 94
381 71
817 259
789 160
528 676
134 352
138 466
92 55
158 362
314 838
461 565
23 786
515 659
686 828
450 387
468 22
639 18
41 269
436 642
292 785
248 222
466 28
197 321
325 343
111 113
350 353
117 559
688 575
323 735
747 430
219 464
705 617
246 523
326 725
400 592
408 390
443 466
744 32
249 313
696 376
521 184
25 387
248 52
162 819
624 447
692 17
437 732
258 222
459 60
112 500
212 732
340 454
345 450
1 43
648 132
557 54
503 476
637 170
128 621
1 68
244 732
479 343
356 738
88 64
769 514
75 263
793 337
150 726
172 301
342 243
307 271
698 478
438 551
349 323
576 265
245 658
173 740
619 443
290 147
74 708
349 9
79 629
188 137
423 551
28 181
175 106
219 549
594 52
333 822
773 558
282 501
68 454
453 336
291 554
612 720
558 33
651 449
373 421
733 560
348 460
518 196
258 838
64 724
122 695
838 618
622 376
490 345
532 413
699 74
223 792
597 812
124 774
31 385
786 96
612 584
685 591
763 326
13 177
507 516
113 567
773 60
136 143
211 447
449 88
90 692
288 527
272 329
607 238
754 114
131 542
26 191
779 410
206 113
105 819
725 634
418 809
548 292
131 370
628 669
769 547
632 141
778 378
212 530
377 392
820 612
19 114
331 602
119 502
427 489
708 526
675 537
308 412
312 290
648 209
190 342
463 111
694 440
638 641
609 474
591 432
481 132
141 451
357 569
656 373
160 266
362 834
275 116
591 698
297 167
481 322
154 149
504 82
837 774
163 65
717 293
809 471
77 70
106 476
688 53
690 338
193 810
485 700
257 578
19 671
244 387
466 312
736 331
591 530
479 291
30 455
265 761
624 806
215 830
280 699
484 240
801 520
451 9
289 297
328 135
660 776
100 650
434 441
590 722
774 501
762 741
706 566
232 434
617 372
567 87
493 486
521 683
634 327
724 626
80 371
91 55
562 366
139 515
412 424
732 642
549 116
625 470
437 523
266 360
144 613
22 564
826 288
601 623
831 49
524 773
391 382
105 94
729 449
54 1
594 10
5 745
192 571
414 137
555 64
83 374
502 140
150 199
401 178
440 499
96 32
465 663
639 687
678 384
823 483
91 810
364 388
59 350
168 764
558 707
173 735
412 152
412 818
370 798
25 772
24 475
557 602
62 72
154 233
27 621
694 40
236 400
231 703
335 492
635 314
84 729
34 498
700 831
791 610
833 613
833 168
500 777
156 462
783 645
237 682
308 750
717 43
647 245
315 372
652 754
808 393
416 825
205 530
709 386
158 664
783 492
362 712
277 246
10 838
484 750
830 115
803 745
289 422
735 185
609 54
211 168
472 71
387 254
558 134
22 347
247 437
235 367
183 536
331 269
577 664
564 371
321 791
582 139
819 711
515 779
424 8
244 70
372 616
173 237
109 545
130 422
60 510
482 72
234 664
335 16
409 713
47 538
153 347
324 476
183 529
76 58
22 473
464 215
252 174
751 196
165 380
75 317
168 783
334 459
28 401
3 181
811 385
580 697
339 109
449 138
694 234
234 643
258 582
761 465
392 684
837 167
195 756
40 691
735 536
560 343
369 588
155 642
726 223
607 798
305 111
640 193
270 113
282 515
263 836
86 804
380 660
452 121
254 165
509 675
592 174
439 422
519 381
703 330
337 175
156 580
378 131
645 664
33 497
833 37
262 121
178 649
395 344
141 361
414 537
254 498
312 63
167 323
226 669
741 415
212 600
694 15
767 719
623 769
385 499
207 679
479 66
188 472
469 531
552 334
610 766
419 652
480 377
540 330
715 161
830 313
389 520
564 333
658 524
382 629
479 219
221 148
281 64
460 659
173 17
268 478
144 655
588 202
310 426
244 90
559 118
63 253
284 817
606 482
475 134
521 477
557 391
831 248
580 662
484 344
198 368
823 466
240 715
41 59
280 7
404 178
127 315
737 595
43 344
725 780
457 775
376 106
711 372
549 617
224 595
351 101
560 477
836 656
127 450
642 751
792 629
114 565
687 155
653 652
673 131
823 605
412 335
41 60
633 570
723 290
582 86
343 13
44 353
742 264
647 490
412 486
712 239
768 1
460 13
371 331
489 555
384 649
176 230
837 132
486 114
804 646
715 616
607 558
627 817
765 196
744 489
822 806
17 378
300 563
664 456
296 601
557 353
728 466
285 617
548 175
490 326
808 554
601 245
819 170
105 774
570 696
475 705
512 287
117 347
139 348
256 5
37 629
816 440
302 182
415 806
399 130
256 180
165 838
666 150
775 295
615 722
600 89
569 540
213 586
744 530
626 690
589 50
662 769
735 693
792 149
244 699
639 169
624 809
37 493
598 720
81 323
101 570
726 157
43 463
176 565
716 419
366 235
683 170
507 275
180 363
829 184
433 708
762 132
105 26
705 589
61 415
643 787
94 132
277 684
242 254
803 342
706 521
159 466
513 759
112 552
717 698
232 242
712 188
35 455
180 175
505 440
791 601
95 60
430 562
427 171
429 760
391 65
199 817
624 157
109 325
592 801
313 192
245 427
233 467
415 586
15 465
436 717
438 761
407 54
317 639
429 101
358 803
641 72
204 189
439 635
794 429
408 352
66 186
588 27
328 684
510 227
439 374
320 305
138 280
265 656
323 339
221 591
312 725
719 303
705 501
491 823
632 163
213 465
591 461
739 460
522 196
211 346
305 798
838 384
296 533
20 700
407 813
194 164
247 722
158 838
87 734
91 353
659 759
153 728
140 63
445 23
111 584
151 551
357 127
33 281
453 31
37 530
703 780
813 497
389 436
158 830
434 574
316 71
134 733
837 396
395 425
773 367
775 639
116 211
796 1
156 696
625 600
256 64
248 592
135 312
569 781
589 754
643 339
223 222
727 585
521 248
652 483
587 804
309 699
533 470
591 576
721 481
334 102
690 787
155 342
378 689
35 368
346 432
469 731
661 370
717 629
350 557
811 45
61 582
80 390
125 20
261 474
240 782
655 197
438 628
497 219
520 546
578 498
509 83
565 232
470 526
329 130
626 454
719 516
351 638
27 233
447 193
433 530
365 259
594 101
406 240
483 766
545 402
231 101
604 635
112 499
75 761
24 629
25 476
596 496
392 526
394 561
179 317
178 148
451 720
822 298
768 413
709 337
342 496
537 736
20 380
792 642
172 835
388 309
601 158
567 435
552 632
572 497
130 201
276 597
284 40
228 587
263 52
250 302
214 343
456 673
51 621
494 199
437 317
810 370
609 257
165 744
282 518
569 288
704 229
705 233
281 84
227 381
637 537
304 172
397 139
555 778
107 96
572 685
220 462
343 581
436 440
184 465
519 397
31 502
462 294
731 478
608 222
384 419
257 286
539 643
132 235
251 654
416 110
389 699
329 214
113 52
650 430
447 770
319 532
505 552
327 441
146 641
293 638
366 699
78 40
615 769
562 399
339 433
692 574
306 666
552 137
630 285
98 792
544 72
174 168
486 403
290 531
709 110
748 63
596 379
691 169
416 303
567 241
272 41
218 416
381 820
775 225
662 175
577 239
121 513
251 296
531 791
54 746
666 559
170 734
371 572
598 699
361 163
76 95
242 307
252 438
144 647
563 725
471 403
277 592
581 466
448 679
621 571
395 96
514 397
399 616
810 544
820 809
266 20
655 461
322 89
454 331
455 347
684 620
151 759
336 343
61 491
464 353
635 391
643 282
644 404
129 737
403 510
557 673
262 425
279 517
330 729
368 412
519 723
447 825
708 213
196 52
823 434
787 213
274 384
385 131
191 322
192 206
239 137
513 143
238 239
205 584
738 568
817 273
125 519
761 819
86 146
507 766
747 159
166 495
538 524
261 744
74 717
96 556
260 186
687 168
745 668
302 469
529 525
650 420
176 641
483 205
347 522
26 266
131 540
321 107
448 541
529 401
126 411
435 777
476 817
517 37
615 717
799 81
765 406
89 731
625 118
808 530
364 427
550 158
240 115
433 595
804 659
326 422
331 643
284 564
34 728
537 188
667 407
596 311
518 781
673 503
103 699
235 546
567 360
255 559
630 720
383 588
646 121
499 67
482 409
327 619
267 121
626 256
758 246
375 605
194 203
160 658
380 821
292 214
516 771
816 472
236 430
424 32
190 445
45 27
234 84
234 545
824 12
753 90
791 600
313 521
227 514
377 702
467 115
339 157
307 624
398 631
218 406
316 738
102 365
32 297
517 675
627 296
439 30
337 714
428 346
411 178
103 141
51 484
341 317
622 678
318 506
492 370
700 372
700 488
486 238
235 528
131 582
490 229
623 397
773 491
780 275
603 10
125 407
590 835
574 169
667 758
411 160
143 562
605 339
812 665
826 93
794 2
281 109
584 7
322 610
291 4
4 298
524 110
300 283
321 119
675 599
416 504
419 767
834 706
406 471
157 47
241 548
621 85
396 584
753 37
735 221
75 580
205 472
561 64
616 800
654 77
431 220
533 575
597 466
101 232
265 634
103 131
468 87
287 509
786 771
470 504
309 512
460 723
335 481
547 220
641 564
97 737
136 89
228 124
33 567
253 553
444 226
700 547
147 677
663 84
37 511
427 302
797 537
375 108
358 236
713 279
677 221
630 343
667 475
647 730
579 365
209 490
466 69
506 348
287 652
73 509
187 779
613 182
524 727
599 274
711 745
94 757
420 40
342 628
600 4
174 27
582 441
32 560
179 460
644 735
832 87
673 536
334 684
682 710
334 97
538 674
189 481
688 123
745 126
306 72
428 30
576 673
775 789
586 761
697 793
808 169
477 599
447 309
370 496
706 478
160 716
487 510
93 67
57 674
167 779
585 608
399 125
306 396
589 302
366 153
663 157
209 65
121 507
92 711
127 693
426 165
471 641
504 348
86 10
341 370
472 511
324 662
445 702
796 202
83 218
414 278
224 4
427 665
339 309
218 543
16 427
167 573
640 789
448 652
314 704
758 726
150 495
353 721
608 105
330 342
422 432
633 540
5 675
584 812
768 793
93 490
754 77
538 194
318 240
564 691
836 265
489 216
406 750
6 8
371 497
430 50
51 324
509 459
701 632
425 722
482 88
262 817
781 117
655 826
548 477
128 344
718 196
39 181
441 383
793 210
61 20
13 710
770 524
200 647
610 642
477 271
373 600
727 222
15 706
732 368
459 598
389 409
670 511
584 423
641 381
437 397
675 504
343 392
236 198
223 596
135 508
11 751
799 350
81 338
274 237
488 126
192 622
124 392
752 630
752 416
551 464
666 778
629 134
296 614
281 521
