837 2763
330 807
130 392
593 32
408 538
409 826
764 372
17 439
698 583
237 201
271 462
536 128
148 145
258 484
574 237
558 171
267 382
282 478
511 90
281 46
808 783
713 139
622 55
679 547
4 583
208 170
144 535
169 529
421 640
260 514
299 402
299 601
677 368
679 769
737 184
704 83
297 515
580 251
2 699
49 418
547 521
825 277
501 494
655 632
608 814
642 629
663 354
149 419
388 506
675 80
54 385
175 407
649 622
482 32
709 294
122 467
713 649
257 456
318 755
88 74
106 756
605 230
332 795
385 791
637 650
410 777
822 523
586 789
271 263
348 699
403 375
42 221
524 662
358 201
92 253
510 340
20 191
813 752
334 166
45 774
223 188
188 703
482 230
764 75
734 471
9 497
796 241
243 458
362 521
537 496
574 480
372 674
234 242
94 703
792 151
115 141
78 3
779 601
48 114
413 806
291 358
76 544
420 485
677 82
296 811
297 376
35 627
718 66
442 333
5 515
317 358
134 612
597 532
656 74
22 708
255 558
169 764
596 167
580 313
698 345
312 148
186 120
540 516
650 196
264 172
375 139
513 145
185 832
538 139
61 448
794 746
562 53
432 466
268 355
70 509
458 420
29 641
719 692
760 827
779 195
396 785
520 813
99 59
743 265
818 535
448 667
692 12
343 570
309 795
553 149
368 579
239 149
591 160
574 40
299 503
500 679
764 564
469 232
103 458
567 91
36 116
409 657
503 252
517 563
275 239
615 49
672 286
431 581
324 222
470 149
693 496
793 420
460 352
509 610
718 704
592 367
649 248
7 567
798 269
819 136
642 476
460 582
745 567
357 116
162 780
586 161
74 64
538 12
246 281
210 406
767 292
331 760
651 827
653 584
602 400
750 655
253 90
623 79
225 54
263 410
764 740
302 836
266 748
39 415
477 216
307 413
567 478
281 601
118 581
784 251
548 569
699 8
612 129
741 669
722 833
815 817
338 343
191 684
68 201
772 170
436 565
400 515
577 175
627 689
156 814
33 234
822 572
453 183
825 118
366 797
358 124
477 556
497 147
151 90
672 291
185 244
260 198
697 285
591 23
558 787
818 728
3 208
11 99
471 689
661 54
613 539
608 163
521 556
135 708
62 741
121 47
11 56
164 384
80 657
595 127
297 97
633 511
155 536
282 384
712 447
70 291
257 265
645 827
64 131
688 440
546 708
362 424
363 113
114 441
287 763
646 619
610 571
48 353
621 423
468 603
700 602
646 762
690 758
552 150
789 2
699 563
41 476
372 204
454 48
220 280
442 213
16 82
123 807
803 244
750 664
549 472
828 212
745 421
11 530
780 156
726 767
712 826
464 660
164 252
475 180
590 597
353 720
29 395
185 354
769 649
807 668
93 203
614 16
210 330
218 107
787 477
293 785
292 676
421 596
121 283
602 657
470 678
571 137
586 692
703 811
499 402
82 86
430 51
769 273
809 234
669 248
597 779
194 559
506 678
89 425
777 126
42 452
6 230
199 129
690 635
730 572
822 531
548 826
79 567
169 402
831 286
643 773
552 418
240 292
642 82
726 403
449 677
46 769
126 816
454 694
290 335
402 789
296 357
459 550
500 186
191 157
229 810
264 605
396 538
255 357
293 717
755 302
813 284
189 87
690 626
584 646
202 194
113 82
367 118
27 430
763 684
376 360
422 141
61 835
705 362
248 822
447 159
747 653
473 606
257 76
739 192
667 210
351 581
122 194
786 115
541 595
408 262
574 146
723 235
544 65
740 253
322 563
450 636
732 464
494 312
794 66
103 657
549 534
324 799
290 494
296 25
540 292
293 304
466 345
194 319
159 528
556 45
80 117
619 178
309 619
608 705
473 797
681 283
243 592
63 782
67 509
158 22
534 774
439 172
760 363
754 474
796 377
544 258
155 214
14 170
731 795
40 545
365 761
24 720
575 463
46 353
671 493
250 96
642 184
114 52
137 785
118 153
149 471
491 206
175 505
487 582
56 592
313 717
649 400
392 626
128 802
450 590
108 118
143 90
356 60
446 425
251 684
784 162
513 484
185 617
54 772
627 57
64 444
727 551
767 806
293 427
204 429
423 728
66 393
770 162
719 197
67 553
173 534
530 89
288 404
220 822
680 513
262 567
362 480
493 288
438 126
131 79
167 494
529 32
401 98
170 212
23 641
51 619
148 633
573 296
334 356
22 342
712 510
566 818
825 193
772 771
257 330
377 714
342 343
587 158
695 337
788 117
720 355
81 415
427 736
491 335
825 419
388 733
282 91
32 276
126 681
256 428
438 403
333 71
335 359
100 568
255 412
174 821
426 753
117 475
598 410
150 118
163 210
233 749
72 579
147 656
596 609
321 338
191 635
833 791
555 57
177 736
135 462
672 416
13 355
181 619
421 371
278 777
669 407
620 61
804 308
531 468
114 192
665 752
4 444
175 309
380 726
787 248
364 461
147 665
496 85
521 273
278 38
753 259
162 124
87 691
678 114
55 810
791 252
706 190
669 42
780 115
803 171
769 393
348 410
169 792
738 814
460 265
465 271
101 126
686 411
214 642
185 51
43 61
279 686
750 468
80 395
596 44
462 511
512 243
532 254
624 480
554 338
437 382
96 267
187 497
701 640
814 78
658 308
418 807
191 512
451 13
691 123
722 463
53 447
94 325
795 425
47 209
213 628
327 815
441 787
79 458
597 163
395 673
674 684
626 607
755 586
718 578
205 533
618 452
427 551
444 268
375 31
819 6
87 395
798 179
660 244
315 586
497 437
545 231
799 148
503 379
454 804
403 242
612 137
547 831
167 703
540 608
338 222
11 716
522 445
359 745
412 773
161 405
364 65
789 437
112 511
238 734
593 490
316 631
209 481
103 638
269 82
313 164
553 516
73 575
537 309
77 468
548 552
308 322
609 411
832 742
281 352
45 135
214 518
786 584
534 437
205 449
558 721
695 70
303 387
165 791
626 26
383 315
422 23
762 537
759 282
500 562
449 107
303 368
143 598
612 659
794 407
478 660
119 445
249 454
835 798
175 353
752 790
34 630
471 352
589 189
591 595
44 604
172 118
484 416
266 255
303 653
73 719
213 210
438 465
573 255
441 806
81 737
387 702
239 47
370 138
776 558
688 432
600 306
485 171
196 325
591 96
342 209
762 469
717 496
421 206
408 333
409 321
65 188
837 476
654 642
44 603
689 93
230 362
621 741
16 60
539 798
497 119
23 795
544 61
598 661
42 724
168 359
429 602
280 165
299 342
394 149
716 372
325 352
255 537
428 436
384 623
658 418
324 741
680 630
381 500
334 652
355 777
634 587
836 131
729 386
483 284
397 532
272 530
199 546
510 80
167 675
724 131
357 614
817 701
88 571
328 372
110 347
827 711
717 743
426 378
671 352
620 835
622 502
107 272
97 301
309 47
20 54
683 229
556 621
781 592
764 349
141 583
642 355
200 466
708 711
250 430
54 534
255 356
127 563
790 154
195 642
23 354
558 166
744 62
12 62
722 808
77 758
615 597
429 419
329 649
369 373
422 130
137 383
545 157
324 30
94 705
349 765
80 452
816 254
823 576
242 223
814 294
526 541
771 800
458 80
190 413
597 638
653 316
640 836
110 675
588 650
370 628
189 731
767 819
581 452
299 404
358 364
603 66
423 217
804 449
650 811
597 662
799 755
488 570
47 495
654 189
802 26
179 223
307 274
40 119
684 832
277 33
244 436
686 199
62 552
322 352
417 349
2 175
650 835
667 163
118 835
450 19
697 18
593 417
169 124
388 205
538 759
372 391
12 624
35 154
110 706
518 379
663 260
246 237
674 258
750 248
793 544
184 463
372 562
390 507
818 510
71 337
802 388
588 527
94 698
20 185
166 168
539 398
171 805
316 687
250 9
695 608
534 381
424 422
479 245
389 157
528 556
285 647
677 586
713 769
589 355
510 99
610 232
276 212
812 595
389 339
16 367
184 160
459 403
132 523
502 236
718 474
156 94
72 598
236 345
626 260
149 702
797 557
120 247
321 813
235 147
552 111
50 226
223 389
665 574
829 234
545 80
637 415
505 761
807 421
701 707
228 244
103 692
822 820
280 167
538 541
81 414
355 715
375 788
543 813
474 199
572 711
423 553
425 108
124 785
602 308
752 676
166 608
44 434
318 746
410 260
178 594
587 57
706 649
779 197
653 679
721 505
94 230
642 157
518 61
34 560
741 140
446 104
487 613
612 610
300 392
746 232
617 19
269 45
662 716
383 750
816 417
409 512
390 738
416 484
568 737
365 138
574 411
665 93
816 304
102 392
673 375
639 676
87 733
382 317
312 164
505 738
721 184
599 59
103 54
69 535
674 667
658 116
382 550
788 301
348 484
314 180
212 564
263 728
416 331
730 41
825 800
457 676
166 438
427 571
579 836
250 271
827 629
449 551
743 647
550 214
537 520
475 301
153 707
765 253
50 706
822 108
646 830
372 489
428 331
323 720
529 813
662 734
511 764
84 65
815 834
764 210
622 440
514 10
337 333
192 131
304 461
432 39
806 39
755 787
590 261
4 680
153 792
524 302
410 495
209 801
525 80
505 250
430 236
569 603
60 204
444 83
10 514
137 154
139 233
580 138
254 35
565 770
809 680
112 584
166 31
99 565
782 814
258 154
98 349
37 439
409 286
739 668
263 545
781 78
702 664
829 407
598 220
391 822
647 9
267 236
823 356
388 133
63 261
468 96
390 242
38 568
292 835
167 593
646 268
722 670
634 19
66 154
837 548
489 123
108 257
349 8
115 666
115 209
684 153
741 88
157 460
764 340
748 510
416 804
66 516
555 569
238 631
98 711
317 124
589 751
84 345
784 639
379 565
549 332
275 750
644 592
169 79
597 37
339 781
287 32
402 663
657 834
422 777
648 429
559 89
393 303
766 567
434 167
833 189
581 552
733 765
318 552
191 241
582 116
205 74
462 150
444 421
247 62
307 304
643 330
55 712
727 540
301 306
67 691
317 366
455 482
314 719
721 5
811 330
260 553
390 616
158 354
540 118
21 613
58 5
208 410
44 491
317 569
31 672
489 391
238 816
561 288
187 130
227 718
121 394
731 763
91 302
519 376
759 706
449 339
48 821
657 428
239 207
828 51
336 358
118 663
835 131
86 598
621 185
54 655
700 771
366 198
665 397
264 508
456 580
237 502
783 748
718 465
829 722
526 359
175 383
362 274
400 438
382 490
539 421
524 137
157 464
49 239
565 377
605 700
435 92
146 268
681 303
717 526
331 738
480 749
63 435
597 643
530 422
587 731
768 351
681 696
613 328
522 834
154 661
545 35
820 99
507 373
606 738
330 723
800 754
522 725
27 337
48 250
377 660
527 100
31 3
783 581
428 351
590 203
520 771
260 380
498 163
607 466
512 166
711 589
382 171
612 406
460 107
80 596
27 127
504 53
359 258
725 485
696 382
200 227
769 515
510 512
384 559
103 547
775 166
778 134
524 486
393 311
765 22
197 730
682 570
389 835
466 343
284 754
265 768
782 170
369 501
662 566
57 818
525 722
69 155
162 472
109 650
331 333
430 594
410 289
108 121
187 650
170 596
724 776
574 601
287 577
400 209
111 141
767 754
627 367
597 257
37 672
648 177
562 619
11 77
71 564
364 686
366 420
793 179
225 561
110 707
754 117
210 109
487 667
588 697
702 124
796 481
283 222
437 601
39 693
249 357
764 215
675 833
603 748
105 777
289 175
809 560
330 379
286 413
521 324
559 366
172 540
254 217
736 373
534 749
166 395
333 36
803 535
427 502
801 212
103 783
490 330
627 433
95 655
706 493
411 708
655 690
323 496
644 510
94 589
425 288
814 48
817 263
799 292
178 600
826 63
311 387
688 52
465 282
432 429
531 21
331 606
210 238
707 203
180 487
185 399
519 331
501 413
260 148
522 579
407 199
399 727
531 243
54 717
644 655
684 588
354 385
64 273
84 167
730 747
103 607
646 572
289 102
4 288
80 369
449 674
85 128
149 820
592 220
132 506
150 306
32 99
235 243
153 177
163 760
93 700
242 99
722 76
206 574
724 85
332 329
764 252
361 252
805 505
223 642
317 260
122 89
195 696
651 816
821 148
326 39
376 350
229 142
307 374
647 428
776 303
83 479
484 617
261 425
833 72
209 355
818 668
177 378
691 204
643 772
420 651
310 190
437 814
778 196
287 169
434 130
312 568
43 174
45 9
777 727
139 204
490 287
162 208
437 90
511 231
251 309
192 141
738 177
570 753
518 44
591 750
705 449
32 315
623 185
496 372
72 323
170 89
27 496
230 610
214 477
542 399
457 684
422 686
707 633
762 59
191 434
607 305
702 497
343 181
698 376
242 707
613 464
153 799
390 540
780 396
344 57
824 206
313 118
339 526
500 388
635 323
229 40
818 170
638 315
203 581
331 95
771 13
334 519
408 378
600 462
729 315
566 605
563 588
110 148
220 556
96 61
665 713
48 753
102 434
194 380
359 666
378 698
811 32
632 78
741 276
47 73
620 381
584 827
339 728
59 218
721 307
832 277
324 379
23 231
533 105
701 386
753 143
817 430
305 772
251 157
625 499
330 772
2 809
195 113
136 469
268 31
785 131
199 415
399 105
476 621
166 241
150 31
827 489
270 677
736 793
699 684
648 479
596 832
333 678
694 459
143 485
403 328
272 422
266 339
658 430
755 175
683 724
599 102
66 718
216 629
790 247
496 106
777 719
830 835
763 172
414 92
472 451
163 393
20 518
661 496
355 548
413 156
54 218
273 135
592 30
26 668
256 626
10 399
102 25
1 192
510 306
131 315
774 453
596 218
816 784
376 818
621 46
491 675
76 531
656 450
500 508
362 400
729 552
750 104
560 328
813 440
687 643
607 293
512 274
680 830
132 547
297 709
300 156
84 78
413 6
389 45
136 543
485 436
123 463
775 208
440 11
314 253
100 502
279 819
784 613
177 649
591 91
770 520
678 129
274 238
679 559
815 104
141 41
743 217
45 88
28 509
692 95
714 563
72 202
341 223
355 199
393 83
636 761
359 695
490 546
624 209
672 603
766 220
217 283
143 519
536 375
437 683
239 68
24 11
451 802
351 146
397 184
588 192
260 223
187 748
442 92
387 510
327 620
247 736
108 349
770 760
643 634
559 536
284 363
441 832
259 126
444 378
728 225
639 501
399 268
42 68
501 481
410 342
179 357
475 811
439 282
349 323
373 679
537 155
179 402
402 770
441 293
117 674
209 276
619 131
104 681
12 484
508 686
806 790
787 759
256 776
243 597
102 210
528 389
784 586
69 464
731 312
127 302
56 112
720 482
55 71
225 680
62 10
379 808
375 719
24 798
266 743
231 205
589 518
511 790
223 792
543 506
244 691
650 666
190 228
247 461
805 799
239 567
616 405
191 282
580 638
547 424
714 782
664 129
185 341
648 400
741 445
9 602
819 73
801 726
686 693
452 51
346 151
273 349
576 749
774 85
211 249
305 279
452 757
163 378
757 595
629 782
790 659
98 285
4 308
445 125
466 473
506 704
444 480
653 212
251 713
220 791
570 79
536 339
203 260
741 128
810 817
78 222
192 590
736 644
67 75
578 708
385 554
281 182
502 533
234 100
715 235
716 763
56 348
759 695
246 622
601 525
816 766
272 153
516 769
521 332
170 98
428 373
45 343
581 234
360 780
569 88
550 394
606 823
425 176
7 336
467 589
801 736
343 813
126 88
823 210
738 582
150 312
762 151
46 196
674 107
273 578
616 816
818 52
430 214
675 216
823 261
419 406
60 192
289 650
127 793
112 153
718 73
333 608
598 409
790 826
549 308
284 614
747 277
323 336
508 263
715 153
658 196
660 622
202 457
113 335
294 339
369 805
795 730
559 407
690 687
819 817
694 175
595 146
190 616
580 629
800 803
782 541
76 110
168 471
574 270
80 361
337 448
576 697
365 136
347 645
683 754
525 245
405 562
686 669
157 81
322 774
552 268
553 130
646 682
345 780
798 369
817 611
251 612
698 624
274 363
313 316
279 453
797 18
357 112
569 773
53 258
54 176
534 819
346 345
616 519
617 415
707 133
513 628
1 575
735 774
313 542
598 468
372 642
835 609
30 456
732 520
253 86
74 277
328 552
199 281
262 751
818 660
340 176
342 514
236 160
262 638
581 206
674 429
198 205
327 593
682 608
206 189
633 151
779 295
348 652
694 406
490 263
604 650
436 308
207 619
671 535
709 187
109 298
737 290
539 378
556 699
249 837
68 399
359 749
342 80
344 623
401 386
130 832
312 35
149 261
133 640
690 659
100 735
529 465
736 666
252 152
588 175
383 647
259 822
458 531
100 686
727 169
729 314
654 684
309 645
54 317
293 406
295 502
735 497
299 525
428 21
410 568
714 49
181 594
385 503
264 830
656 250
587 568
34 664
92 492
755 596
628 187
24 628
276 589
353 309
443 122
154 251
304 292
712 673
624 413
456 554
717 507
259 831
703 509
723 35
118 317
411 616
212 111
198 389
650 714
405 721
211 254
242 191
82 243
44 503
99 209
27 156
176 647
237 811
555 31
319 662
305 653
201 165
226 167
134 776
109 538
573 566
541 685
247 282
66 719
351 343
369 424
638 450
472 437
813 741
369 588
189 835
706 325
468 699
201 795
18 835
94 405
424 673
278 826
541 202
483 459
104 575
805 341
643 518
99 165
778 450
375 261
270 741
659 317
770 671
91 783
783 713
576 18
161 445
637 836
369 50
482 745
412 106
358 673
714 678
755 15
756 135
424 680
478 304
540 219
7 507
517 26
284 172
303 240
468 614
751 396
516 348
497 156
186 826
423 236
181 719
471 815
25 264
432 262
585 192
750 112
715 62
788 825
242 315
742 163
12 734
750 227
769 509
498 581
62 225
227 761
394 362
39 68
320 650
393 671
603 73
731 444
143 657
477 807
9 2
247 406
216 47
76 401
827 331
80 750
708 94
661 635
719 468
629 764
420 228
563 559
514 396
737 224
769 57
141 127
103 431
552 118
443 624
5 665
336 155
482 214
300 433
603 837
468 37
215 653
250 285
380 270
761 811
9 559
232 705
462 718
513 81
130 493
422 802
81 439
597 262
265 371
124 582
226 828
421 112
25 536
173 655
140 101
634 535
623 583
182 29
38 822
408 74
749 775
463 812
160 341
203 194
224 77
480 620
452 53
366 72
350 717
115 328
726 440
547 727
35 621
54 591
296 350
442 302
263 357
191 180
33 62
734 315
509 561
790 162
459 196
22 24
246 113
452 536
103 562
583 409
343 724
419 60
292 822
226 229
389 802
83 139
195 623
549 490
181 213
169 757
633 806
317 448
65 111
734 659
536 544
323 611
268 32
397 558
619 28
625 523
616 152
157 291
512 131
159 469
215 664
260 167
534 739
610 272
461 237
427 488
185 416
330 142
645 565
208 148
545 190
432 588
313 626
116 692
688 674
467 421
470 103
596 462
232 355
432 682
14 325
159 809
805 70
623 707
294 725
813 390
778 757
320 112
107 152
824 470
604 679
256 130
367 337
60 453
761 235
309 491
146 772
511 780
55 44
773 372
171 174
584 176
715 112
827 833
773 133
65 411
818 132
822 608
512 145
269 764
399 701
226 822
100 651
301 171
508 94
643 613
8 127
191 91
801 294
585 497
604 443
15 425
698 647
164 63
830 358
837 194
768 147
383 214
420 272
4 154
389 314
580 630
639 835
352 459
661 569
537 144
222 218
811 484
541 19
559 803
398 236
384 837
353 10
706 526
467 126
434 256
519 443
813 719
134 288
141 338
34 652
719 784
578 369
482 135
763 673
568 380
549 294
40 608
555 508
737 497
559 808
601 769
693 358
436 217
72 368
772 448
793 432
673 663
486 362
469 733
76 754
511 374
439 501
99 742
725 550
796 1
102 273
457 583
584 165
512 247
696 329
42 394
478 532
64 376
325 820
290 620
225 299
201 769
468 204
380 625
235 75
516 719
166 575
494 737
449 371
30 304
824 812
396 637
73 728
333 289
596 55
745 667
157 829
525 536
159 302
362 678
789 424
461 50
763 264
408 336
14 296
664 574
646 626
666 667
577 567
615 91
434 180
288 791
41 324
225 413
99 90
209 315
410 76
33 117
307 594
127 392
511 619
169 40
480 152
746 184
527 648
660 264
533 6
2 5
96 834
390 676
506 353
566 118
350 615
257 241
80 342
429 167
602 356
325 711
685 749
214 538
394 787
14 24
364 600
825 461
683 468
5 699
724 114
68 75
590 464
803 440
593 284
187 597
833 813
373 599
390 671
798 694
703 772
416 80
234 752
78 279
647 599
482 794
89 49
668 594
268 221
373 164
374 210
214 541
397 542
733 324
600 178
595 649
33 794
305 29
106 269
201 649
40 692
610 823
239 43
385 819
760 333
227 166
173 595
727 667
82 88
376 197
707 139
822 292
259 368
78 393
816 205
638 705
5 311
553 276
271 505
185 453
258 21
351 762
135 825
798 348
694 157
647 720
590 617
241 475
402 395
610 199
483 610
505 4
732 733
187 720
506 493
308 347
421 671
43 11
101 651
62 643
599 715
49 288
730 316
428 685
698 703
221 98
171 239
158 621
768 347
737 601
700 331
403 496
703 718
647 557
781 763
345 590
35 115
454 438
419 551
187 802
538 563
391 419
609 443
653 732
80 124
364 685
411 17
53 128
716 246
132 765
483 515
615 346
193 151
836 5
565 577
268 327
344 229
752 162
383 140
261 288
477 435
832 249
371 743
431 249
284 758
223 788
182 817
365 3
339 447
549 133
91 728
59 153
544 657
125 526
308 591
366 215
472 427
401 763
335 728
312 807
754 666
648 745
461 338
172 779
543 217
814 111
268 92
715 269
491 752
681 576
831 229
99 771
541 350
10 304
476 224
217 250
736 395
520 71
774 396
338 606
657 655
530 96
718 446
744 490
175 733
706 70
596 731
653 556
430 517
74 816
698 797
22 613
767 751
575 140
780 510
231 401
178 424
58 47
145 92
318 14
618 624
251 428
166 89
112 118
537 320
459 667
795 69
136 177
390 364
230 730
835 836
673 432
8 562
144 262
19 220
809 161
205 238
534 633
263 466
658 509
310 38
576 181
578 782
597 819
247 819
782 497
772 4
77 773
135 787
28 308
410 747
485 149
802 354
513 10
382 82
612 29
575 613
232 416
194 402
643 715
720 796
405 106
339 512
798 537
770 368
771 569
480 239
388 808
246 465
252 144
545 814
823 533
610 780
485 553
174 312
453 357
203 677
809 2
24 112
381 60
796 757
601 480
569 207
762 728
764 708
344 433
354 496
23 238
171 161
744 253
589 402
433 16
290 721
204 47
792 712
297 174
98 668
615 538
282 471
446 500
434 113
383 86
223 535
266 412
231 809
414 737
18 54
810 42
556 570
153 467
543 186
261 719
400 532
648 80
812 278
692 332
469 256
770 136
93 127
205 432
794 767
615 357
119 105
754 545
44 174
708 13
188 95
463 664
447 68
359 539
307 721
253 277
829 736
57 506
682 88
442 478
595 195
228 568
65 799
16 487
199 3
757 565
370 281
381 411
143 393
818 333
662 616
187 584
721 70
390 688
213 473
713 494
52 662
36 819
384 531
172 837
142 533
725 65
570 525
809 819
408 158
524 244
836 371
82 704
143 799
204 453
147 41
412 803
639 574
90 492
91 406
511 636
771 674
166 338
258 531
188 510
356 676
142 283
461 110
204 624
585 26
72 163
253 295
477 606
701 596
80 488
818 570
125 532
345 770
513 777
681 453
58 109
314 678
721 174
170 834
174 721
401 571
813 689
678 367
146 325
40 362
661 595
5 583
650 395
245 672
673 429
782 249
621 431
640 109
152 275
732 259
399 513
493 241
593 662
26 561
426 186
710 48
660 410
738 722
67 510
341 830
34 662
254 479
826 113
226 59
262 37
544 156
364 780
473 31
545 487
478 662
579 831
485 704
732 608
549 22
362 576
823 585
55 615
421 168
62 751
798 448
104 23
563 637
607 433
277 292
206 608
257 45
158 633
287 159
17 100
679 99
464 201
231 285
292 441
497 791
332 65
523 185
217 689
458 650
573 137
521 99
25 198
529 227
54 75
95 704
672 403
426 482
340 824
290 85
423 403
335 136
157 227
620 509
604 327
535 356
724 419
800 371
322 715
754 317
682 654
684 139
389 369
193 235
620 163
549 233
219 730
367 505
739 32
167 285
796 31
357 632
388 444
186 353
669 464
601 241
190 635
798 673
32 180
315 810
557 379
49 153
729 276
489 82
272 51
71 445
163 548
493 213
211 3
168 569
424 142
23 190
79 269
707 35
672 692
448 729
729 389
17 446
164 443
626 378
310 243
578 268
765 773
769 66
720 496
440 253
799 39
647 556
707 695
835 276
17 216
473 123
402 73
77 499
829 750
369 156
779 371
