807 2425
359 494
567 517
752 453
509 477
421 76
498 283
371 654
337 159
597 798
564 28
32 618
274 250
369 81
143 183
244 378
797 764
319 360
195 150
141 409
768 339
346 278
218 707
55 247
611 104
42 88
762 587
100 739
328 207
744 268
229 204
175 703
568 676
694 645
688 371
338 286
692 525
791 203
650 358
724 587
678 749
203 274
369 219
26 313
213 549
483 47
657 550
660 162
137 363
321 454
212 742
109 170
275 574
585 769
460 468
603 174
150 374
787 398
796 141
150 62
88 447
441 703
483 385
473 176
780 627
622 634
92 513
255 119
129 508
455 625
205 798
445 581
114 46
72 308
467 555
235 152
643 506
277 339
360 769
287 110
474 611
408 269
507 758
643 152
517 36
530 144
753 501
22 166
189 601
106 456
34 189
107 529
544 191
135 786
176 150
585 592
695 748
613 360
128 426
567 188
661 226
64 112
69 662
13 393
536 553
705 579
729 56
35 747
34 80
372 37
669 644
673 30
6 645
379 745
537 798
682 196
721 362
530 272
414 337
396 785
148 357
738 581
705 321
94 235
669 70
564 87
307 627
1 602
555 738
789 663
114 612
29 727
674 642
192 258
661 461
427 561
580 198
741 538
298 180
467 599
138 541
198 110
110 252
479 388
100 434
82 269
432 636
324 570
626 733
685 393
207 69
494 780
438 758
264 330
542 721
455 349
263 734
610 315
258 324
613 131
335 653
345 120
516 142
653 677
338 348
780 267
266 279
12 120
490 419
418 580
95 189
204 658
620 268
51 580
126 733
508 136
631 789
275 140
243 512
154 304
374 576
297 515
609 25
627 678
66 226
482 459
362 596
176 548
150 448
45 30
392 377
51 147
71 44
71 635
572 745
43 509
9 651
447 407
385 354
109 392
744 567
691 464
303 355
250 605
586 620
68 585
736 556
527 48
342 739
459 427
114 697
24 252
599 738
11 3
212 203
170 617
556 285
649 344
499 353
623 194
643 461
154 680
342 285
676 88
765 18
40 165
174 681
684 494
498 55
137 347
495 171
453 273
301 798
803 485
796 93
563 378
16 92
215 724
682 718
130 643
683 110
544 803
65 779
545 1
640 246
218 347
220 75
439 316
150 687
635 595
100 795
59 470
759 754
157 455
431 727
458 531
554 588
246 7
764 622
162 613
366 765
251 754
477 635
170 341
183 643
52 538
589 620
367 756
353 45
516 600
199 7
474 324
164 67
493 115
242 744
495 46
388 225
354 4
617 780
502 707
637 465
605 136
665 45
53 694
130 222
721 289
353 324
762 575
344 758
807 360
772 286
5 393
297 704
489 104
589 613
202 591
646 210
762 785
608 97
610 390
351 338
175 692
38 727
743 631
279 504
687 495
325 362
663 171
560 34
637 204
412 577
714 193
19 737
403 20
774 5
248 670
532 714
17 618
325 49
182 474
497 98
137 81
174 757
394 55
271 186
165 387
189 285
299 325
501 86
323 673
12 729
159 79
605 11
145 418
679 549
95 536
265 23
534 504
114 2
313 594
151 509
457 242
104 718
462 690
530 419
23 211
332 435
246 297
232 733
502 261
558 112
662 53
224 508
441 106
43 234
542 527
635 187
174 549
726 86
12 282
693 348
470 570
271 417
696 504
80 117
243 790
639 608
146 28
788 378
436 407
494 645
528 386
765 747
752 534
15 102
273 643
174 525
525 491
185 506
195 610
107 177
111 131
43 527
104 542
639 215
218 432
202 611
315 320
633 317
217 248
271 693
436 414
763 648
503 27
512 136
270 168
457 314
184 606
721 262
207 791
540 139
83 797
561 199
216 773
396 728
605 22
23 539
672 354
231 201
107 650
200 56
239 706
155 805
475 706
459 249
149 210
423 681
407 36
10 136
377 592
356 668
406 589
712 503
623 747
719 304
661 546
463 646
765 35
131 504
25 638
209 700
102 43
401 232
643 597
535 14
629 778
23 303
319 318
527 304
505 265
124 115
86 568
804 509
185 497
499 103
403 279
336 461
173 416
377 125
657 520
765 615
604 305
126 85
589 238
702 104
152 463
625 499
595 159
670 128
339 38
493 496
458 594
40 393
353 275
62 607
649 20
135 716
376 144
182 210
211 318
599 505
583 355
238 30
315 364
614 64
712 563
396 555
36 117
75 729
315 22
16 264
106 548
38 160
402 320
683 157
115 440
669 407
464 725
465 217
342 353
15 240
684 367
229 326
378 246
700 84
679 507
154 112
229 471
325 9
806 498
421 550
301 16
344 216
484 450
705 161
157 188
358 466
163 192
585 764
350 663
332 134
684 179
478 502
590 154
262 796
382 146
78 465
372 377
598 205
671 9
512 654
289 795
273 705
607 492
757 31
335 370
66 24
709 88
359 328
439 586
481 535
499 432
617 72
356 497
653 325
51 357
804 314
14 769
625 790
476 750
535 442
295 11
484 726
380 740
643 13
536 81
495 21
746 181
30 138
692 137
87 282
200 209
769 790
554 739
41 121
193 665
343 54
200 757
186 383
683 599
193 455
268 407
548 148
182 629
555 688
353 707
731 793
194 181
361 758
286 136
90 521
27 755
551 644
570 645
46 77
461 489
687 357
160 695
622 721
131 224
224 718
777 552
501 104
212 509
527 395
341 164
531 537
643 646
349 164
261 669
745 13
588 58
772 612
630 441
149 483
298 312
302 416
469 748
515 507
330 290
558 138
43 516
217 313
271 746
118 437
723 182
7 220
729 150
13 245
327 579
550 617
129 387
22 728
115 806
350 398
278 251
482 469
686 594
376 623
413 54
415 310
438 589
630 412
673 320
174 476
32 576
382 142
611 481
794 681
292 524
430 768
264 182
330 598
187 29
763 283
728 743
143 480
790 430
21 329
248 471
433 688
41 782
99 694
264 734
492 511
608 550
404 104
499 768
298 96
220 171
455 257
257 282
534 47
631 317
63 305
599 788
502 292
735 259
665 195
247 382
747 670
270 652
127 467
721 127
791 500
722 464
119 757
492 406
498 374
84 373
156 778
682 334
670 338
757 201
361 268
234 2
767 715
473 112
109 631
38 232
519 737
136 693
780 728
124 565
698 433
646 49
260 372
445 91
304 486
693 527
180 630
311 253
497 97
26 386
502 135
499 498
134 391
321 140
288 51
586 691
164 155
259 799
729 699
705 361
376 214
391 566
379 649
782 791
594 741
787 277
555 650
24 370
600 175
155 434
587 407
236 644
109 658
94 592
102 293
747 615
126 175
210 561
155 208
73 322
47 486
287 601
555 313
591 399
557 363
775 308
600 445
693 736
327 685
708 419
18 308
625 612
757 47
244 323
263 646
454 579
165 538
187 651
491 17
29 576
504 281
163 371
256 21
153 758
652 744
45 214
766 794
529 521
489 28
641 503
806 476
763 324
547 422
220 755
78 650
173 120
551 505
789 350
113 213
294 98
442 107
23 538
245 43
251 323
17 271
95 614
563 358
225 205
90 645
401 433
730 287
143 744
555 526
493 659
721 794
557 180
555 525
796 134
687 282
138 66
411 160
86 482
604 315
805 636
280 318
172 431
65 99
708 198
361 559
783 227
38 414
116 472
675 643
202 592
263 604
250 461
608 28
185 650
440 766
160 113
135 682
703 489
390 28
56 780
807 421
348 398
479 615
655 12
568 158
251 28
684 199
152 464
564 541
768 234
754 325
228 42
240 648
213 346
710 104
621 248
531 173
389 602
585 607
676 756
515 804
297 654
136 780
545 525
589 230
772 471
95 503
480 447
208 724
504 715
318 361
620 547
469 147
259 333
633 626
759 246
335 53
121 249
505 231
508 719
17 387
370 373
443 681
797 720
32 757
535 253
441 729
584 402
53 428
455 8
496 199
24 308
82 611
141 655
128 786
93 694
538 360
387 348
797 568
52 795
100 550
544 793
337 704
88 47
108 82
626 70
403 711
100 702
123 448
552 354
56 391
440 497
502 36
599 398
679 731
626 722
74 279
239 750
718 130
487 105
619 132
305 553
158 430
550 746
682 723
17 241
495 630
722 541
743 31
308 462
661 348
228 232
689 362
537 608
772 460
22 679
22 285
121 469
464 14
340 507
362 351
14 636
551 213
127 616
241 681
421 11
615 263
376 463
736 409
708 499
305 547
110 437
220 192
790 92
296 187
761 425
579 366
264 473
49 488
527 397
734 579
352 621
257 251
242 369
297 279
596 349
453 182
580 503
300 260
211 364
547 797
253 590
329 627
611 357
261 255
82 3
14 18
768 205
539 369
796 525
106 284
182 404
40 707
259 611
423 481
579 343
172 748
284 617
653 421
785 437
414 689
311 783
430 550
581 67
322 304
130 424
763 39
566 710
678 465
664 800
717 618
79 475
513 205
768 371
351 502
786 670
217 425
718 779
369 147
350 399
760 178
185 447
565 253
713 220
531 69
663 698
154 45
619 211
165 747
636 160
64 466
84 352
215 160
733 504
381 707
426 267
63 673
780 15
528 48
730 20
752 9
1 336
687 311
294 384
503 652
480 421
804 351
71 125
164 254
41 442
466 258
104 1
359 77
628 682
554 565
494 186
168 733
613 603
455 605
358 143
690 345
457 283
460 666
335 149
230 781
451 392
566 393
567 309
588 209
770 492
737 700
458 506
600 635
624 645
786 236
474 730
175 448
151 481
258 788
210 176
156 676
470 613
140 651
35 733
550 689
21 120
773 771
652 225
160 724
693 97
72 416
631 309
281 33
302 739
39 256
86 157
318 308
714 207
409 523
793 47
472 24
387 263
30 283
145 88
542 502
672 113
535 262
426 354
376 104
358 8
252 176
201 323
441 103
540 303
601 303
768 35
690 236
609 610
338 729
301 430
504 284
548 731
241 632
476 180
352 581
385 745
574 340
174 770
799 320
468 622
140 520
678 312
57 350
375 698
477 286
463 224
545 623
752 608
757 327
373 19
211 232
657 484
801 598
396 110
364 544
509 585
184 379
672 244
30 97
537 713
517 488
258 551
260 266
620 794
181 349
183 585
117 453
709 513
489 257
75 394
719 472
154 480
245 668
172 32
72 553
399 40
704 483
760 512
256 112
230 270
175 507
198 359
555 520
462 262
375 46
396 403
474 464
242 289
633 695
61 166
559 155
745 59
528 581
105 38
415 206
435 337
719 587
209 697
56 746
1 63
80 426
425 564
746 656
504 219
694 197
109 486
444 90
563 180
583 73
512 129
126 193
187 664
304 225
692 394
415 376
414 752
163 637
419 176
627 631
573 527
760 234
728 19
9 99
1 589
74 141
271 179
697 726
596 303
333 76
444 510
267 745
622 103
240 786
664 323
264 572
135 156
105 729
71 259
532 190
227 74
464 616
376 325
52 439
35 799
460 532
94 677
168 518
384 76
117 242
335 47
73 655
280 111
728 195
139 321
358 87
713 511
15 68
537 342
20 430
704 289
479 11
673 396
468 760
15 245
287 751
422 217
425 670
326 659
536 126
506 294
518 647
297 468
595 733
62 259
570 250
269 219
548 749
63 484
309 324
402 550
554 187
19 295
193 692
478 176
252 319
461 40
276 226
260 100
764 789
122 456
134 740
84 569
405 480
534 431
512 258
153 781
800 714
219 175
231 124
513 683
75 326
597 469
284 458
768 263
41 593
617 754
543 341
254 129
571 193
496 351
793 516
338 347
85 456
116 21
349 121
647 253
498 235
483 718
601 221
698 150
35 643
342 525
169 73
464 310
325 763
541 594
669 541
156 752
340 578
768 88
489 790
255 719
1 228
480 325
3 495
676 779
91 800
454 260
222 431
574 192
315 373
10 688
193 187
771 284
663 449
465 795
356 672
584 57
110 752
290 617
437 59
333 506
473 41
396 94
215 545
165 220
652 802
94 221
277 286
777 733
482 35
47 530
90 499
317 360
696 687
780 786
201 189
251 292
636 185
520 416
401 166
695 161
393 636
90 700
358 340
243 622
697 660
292 546
538 333
598 212
341 373
144 420
181 374
555 28
98 695
62 433
797 247
653 285
164 353
587 284
465 567
393 613
394 730
465 576
235 791
454 610
610 354
647 573
541 389
546 730
160 566
31 134
602 543
236 507
308 536
648 715
528 290
588 476
233 785
76 700
256 701
468 341
624 798
611 429
43 474
482 633
213 273
772 650
610 381
244 630
500 514
659 613
456 19
426 318
419 572
576 650
387 583
410 492
555 357
774 444
375 617
672 689
547 649
126 671
769 647
496 408
186 627
560 199
23 729
173 488
14 414
551 70
175 137
750 681
690 39
741 490
281 516
656 387
182 736
163 350
163 552
43 725
392 753
11 658
605 358
68 228
789 725
86 271
694 722
457 658
223 707
101 616
660 29
103 206
234 452
474 232
479 433
219 297
111 239
344 123
515 478
628 640
388 278
154 618
5 435
269 21
35 238
291 120
151 618
267 451
451 382
666 785
131 93
599 473
654 668
788 84
770 755
773 273
684 295
559 545
28 610
654 474
430 623
529 340
56 588
698 135
794 217
334 278
9 704
434 79
715 34
551 109
55 695
723 98
317 343
501 490
546 761
469 583
642 4
55 548
276 183
745 399
674 94
216 229
548 635
346 450
606 43
326 692
280 567
62 697
512 727
18 579
165 688
441 159
119 183
48 471
456 530
553 388
275 288
59 2
294 730
460 233
341 90
570 608
2 309
451 678
784 308
125 398
200 59
494 457
757 595
782 499
696 165
71 231
74 345
240 412
781 782
404 28
482 226
211 471
675 187
511 392
425 548
80 132
794 535
688 62
750 129
443 297
135 616
269 343
664 422
517 788
546 800
343 634
453 545
486 733
35 631
183 599
187 71
703 790
147 764
397 266
589 672
791 606
447 533
557 792
192 185
411 220
303 160
307 37
697 800
661 778
25 130
498 648
48 690
269 161
307 82
646 156
280 699
88 364
409 89
727 745
103 606
488 328
276 228
541 582
701 630
545 262
374 680
448 671
231 241
252 90
574 742
221 59
547 503
484 796
54 709
445 643
541 430
101 225
604 517
590 464
133 763
209 523
36 62
736 581
327 63
679 170
348 192
496 654
408 149
281 137
83 478
233 731
160 630
455 411
5 344
483 478
439 18
386 154
151 548
452 562
54 176
494 492
443 785
777 94
299 654
355 509
374 91
249 490
221 412
187 219
323 779
696 217
494 149
408 598
106 642
286 44
609 343
114 613
395 371
13 572
432 768
458 768
711 370
311 349
104 365
70 11
330 787
44 513
465 604
48 9
735 672
758 470
767 602
26 785
633 47
217 535
253 731
15 748
384 373
112 586
792 412
429 784
708 592
35 60
790 267
169 339
634 121
546 400
673 280
178 483
58 573
221 31
352 466
274 276
351 652
603 133
71 182
719 177
187 448
218 214
429 67
748 525
126 578
382 125
404 775
177 443
506 467
589 630
383 454
298 342
424 322
294 637
562 600
119 342
301 335
69 179
92 372
628 678
480 707
317 549
302 278
512 801
507 33
307 444
519 45
25 793
725 675
100 717
199 188
659 13
327 572
149 530
543 253
728 93
194 476
110 626
23 174
132 542
429 350
435 75
271 58
112 401
404 567
404 108
563 327
449 496
323 459
551 516
453 761
771 370
274 787
388 568
342 212
236 500
313 31
173 794
134 544
690 209
230 670
583 158
491 206
572 794
484 426
323 291
382 180
271 510
354 471
373 351
106 375
24 740
162 37
402 628
129 671
539 247
398 236
231 347
567 669
52 1
148 426
536 472
442 75
79 146
744 374
525 137
87 210
247 349
578 671
216 580
418 492
557 84
779 659
394 8
713 440
657 307
91 462
628 290
556 525
466 29
658 265
487 315
699 457
415 114
302 1
268 429
71 440
276 477
259 383
23 608
725 400
502 107
491 480
271 602
555 234
630 674
99 205
529 286
61 780
161 335
71 147
662 71
426 791
319 650
286 315
327 111
404 802
671 507
613 523
18 425
53 491
293 609
774 431
708 423
505 369
225 542
75 252
557 529
577 776
479 40
167 526
55 99
440 451
166 503
498 73
609 349
541 459
102 591
729 361
325 158
570 344
805 735
679 352
658 29
1 806
551 298
790 614
613 279
650 705
291 557
238 658
427 55
542 369
194 387
488 594
784 175
401 219
38 16
431 279
300 129
763 123
525 771
123 408
74 181
315 324
670 147
451 561
398 668
116 419
546 670
103 562
755 524
683 181
129 86
353 800
520 564
617 102
563 661
675 463
604 319
660 739
789 306
276 191
296 576
23 535
634 73
673 161
145 282
60 422
725 633
692 374
657 391
415 403
453 551
198 329
517 472
122 604
118 7
47 9
195 711
418 772
271 154
241 5
373 512
137 271
264 385
730 195
713 9
132 274
498 575
338 373
75 606
86 20
507 39
633 613
206 121
174 685
360 691
544 700
750 30
383 174
365 591
196 375
480 460
264 115
66 163
67 51
268 496
622 419
365 736
21 211
411 558
232 588
270 359
57 525
596 19
64 484
486 634
693 626
562 231
59 41
789 762
593 604
227 151
363 154
348 91
439 635
334 553
264 549
36 61
469 47
677 458
308 355
403 657
731 549
788 773
661 359
555 172
336 230
482 582
619 580
188 299
569 581
550 42
57 647
367 60
421 569
34 59
734 621
627 104
60 145
794 436
545 539
15 257
456 670
517 591
167 401
119 774
465 411
598 95
193 609
85 120
359 52
552 184
570 187
517 427
150 113
209 353
748 658
344 610
292 345
45 555
444 389
286 480
107 325
680 171
793 263
760 153
161 189
200 389
418 324
240 359
115 648
630 436
408 552
643 437
349 546
691 417
285 752
494 261
778 262
262 639
13 571
456 573
660 806
710 169
659 102
170 377
800 453
547 742
507 421
752 313
399 430
146 254
240 690
97 31
334 732
647 782
265 532
529 327
241 549
334 335
56 623
140 407
24 288
670 386
247 750
287 369
307 152
73 368
645 64
560 403
140 163
555 709
388 676
43 515
544 615
762 290
374 548
369 6
807 637
26 793
274 606
785 103
591 240
571 690
36 228
555 796
663 329
591 796
540 207
559 93
386 401
504 492
573 397
185 74
595 220
382 758
246 604
137 56
798 338
399 101
383 232
150 140
324 151
92 404
410 47
251 148
396 667
687 752
43 29
23 596
501 292
763 612
184 458
705 120
486 92
213 764
505 255
328 799
58 770
332 388
797 206
266 477
720 601
529 782
344 756
701 520
481 567
478 643
559 670
74 664
394 377
144 246
591 233
253 49
463 47
636 741
541 491
621 370
608 215
180 531
143 563
610 206
519 34
9 433
482 368
9 96
389 671
502 312
322 233
33 311
252 189
234 464
270 121
350 726
757 361
61 247
796 385
798 126
195 538
514 443
805 232
674 787
136 513
207 123
378 35
159 689
807 69
225 554
390 590
758 141
417 248
476 80
262 447
669 576
50 400
507 164
770 482
771 496
754 616
694 590
130 622
291 704
624 13
45 160
80 124
263 176
160 489
159 702
535 658
378 100
244 492
188 319
246 109
108 697
740 54
9 479
796 666
194 398
231 328
414 779
200 771
633 325
262 321
711 260
548 186
471 213
683 287
133 572
542 617
382 174
699 175
758 336
86 40
241 17
224 183
740 586
620 480
792 188
367 678
726 107
706 323
568 117
272 492
678 403
19 754
83 423
456 339
309 223
116 786
498 254
435 220
402 495
300 678
127 159
191 364
251 682
657 99
532 296
2 312
386 452
5 488
618 350
157 114
805 711
441 421
206 108
528 367
291 501
453 573
225 761
420 509
536 505
558 368
743 570
445 467
344 277
486 545
663 256
777 612
689 141
567 164
92 68
114 217
298 784
264 640
472 547
784 37
425 403
279 306
320 348
643 480
572 119
223 656
11 769
660 772
292 715
708 179
285 414
380 599
733 85
53 776
25 14
188 622
561 460
245 497
639 192
313 625
616 374
753 376
680 40
807 464
479 547
578 357
335 527
174 797
599 153
648 519
495 469
465 287
160 624
224 12
116 80
764 708
624 158
203 470
354 557
407 277
407 655
730 583
217 214
128 578
238 572
649 398
101 230
637 404
432 456
88 410
242 329
299 207
425 526
544 232
563 52
804 199
578 597
100 433
104 393
385 720
342 442
365 431
103 138
615 409
492 361
761 267
548 561
505 96
257 5
406 125
523 493
178 500
368 5
683 491
616 800
29 21
88 591
256 74
130 226
496 473
282 691
690 567
487 288
426 106
727 622
569 226
73 325
788 15
347 297
574 77
760 9
138 806
194 755
429 376
730 794
697 646
717 48
705 552
84 328
47 408
311 627
535 158
374 74
333 109
759 266
120 390
434 465
362 719
491 87
56 35
511 589
701 397
479 99
615 488
448 631
50 74
18 35
256 365
44 620
208 701
410 668
502 51
69 628
141 299
7 84
767 9
606 308
499 271
465 792
338 115
723 519
730 7
95 326
118 312
564 597
730 406
307 548
288 562
567 322
309 643
478 485
244 488
217 727
554 11
591 761
647 774
745 214
375 567
416 235
680 701
770 108
742 133
84 205
801 547
556 57
556 646
803 656
201 439
762 782
708 326
413 425
732 535
719 267
150 714
778 417
211 583
33 768
219 32
313 350
777 239
62 99
743 6
194 427
642 45
71 645
796 396
81 591
417 744
798 13
145 329
146 89
632 421
562 593
174 635
583 304
215 178
452 131
698 272
583 383
462 476
724 567
391 341
598 663
341 192
496 508
41 554
27 465
62 447
415 661
400 242
734 397
774 553
208 778
545 346
712 800
550 291
185 91
277 778
764 161
507 349
750 508
515 578
730 575
792 676
463 785
731 334
799 568
385 191
727 60
450 8
620 272
203 158
751 609
368 86
481 680
405 805
563 343
213 653
767 42
472 468
290 103
330 427
796 362
180 650
604 719
572 467
352 334
482 507
688 562
