842 2825
659 402 830
468 192 521
353 126 187
26 574 3
143 212 412
662 794 126
647 252 538
577 214 650
473 109 649
270 469 365
80 567 924
206 783 620
414 191 251
414 596 982
270 365 4
507 182 547
580 304 922
715 369 247
389 573 700
199 179 476
321 37 630
727 390 312
756 736 749
769 213 750
608 490 354
83 152 320
332 22 614
498 599 508
415 341 102
654 593 354
141 8 593
600 347 665
288 162 275
319 655 143
351 565 375
812 490 145
777 105 380
12 785 709
396 394 197
352 487 278
119 53 682
442 839 212
292 66 126
569 674 309
365 270 92
129 746 818
637 772 900
201 142 224
294 223 823
807 424 703
398 547 408
628 749 360
384 61 639
710 253 868
543 464 239
688 436 637
240 809 404
330 553 887
434 619 424
461 716 24
464 687 971
192 57 900
5 311 65
389 811 129
51 765 352
280 173 154
586 702 885
529 426 44
824 404 601
711 339 569
33 77 974
461 802 492
432 443 726
493 511 444
725 566 42
453 312 714
704 410 878
221 542 468
593 681 241
336 262 763
271 202 741
182 10 947
358 347 699
739 69 830
631 108 708
729 466 395
64 233 50
311 665 733
671 585 359
755 66 209
820 646 409
630 430 236
168 734 121
471 179 461
413 443 988
29 447 373
721 700 343
326 542 651
17 546 871
523 418 478
387 808 879
723 183 867
35 162 522
636 204 459
453 516 450
558 484 930
157 558 414
578 756 236
710 821 973
697 788 684
572 760 955
432 523 717
259 708 947
315 551 11
195 468 153
589 673 694
646 579 391
215 447 179
24 230 576
321 105 900
723 479 33
270 439 578
250 173 268
287 670 808
380 679 948
133 86 556
353 307 237
422 332 644
581 818 575
265 818 567
224 389 487
453 185 655
533 549 145
146 593 539
123 376 476
427 496 729
58 199 730
711 349 622
49 135 470
695 224 40
7 134 481
583 217 52
52 2 214
228 794 679
725 308 388
768 144 661
807 768 620
163 65 817
260 247 387
333 529 818
403 608 950
496 205 409
197 283 240
749 135 254
593 207 476
798 816 751
320 653 173
506 212 539
733 556 611
406 545 425
584 89 932
368 642 163
818 129 865
502 95 784
784 130 389
724 615 232
303 108 553
315 314 565
699 55 200
62 131 686
731 250 570
99 138 69
477 578 360
356 521 139
797 509 575
679 595 356
539 133 311
46 148 28
546 25 418
295 190 201
233 334 492
147 316 578
203 684 956
616 631 227
385 748 21
49 5 736
250 224 593
479 477 301
556 164 744
393 249 589
498 629 785
678 315 722
595 170 515
282 530 499
492 832 399
526 484 107
225 538 149
725 366 353
364 662 99
461 778 425
223 595 962
634 576 308
419 270 424
714 138 937
556 372 825
447 747 433
522 614 924
166 244 80
215 163 409
818 150 874
26 234 146
542 712 327
206 779 829
325 291 240
11 472 744
71 792 287
570 47 257
580 535 66
355 195 934
531 790 234
665 544 474
395 214 584
62 606 671
265 14 695
325 437 422
541 62 931
415 114 874
644 91 831
533 526 466
93 248 606
510 203 814
137 724 625
69 452 929
482 514 353
322 559 513
556 345 880
744 501 655
799 617 668
40 234 556
292 695 366
437 409 501
720 410 94
444 183 147
382 724 42
55 837 73
573 462 865
537 351 579
369 772 263
29 72 984
555 734 978
804 715 644
797 66 19
329 354 32
539 589 615
215 616 198
411 392 200
514 760 168
385 417 400
342 91 70
2 572 292
688 669 456
533 427 739
222 426 698
410 709 942
739 599 844
807 330 787
460 464 586
751 839 313
472 542 894
758 512 564
252 750 362
543 289 234
306 833 96
115 708 384
650 291 395
802 417 629
836 307 890
308 606 709
385 670 522
704 490 87
168 436 780
44 502 644
232 387 38
588 672 113
437 776 798
621 795 662
56 367 980
572 726 687
624 264 235
353 118 327
244 829 468
841 446 273
91 344 480
286 733 233
226 509 936
510 484 260
818 518 968
332 307 280
766 842 725
835 729 98
27 200 874
300 37 353
767 799 793
393 548 424
272 521 636
377 210 437
96 271 834
771 344 255
786 11 675
662 142 941
104 795 89
471 548 604
231 361 102
311 802 938
319 62 240
76 685 97
509 375 488
705 228 938
175 832 22
715 180 229
651 714 357
402 38 473
336 431 943
408 221 330
497 218 148
212 703 195
582 385 10
191 747 515
51 660 737
120 35 33
634 45 27
378 243 732
638 25 177
396 199 179
429 747 637
436 577 536
242 570 522
668 237 554
250 99 5
841 682 375
738 472 179
730 766 394
151 298 188
598 619 168
685 782 710
613 137 464
594 603 383
174 756 503
34 176 426
609 736 224
518 582 180
667 842 114
715 29 989
195 364 679
628 319 424
69 60 746
135 515 472
52 479 713
271 214 893
420 590 155
300 65 498
302 456 801
596 694 558
518 421 179
302 234 99
205 336 135
734 597 337
602 453 71
231 543 821
201 369 970
476 525 272
699 35 156
819 480 414
584 38 119
162 121 109
549 449 504
143 757 468
333 681 336
157 128 349
212 554 172
500 151 42
308 6 398
168 600 698
469 243 312
307 472 63
596 440 47
239 640 469
377 356 514
576 602 458
616 155 669
628 639 116
504 672 272
204 676 22
408 655 760
437 288 203
273 548 55
668 747 501
4 681 886
474 231 97
518 28 120
178 55 860
173 542 971
367 101 733
793 769 820
517 395 312
475 617 882
178 394 232
807 635 901
488 122 949
293 813 959
486 64 114
199 175 115
374 776 376
797 590 703
778 588 573
763 754 851
262 210 871
250 147 986
488 19 423
658 469 587
395 294 568
580 433 623
618 220 334
678 171 14
356 64 71
242 747 600
66 110 343
440 266 278
78 315 758
376 488 930
15 832 247
293 29 552
558 517 169
233 224 116
788 782 189
225 55 665
313 388 511
706 689 249
54 270 448
134 743 749
498 368 795
302 189 691
793 192 537
669 345 700
129 111 963
348 559 981
586 23 956
750 168 227
190 70 765
176 700 17
668 78 392
329 176 502
680 185 202
316 122 620
491 418 354
515 576 111
562 639 758
797 541 469
512 341 757
401 647 981
90 330 206
563 478 63
505 588 200
428 581 460
29 831 383
384 472 200
58 169 131
733 319 586
754 773 723
662 609 501
323 526 959
786 237 692
808 461 759
60 389 440
519 333 846
839 427 477
776 590 34
196 240 460
602 277 334
355 3 706
288 601 561
267 149 429
143 282 926
325 501 358
534 413 519
435 525 771
298 67 843
723 677 757
825 306 861
291 144 522
87 531 283
725 132 735
500 712 550
193 835 837
548 775 482
717 133 364
213 248 399
380 311 722
559 806 175
414 41 760
805 253 736
549 101 6
816 312 451
579 673 654
191 317 959
146 813 742
641 832 513
402 561 798
841 498 487
566 53 992
811 572 524
64 445 802
542 454 8
785 382 397
642 662 471
152 199 648
350 779 612
344 62 188
384 27 772
140 390 95
269 836 202
786 93 873
305 149 751
42 508 912
793 787 474
394 6 291
815 264 83
374 463 498
218 442 309
125 203 842
19 225 75
556 775 281
433 723 54
97 723 127
783 230 829
407 422 497
625 591 199
780 783 403
281 52 366
472 785 543
497 310 796
375 409 105
168 410 617
802 794 762
758 579 427
150 706 183
108 355 606
676 112 848
722 780 219
193 258 199
497 499 481
509 497 407
793 308 392
300 221 512
480 561 770
663 641 922
335 669 648
520 550 273
677 686 131
813 778 477
452 96 595
152 321 591
107 148 162
174 735 374
688 810 705
686 101 275
370 633 773
501 8 436
302 590 442
529 213 763
510 590 755
132 624 979
796 66 527
153 105 316
310 454 626
264 627 232
350 452 532
244 8 928
130 734 973
14 565 422
713 327 532
199 752 466
618 191 413
632 786 459
556 198 552
229 747 580
341 22 596
756 262 947
564 726 6
306 52 135
294 151 965
481 47 738
70 227 151
62 54 510
55 242 164
302 776 761
5 554 283
381 653 599
763 772 727
191 621 761
569 434 597
407 819 732
282 499 187
743 632 386
646 135 104
27 475 865
442 410 495
233 309 289
9 312 838
824 142 68
590 406 277
588 82 976
451 486 34
803 113 968
643 809 416
189 596 761
566 592 111
232 545 189
397 494 34
33 734 349
170 589 58
586 173 223
637 483 434
441 842 770
611 26 252
71 416 513
646 122 724
348 124 520
222 620 739
302 44 526
6 52 231
202 232 693
633 282 640
68 375 774
355 549 710
11 313 790
541 717 417
183 83 822
47 557 749
726 266 446
823 388 131
461 61 600
420 556 391
301 580 207
711 469 555
749 336 213
842 673 703
103 317 17
243 562 14
507 338 923
773 185 651
405 320 447
48 312 536
371 647 656
452 154 1
334 646 770
188 199 442
185 353 33
647 209 773
255 600 432
273 331 978
144 121 282
822 33 820
80 370 56
706 61 237
321 19 460
757 583 54
24 708 515
72 433 810
515 103 643
614 574 123
183 772 291
376 96 216
702 515 453
316 288 8
835 384 421
308 122 486
37 285 621
568 405 742
800 19 691
481 457 40
637 359 172
717 760 260
818 627 757
727 238 92
274 405 198
50 62 718
66 120 111
682 441 824
638 257 765
367 397 237
207 759 496
595 14 822
319 199 819
734 337 979
308 720 5
792 572 131
328 522 125
9 557 143
718 772 119
295 236 473
607 285 551
421 362 698
255 582 633
129 255 337
483 435 88
358 354 290
656 183 941
725 500 872
90 132 848
144 360 743
341 627 987
635 650 583
753 96 243
329 169 375
410 836 292
183 512 944
840 842 384
624 838 5
90 505 241
75 382 534
241 606 784
695 411 754
802 373 587
707 120 599
202 183 868
709 108 506
622 697 948
249 679 262
614 748 38
40 637 102
72 81 856
39 237 201
665 127 847
130 296 252
755 541 459
700 823 939
34 256 767
50 307 137
737 431 642
679 673 291
490 210 165
663 303 395
811 712 960
201 647 102
42 433 650
735 549 849
640 84 415
564 416 152
359 131 207
210 380 65
750 489 512
497 246 682
304 806 864
443 523 213
150 441 400
391 48 503
146 493 968
680 288 993
595 52 623
433 132 624
378 87 12
364 689 927
405 64 766
235 793 829
154 203 540
89 3 362
309 248 722
90 192 692
18 331 123
802 153 90
278 736 500
721 320 591
183 461 412
372 412 77
280 428 99
553 840 929
195 788 896
709 715 748
469 664 240
180 757 693
840 394 293
700 702 770
215 614 672
211 7 248
2 556 53
331 556 312
655 172 331
351 661 809
365 219 846
722 287 686
785 640 454
761 387 62
594 467 977
756 563 70
147 783 997
608 839 369
257 506 706
303 124 655
422 210 123
121 815 627
266 229 340
351 280 494
120 422 859
13 637 59
89 614 684
58 244 462
471 32 697
716 511 80
690 312 44
263 143 351
359 651 816
603 323 34
380 270 259
376 205 843
210 527 590
240 650 733
142 568 808
221 31 432
3 244 735
687 631 627
655 607 892
603 712 993
380 346 460
451 779 425
389 757 928
382 773 768
228 476 931
69 716 693
111 591 431
92 526 490
75 591 983
648 486 466
2 407 390
761 376 177
219 265 307
196 536 89
58 176 341
372 432 150
112 736 459
672 611 107
716 248 361
134 301 626
842 781 708
380 21 752
221 226 663
787 81 567
422 301 607
597 495 137
316 297 901
435 471 119
162 331 323
566 578 754
116 662 704
836 461 967
633 364 821
39 641 178
96 218 113
352 837 571
257 340 528
265 100 239
10 395 541
235 653 640
312 178 631
196 253 725
463 69 498
249 561 795
805 171 316
680 579 118
471 314 949
812 695 763
493 335 231
824 407 722
308 78 946
102 636 172
229 299 699
837 645 276
841 559 488
618 21 890
152 782 46
653 255 505
43 781 494
398 825 888
264 204 930
468 613 597
52 223 370
521 567 764
42 563 854
314 525 835
233 334 438
593 483 1
587 129 79
354 92 706
370 395 896
377 1 447
541 229 869
105 83 23
656 3 318
193 810 597
392 556 370
403 645 102
54 550 408
224 558 559
731 247 860
728 163 767
298 568 473
374 418 126
340 177 67
496 655 41
282 838 393
407 435 774
380 658 381
34 575 169
287 750 923
312 687 86
243 510 147
833 508 276
175 451 469
425 382 665
42 581 958
407 575 976
641 410 257
460 39 108
481 544 750
20 207 836
378 10 449
677 160 407
114 818 63
586 834 81
778 687 889
697 653 957
120 449 493
497 110 358
137 584 538
33 432 269
604 824 207
789 213 187
808 489 281
776 203 617
32 773 106
674 190 4
707 160 608
135 694 941
611 210 220
104 676 791
842 138 951
74 262 734
312 186 861
503 39 640
419 541 907
508 732 204
107 751 73
263 221 502
529 375 257
812 556 864
33 812 466
556 469 369
622 688 129
229 785 91
499 128 333
262 28 614
232 532 245
594 766 882
177 75 688
354 7 469
653 169 280
71 642 14
565 438 979
414 262 802
750 323 525
825 167 618
721 818 774
755 216 82
332 783 661
102 644 422
46 157 569
673 600 604
675 392 686
122 554 656
772 836 774
283 169 680
445 367 402
374 373 877
246 402 522
123 340 264
792 326 316
614 251 976
260 757 231
568 523 75
595 243 32
72 41 878
301 519 869
38 829 390
32 806 26
519 788 423
276 639 782
224 549 270
372 431 666
126 183 410
365 293 919
724 391 842
405 457 658
459 395 537
674 4 946
388 708 29
272 386 763
257 164 416
434 608 791
493 38 665
95 166 189
92 505 320
654 679 787
180 765 859
748 94 432
659 178 356
512 489 242
257 245 916
361 440 940
741 677 585
736 739 677
265 709 862
789 54 914
577 726 293
639 442 254
368 426 957
274 275 467
485 332 833
304 389 555
81 593 300
438 166 170
741 267 852
363 526 727
804 175 47
518 769 182
747 47 758
632 40 729
805 461 545
709 561 855
330 440 538
289 211 726
253 125 193
658 493 149
371 220 514
176 301 216
444 74 659
186 273 909
258 315 916
441 397 689
619 530 555
138 513 523
684 29 372
674 48 932
248 674 709
777 663 857
251 748 533
581 302 792
617 289 52
672 228 376
176 563 960
217 336 20
447 688 930
41 217 939
614 751 563
673 176 244
147 781 212
485 585 779
494 363 709
566 19 732
613 702 941
296 480 550
31 15 101
135 601 479
833 366 508
485 361 699
195 501 339
410 731 837
289 595 327
736 382 640
754 567 18
656 713 641
175 362 693
691 70 112
763 503 537
489 75 44
428 375 24
416 252 278
752 348 73
637 52 227
317 100 442
701 453 95
661 486 589
730 395 155
637 120 216
648 112 172
772 834 159
68 654 344
241 518 86
409 532 849
239 678 60
95 22 119
530 203 412
528 215 917
685 451 790
481 485 740
746 828 841
188 615 637
102 342 997
804 128 351
497 661 518
262 285 519
208 68 771
212 211 629
831 653 362
506 733 888
162 301 855
503 226 824
560 812 446
198 726 111
155 749 312
166 573 623
360 804 499
293 16 903
396 9 428
508 723 817
427 786 460
289 356 542
475 523 613
730 802 416
496 70 519
148 491 326
135 536 177
148 828 37
132 395 944
28 412 435
425 117 765
660 50 190
620 568 157
304 76 524
37 618 458
277 27 480
564 341 377
543 599 833
602 681 569
440 660 733
227 667 769
489 695 118
130 572 527
572 782 311
612 94 128
260 285 895
482 755 303
189 568 540
345 50 753
444 408 792
148 645 565
649 761 886
563 359 328
601 792 689
109 242 326
426 737 249
380 412 649
423 536 80
247 600 324
376 312 66
242 196 122
741 40 726
558 500 10
387 62 3
436 100 356
592 780 563
510 513 733
355 579 307
286 658 587
272 370 44
285 467 871
72 365 722
720 477 888
279 396 467
331 444 101
441 726 223
793 171 43
174 535 229
412 318 153
436 826 198
365 31 762
14 775 461
360 270 439
492 9 789
470 462 556
284 652 450
643 441 901
117 464 879
57 365 93
315 679 929
612 323 53
461 600 568
576 236 619
364 23 135
42 740 874
383 435 780
426 127 393
101 87 679
743 460 739
815 206 684
331 532 273
237 29 939
520 452 707
803 821 740
213 511 319
746 99 194
317 291 979
123 435 176
184 675 762
113 816 549
560 87 72
828 29 228
553 572 457
370 231 176
721 750 496
528 388 960
319 632 137
420 248 279
512 607 613
456 746 211
803 836 740
412 814 934
122 220 999
344 29 317
795 92 792
256 634 153
734 814 36
47 365 53
37 654 824
162 159 414
460 401 352
499 761 260
145 243 518
350 496 942
70 463 576
439 761 536
823 637 703
191 621 848
24 385 694
252 7 681
434 181 853
15 65 629
554 308 489
346 683 808
59 364 182
469 360 371
531 239 719
237 160 651
661 607 361
290 709 981
219 577 458
135 538 872
801 289 842
752 117 810
541 12 654
132 385 46
145 211 554
831 57 962
366 569 186
330 69 124
813 701 746
27 250 472
374 20 754
656 77 18
362 400 162
822 636 352
172 70 295
543 176 530
39 522 612
496 355 191
456 806 41
624 591 741
420 790 907
527 797 950
55 748 921
366 150 628
784 268 749
150 832 509
108 686 363
108 460 432
154 206 21
145 737 953
268 794 602
611 616 606
407 510 687
606 38 694
833 256 275
210 70 596
182 143 606
654 641 317
741 371 874
639 671 585
743 555 514
731 35 963
832 494 810
559 749 243
216 60 281
825 500 294
623 235 563
760 674 905
218 646 448
584 157 548
207 242 498
504 240 774
744 101 148
434 655 588
829 582 962
183 518 146
86 321 31
408 668 720
426 590 149
707 50 28
24 276 656
798 565 951
406 607 700
842 761 213
212 792 45
344 347 275
10 292 510
511 647 511
611 428 953
357 97 934
202 790 967
408 502 982
18 836 159
256 168 556
82 137 643
541 157 946
737 322 786
543 269 390
42 481 818
541 74 795
617 198 730
426 304 953
263 762 789
444 409 610
430 605 213
837 818 61
400 424 8
442 282 778
806 311 762
684 151 913
810 164 670
12 542 996
474 108 154
644 96 25
716 334 62
758 373 426
338 112 436
486 243 495
402 10 998
171 743 556
416 62 362
702 698 367
490 357 892
466 721 420
188 242 242
266 701 759
530 683 598
140 76 159
172 648 781
205 549 922
799 685 655
631 781 973
388 631 405
83 645 393
143 820 827
122 214 90
382 802 405
104 54 493
841 674 802
655 602 311
335 716 31
407 166 132
318 743 68
456 509 57
673 783 601
300 753 356
348 365 717
222 485 814
744 728 494
394 755 883
47 483 256
460 820 685
298 520 731
619 137 187
480 129 234
666 683 917
207 692 60
825 323 124
646 11 42
38 576 788
666 380 112
558 780 392
624 574 14
780 316 719
614 533 589
174 67 22
375 14 400
632 438 700
49 534 57
105 755 200
757 72 772
635 612 227
595 608 934
78 574 34
501 657 321
535 388 338
627 39 884
505 189 534
82 280 33
817 436 757
301 253 923
216 179 600
299 531 753
705 98 807
840 423 509
357 454 809
837 1 434
712 121 701
402 689 294
280 296 160
427 182 259
365 701 26
84 192 692
154 158 921
115 792 267
208 332 103
803 239 589
777 835 849
37 696 845
615 658 84
595 246 88
80 339 674
806 619 216
54 799 445
387 764 140
741 165 180
336 367 389
466 262 726
683 793 784
458 800 141
422 779 951
704 582 639
73 345 713
617 634 95
169 702 258
396 601 824
462 693 142
232 328 483
503 790 280
218 779 885
620 644 397
64 120 830
446 148 622
757 569 841
509 353 909
206 749 32
44 718 884
199 449 391
665 226 431
763 474 399
681 471 840
799 289 387
311 611 51
198 753 624
725 301 106
588 211 280
840 371 798
624 539 580
76 385 155
532 492 790
178 523 774
51 460 805
256 360 735
406 422 258
263 245 898
377 582 87
392 187 939
683 618 170
825 415 660
691 211 332
132 169 904
121 206 78
535 158 7
786 651 888
381 7 470
203 408 351
438 41 84
335 336 396
76 775 592
368 268 694
247 187 351
486 179 551
739 92 824
803 257 388
380 122 951
36 413 408
552 546 260
80 220 437
788 1 415
448 318 380
650 630 392
539 150 539
181 470 451
588 623 788
686 492 656
201 656 123
429 103 674
134 568 336
641 723 933
183 533 459
775 434 715
645 93 949
770 213 290
197 742 932
484 162 1000
312 823 495
515 585 839
33 785 766
659 112 261
537 606 800
185 555 79
705 510 669
171 29 540
370 271 254
206 138 91
266 283 149
105 227 869
643 111 956
535 155 18
70 645 4
303 683 667
222 510 486
128 368 642
573 675 57
334 116 123
304 211 655
93 106 622
626 93 730
481 444 108
467 839 365
561 701 243
111 525 899
235 125 298
243 70 977
77 755 558
400 220 642
397 189 306
205 753 793
457 729 444
703 511 691
395 836 109
9 446 132
340 614 158
337 107 354
734 213 755
250 399 826
266 615 921
356 797 1000
478 606 199
248 735 226
695 643 836
671 640 149
481 298 999
115 828 767
46 110 986
706 588 446
806 603 173
289 559 33
218 431 511
494 818 993
226 819 25
381 660 444
470 808 156
509 785 880
411 220 106
496 704 424
555 576 899
263 155 229
472 297 999
195 45 565
10 12 444
590 318 839
170 660 690
437 658 350
60 737 180
602 297 513
324 402 497
734 255 366
284 640 146
433 589 869
207 298 802
435 160 977
464 539 262
776 314 603
171 401 910
294 242 647
217 119 970
111 173 794
389 815 99
120 473 19
92 485 452
643 17 926
269 209 988
765 439 601
584 351 359
410 760 370
774 234 163
201 635 949
806 834 132
89 726 917
681 313 49
533 273 506
520 399 746
497 815 383
713 324 94
698 358 969
443 48 528
322 371 327
823 802 540
364 15 535
734 830 709
322 409 42
621 270 507
373 430 796
27 519 829
45 154 360
191 40 447
656 752 824
329 788 687
563 227 786
610 746 773
698 271 373
137 829 89
703 466 995
363 206 636
302 535 789
497 43 949
6 314 312
749 414 776
668 402 359
807 148 377
51 483 869
94 589 396
384 571 801
562 496 395
12 833 296
519 216 116
371 205 895
745 476 834
667 638 76
654 249 523
680 218 886
37 433 680
93 414 405
555 657 846
689 638 368
337 403 261
696 515 549
271 267 984
280 308 510
275 609 607
607 391 454
837 394 818
690 146 420
401 245 473
471 102 385
386 584 834
763 63 15
457 43 287
271 555 612
68 719 890
646 380 778
586 58 173
682 334 266
527 264 406
399 527 312
556 349 301
691 733 782
388 381 481
200 778 325
202 784 516
668 530 133
523 452 744
801 752 792
513 407 804
193 552 24
111 486 327
389 278 728
685 107 480
602 754 853
418 788 237
128 694 374
264 505 630
554 135 613
459 582 466
640 803 944
106 466 701
207 113 987
456 619 684
297 278 973
531 162 812
705 58 534
568 785 877
697 776 865
236 17 153
405 196 814
66 16 908
149 576 953
800 743 664
748 33 690
435 796 665
34 454 704
136 108 778
736 256 221
601 338 509
509 161 694
417 627 101
700 501 145
751 251 586
326 76 539
245 552 47
181 605 278
610 513 844
685 799 897
437 128 531
559 71 2
155 328 634
126 459 521
22 356 901
708 837 463
650 626 202
88 545 128
453 299 853
491 415 96
445 777 687
448 114 746
272 450 836
344 758 630
795 412 30
668 6 596
53 611 475
652 794 76
242 763 883
401 554 675
833 151 221
428 816 534
492 814 538
611 411 752
502 306 227
113 43 35
377 766 550
168 197 762
194 108 606
313 60 730
708 497 897
138 455 473
552 809 216
598 382 356
269 493 396
192 454 893
533 64 865
734 675 211
351 68 586
15 490 769
594 225 912
494 110 519
19 535 713
818 779 62
688 513 414
208 414 477
535 209 848
144 42 843
743 209 863
280 328 107
369 799 786
364 729 501
479 29 56
186 23 985
329 580 406
190 235 719
513 290 259
367 562 399
647 778 355
340 405 979
360 682 72
46 834 960
569 349 313
425 761 448
543 168 210
580 125 628
605 296 897
452 598 52
772 729 182
826 61 619
426 458 173
239 812 872
394 482 36
28 529 993
688 616 334
389 361 850
616 245 546
296 551 331
724 448 708
338 232 160
431 758 456
631 549 362
384 788 287
659 490 614
13 490 72
427 783 730
368 184 75
184 805 798
441 623 487
96 205 123
22 556 493
222 52 850
817 654 684
682 506 772
503 786 344
775 804 972
19 319 607
149 49 562
103 712 472
541 208 703
600 564 667
735 825 957
205 523 759
134 792 435
239 773 54
621 452 218
658 267 49
784 686 796
103 503 273
215 267 943
3 693 37
434 243 465
587 280 52
136 404 136
572 275 711
593 274 998
520 473 55
530 743 188
272 125 159
366 840 315
101 730 716
718 171 877
167 671 197
129 50 409
217 787 41
810 282 882
3 21 420
512 30 753
842 249 418
152 188 60
803 396 17
437 675 103
559 121 846
2 671 386
639 642 54
190 474 112
433 69 129
298 406 213
287 460 318
559 387 509
443 450 486
760 814 46
262 148 803
89 281 690
819 605 512
272 815 95
324 387 886
47 637 331
399 319 947
670 611 273
692 101 467
825 285 694
129 748 673
459 215 604
315 623 382
694 679 539
474 504 785
178 120 221
431 115 723
25 322 902
764 822 576
223 461 135
3 346 51
792 744 978
350 180 813
683 718 422
217 75 92
301 184 911
271 743 990
646 349 520
43 549 39
417 578 283
646 803 473
833 293 962
628 602 384
428 29 218
64 739 187
275 706 874
783 319 303
453 118 24
529 550 600
565 717 800
632 148 595
404 707 337
821 89 929
774 158 617
271 8 815
407 315 695
32 423 766
271 801 215
530 541 641
695 598 96
735 72 180
407 224 339
419 514 54
233 496 217
387 491 683
685 513 627
77 100 108
812 575 164
494 389 210
622 645 141
174 278 433
638 459 865
717 422 456
206 602 923
606 267 131
330 648 660
809 760 132
197 399 811
841 56 44
155 30 858
625 524 408
276 367 98
424 780 109
650 91 674
443 517 855
720 354 42
248 301 963
795 659 233
131 448 676
443 623 424
417 486 917
800 114 588
513 145 936
810 687 903
574 261 511
682 261 828
169 296 123
443 779 185
715 472 192
323 613 152
332 78 83
159 440 156
432 425 604
740 706 612
205 610 500
247 563 742
601 12 679
33 276 309
436 92 56
685 19 960
3 402 352
377 804 236
743 402 667
167 522 597
421 828 572
784 780 609
494 477 446
555 782 345
154 479 532
357 89 81
188 623 715
760 385 170
768 384 614
369 800 162
801 576 830
623 751 98
318 417 656
81 729 203
759 401 293
424 792 626
67 834 414
24 461 957
549 597 507
489 840 884
240 453 519
140 396 344
655 423 324
85 178 935
168 166 781
102 7 385
144 581 965
571 775 541
650 42 892
649 481 850
553 202 281
431 65 665
245 184 193
348 697 175
700 186 959
47 386 325
767 836 621
730 50 856
237 222 231
710 22 616
220 637 577
479 690 462
781 720 348
352 149 470
197 153 12
111 699 37
267 703 362
440 508 710
803 551 94
724 551 864
778 430 649
59 469 586
601 245 547
339 651 484
152 142 841
90 238 476
206 190 393
651 45 349
430 187 645
821 349 56
289 74 957
436 651 567
333 405 46
422 404 531
437 578 885
765 806 800
669 37 141
210 810 872
73 646 29
459 66 620
73 787 494
509 415 327
735 640 427
544 38 832
607 565 868
214 297 912
125 629 752
28 166 649
829 732 906
814 438 156
46 707 640
558 54 871
610 39 835
345 629 911
657 254 724
168 595 476
467 747 485
379 689 289
366 639 985
509 799 765
327 123 175
87 758 679
557 770 524
248 519 89
784 30 136
506 246 728
133 495 825
508 382 440
252 157 415
648 670 70
616 45 710
34 701 501
76 502 60
272 579 928
630 714 942
807 668 767
749 387 343
677 160 118
190 740 243
695 812 590
437 603 794
175 805 71
181 716 545
167 472 180
196 311 540
281 738 387
66 512 118
236 38 503
315 482 239
288 530 522
829 579 939
139 344 400
341 72 48
832 59 547
464 749 255
728 589 968
148 766 2
82 485 248
128 265 974
545 695 256
395 132 109
794 751 87
697 162 493
254 735 119
221 508 608
815 612 402
508 567 730
465 86 262
146 144 492
757 311 416
701 84 622
432 388 358
28 382 46
320 482 69
787 48 989
278 425 134
292 722 229
672 98 830
601 488 548
164 304 80
418 429 232
520 290 937
154 480 586
324 665 888
677 48 429
53 114 470
714 228 324
722 310 278
398 28 831
305 343 176
713 591 256
568 370 376
228 533 201
90 31 197
478 480 858
729 347 949
459 766 502
669 296 897
237 184 471
643 116 223
619 801 729
373 546 481
146 41 898
535 72 381
485 842 812
723 800 118
441 264 782
735 102 315
757 644 181
200 586 597
149 371 992
197 19 958
652 577 776
166 147 182
201 330 39
171 155 329
395 284 371
167 118 118
329 229 385
277 265 541
652 195 825
322 363 574
174 593 22
646 329 640
45 91 362
412 804 455
733 235 550
734 111 559
838 363 58
586 444 552
715 455 59
601 475 398
639 796 79
29 228 618
166 219 730
155 621 924
522 296 312
800 493 375
682 471 199
238 724 811
688 341 857
559 265 589
249 564 181
671 336 844
166 638 853
634 263 654
228 595 771
363 342 588
388 357 956
202 734 324
548 291 620
696 157 461
152 155 606
675 599 254
75 192 906
3 822 326
246 509 225
585 538 614
347 470 692
821 333 945
570 17 788
361 829 839
743 630 651
557 341 662
223 225 739
674 509 393
337 784 664
393 59 814
554 720 146
265 761 7
388 730 496
248 193 610
72 232 400
157 164 63
211 126 82
667 434 683
748 841 997
522 72 309
509 86 51
393 432 774
467 735 294
100 724 434
648 790 748
281 411 797
407 411 659
260 634 816
471 65 681
836 11 775
634 759 704
268 732 184
698 651 143
684 468 253
433 87 820
606 368 83
36 212 374
77 430 885
486 351 184
813 527 997
278 229 591
478 21 901
532 659 209
728 177 577
47 398 155
566 50 776
36 7 292
615 27 705
661 319 158
814 406 861
290 389 818
809 507 933
724 755 424
301 792 307
332 429 755
239 836 283
444 282 296
95 367 125
85 369 144
166 49 995
405 619 353
706 247 877
110 407 535
458 60 700
626 356 821
403 794 823
206 310 599
700 318 529
587 449 281
485 471 762
652 479 990
588 839 329
76 183 764
540 780 967
516 621 19
400 552 880
334 393 935
20 838 741
642 117 883
688 345 96
435 740 787
768 678 402
796 179 902
733 5 308
170 837 363
482 562 651
89 192 309
424 594 429
794 245 67
714 13 512
782 419 237
517 146 630
387 378 10
73 526 811
822 695 150
259 833 398
395 613 995
86 496 7
287 35 313
629 227 736
245 472 655
530 86 668
374 26 75
510 219 989
492 789 858
425 103 147
350 715 950
805 733 170
319 554 766
778 529 420
150 306 526
431 638 445
675 336 310
599 294 2
492 653 569
692 121 604
178 659 885
774 110 771
345 382 123
782 121 598
559 345 467
343 753 174
663 143 211
141 165 688
63 398 927
794 570 520
229 75 858
268 407 722
177 791 940
187 310 786
408 752 999
536 607 321
101 33 625
375 595 563
621 370 653
615 352 865
380 37 234
422 175 909
760 66 518
765 39 509
290 214 902
413 257 165
460 391 734
79 833 440
678 344 648
716 427 278
42 14 786
593 196 689
520 810 379
280 749 853
75 444 372
105 649 303
788 708 622
699 382 748
292 111 844
201 163 207
665 472 543
361 36 913
463 507 55
457 45 320
106 534 370
116 435 492
531 403 876
293 775 619
297 627 490
789 571 315
41 169 278
128 195 899
649 466 518
601 610 948
373 526 881
78 143 764
95 512 51
660 458 984
400 756 647
244 559 784
839 695 342
244 14 511
646 227 508
182 50 576
746 499 161
362 227 542
495 39 761
661 720 357
190 649 967
604 95 806
751 350 560
33 111 676
389 296 762
21 640 792
11 39 779
614 160 532
535 586 258
536 507 143
740 489 988
838 704 961
229 669 614
241 782 736
344 250 544
317 798 919
582 287 264
551 382 463
6 55 983
229 208 852
502 542 346
827 625 342
83 658 199
371 684 332
635 737 822
153 453 538
792 63 614
426 240 798
622 147 350
92 740 34
57 573 116
383 444 73
238 567 699
21 196 63
64 752 156
136 69 952
296 46 295
759 193 517
362 485 447
588 232 769
160 756 236
803 309 429
429 830 869
324 253 660
557 102 274
74 1 160
187 257 385
354 618 65
784 36 401
76 660 215
550 66 436
579 141 755
522 518 569
285 611 345
440 210 984
483 554 45
483 412 66
622 190 231
597 583 866
719 191 146
828 779 415
750 496 676
455 821 75
531 205 8
819 786 698
339 155 79
48 555 854
835 551 77
471 505 757
354 54 522
748 819 268
177 727 203
363 247 130
568 23 375
590 442 133
271 759 730
625 402 153
626 96 739
393 290 6
812 200 766
336 311 597
77 238 482
823 560 341
540 406 486
787 222 305
586 647 246
372 237 259
244 8 457
183 657 875
750 275 823
16 511 472
631 680 967
808 95 724
472 498 167
18 820 905
308 788 408
328 132 153
3 212 39
70 139 360
743 655 682
570 815 86
14 706 220
491 453 979
799 834 347
371 776 887
346 183 702
490 575 465
398 251 601
308 716 40
711 531 235
578 53 324
526 422 47
799 390 817
635 97 694
347 317 641
218 542 776
679 448 878
179 789 160
806 29 748
632 81 817
259 514 701
200 100 853
693 628 175
427 784 323
600 74 595
553 226 10
623 697 215
296 822 715
712 454 297
272 835 560
517 718 535
162 123 617
21 147 300
221 339 41
75 11 544
350 613 341
688 177 921
494 144 25
430 168 415
403 389 920
11 64 874
534 519 969
564 527 278
479 358 120
299 24 248
417 697 926
173 462 658
663 420 625
819 771 209
835 162 869
214 703 599
711 159 585
760 707 125
315 327 453
318 665 430
476 301 475
823 375 43
777 550 795
721 507 267
678 21 140
827 159 140
97 395 184
394 376 764
355 631 61
415 56 672
469 812 651
311 727 571
516 570 698
199 327 423
5 37 964
138 768 771
591 801 142
324 81 127
445 603 545
708 742 840
550 371 223
728 574 792
146 27 696
643 142 173
499 794 469
520 223 808
440 305 109
614 382 36
326 598 113
244 140 374
109 554 828
466 199 216
705 536 536
565 220 902
208 288 52
458 268 594
798 177 603
299 107 14
33 366 254
276 803 343
200 75 244
128 74 510
150 757 520
337 806 625
692 351 33
299 493 225
381 224 750
838 685 56
274 96 472
10 388 432
150 483 650
6 419 339
570 392 682
633 413 755
839 761 89
373 330 285
20 613 27
835 215 8
364 562 278
675 449 925
403 770 301
423 827 843
622 551 920
698 618 312
203 766 583
153 540 934
6 392 108
607 245 573
602 435 304
157 526 853
179 169 587
328 460 737
762 428 822
556 525 468
213 360 103
792 80 271
557 284 853
338 824 687
799 832 603
337 490 580
362 303 309
33 620 420
829 151 583
821 817 107
32 303 618
818 692 918
732 718 791
143 695 714
776 140 648
558 426 173
631 648 956
546 753 888
814 656 588
822 22 943
738 696 441
21 180 273
163 43 526
289 328 347
720 468 292
755 337 155
60 64 559
690 332 572
406 409 96
182 750 564
526 394 321
534 827 746
582 842 286
505 770 448
436 149 30
185 676 707
699 142 853
145 58 118
325 806 68
293 772 491
61 162 395
53 378 130
607 16 369
537 169 106
238 813 916
554 285 309
752 503 803
577 796 867
735 234 428
96 358 429
238 702 12
282 755 746
343 322 982
274 316 533
663 256 277
367 510 298
593 236 506
391 251 467
240 562 100
497 488 297
402 4 828
743 615 24
667 205 44
222 391 18
807 514 3
7 105 625
536 135 56
326 377 142
282 463 619
295 561 349
715 753 714
632 390 581
212 734 280
436 235 193
190 516 328
356 562 689
831 386 893
68 637 630
254 51 954
284 795 382
766 521 556
64 109 873
543 386 696
838 21 470
50 298 995
504 177 356
136 589 30
414 385 459
59 438 527
520 753 27
824 655 871
285 622 919
711 419 897
712 494 603
15 831 122
841 154 636
191 206 842
820 656 578
553 498 319
726 12 531
693 408 922
422 258 748
759 708 865
799 757 698
417 169 100
305 454 527
806 275 457
419 828 660
612 117 15
646 815 128
479 733 325
389 501 344
139 816 940
392 730 127
396 797 757
577 781 75
486 262 250
731 531 891
744 680 430
153 396 297
172 156 228
136 57 989
619 374 45
23 315 605
322 464 735
704 154 145
550 790 837
681 490 260
440 128 716
396 685 506
156 769 109
200 622 37
165 836 417
651 434 247
4 464 705
196 168 165
134 567 345
402 162 311
727 349 277
708 684 371
399 184 615
278 533 119
261 159 9
18 649 133
134 677 628
355 69 18
411 102 726
218 296 875
773 613 12
451 386 966
155 392 223
744 767 696
109 160 76
606 791 301
148 415 730
127 221 574
404 279 388
281 366 607
735 500 221
599 175 330
52 553 501
128 647 571
122 744 869
457 592 93
123 297 913
42 526 320
807 720 585
703 513 719
741 801 102
165 548 253
484 136 172
115 766 114
515 588 991
660 170 604
352 599 115
502 484 393
366 664 448
649 478 181
337 565 842
541 655 225
771 264 329
192 736 874
502 268 919
424 219 687
499 489 667
751 527 451
356 161 562
737 685 366
207 254 301
138 751 461
137 26 761
676 133 394
415 451 68
568 263 747
39 301 788
58 290 593
731 286 531
226 688 142
70 50 621
267 561 570
614 476 184
686 578 149
224 274 44
574 507 868
197 703 228
187 310 4
718 175 381
201 602 663
