902 1120
872 432
275 133
485 5
887 298
880 100
701 171
106 111
207 292
603 897
606 95
636 899
576 734
655 147
715 818
67 36
806 293
871 709
270 459
807 515
814 17
32 343
55 80
488 887
335 889
545 830
238 633
865 127
304 898
492 709
403 204
631 129
151 674
386 696
714 34
420 318
296 740
264 238
546 496
707 793
383 226
685 233
578 706
583 135
151 546
786 218
505 218
902 66
607 728
891 159
890 358
306 203
717 248
341 24
114 399
205 298
867 77
486 277
775 28
447 428
778 782
790 136
340 115
619 319
713 50
67 186
678 303
575 522
394 820
271 44
639 229
747 164
473 52
479 75
796 74
321 315
329 369
38 404
879 365
477 190
358 748
615 692
57 272
66 860
596 249
634 436
610 594
894 707
678 540
541 799
347 268
330 204
622 200
819 620
425 305
253 291
612 757
461 866
410 301
410 742
608 573
473 888
460 565
664 712
789 597
249 541
29 670
146 869
36 465
655 577
294 251
807 613
555 309
584 209
624 252
483 859
784 71
381 765
377 221
837 420
870 68
516 642
163 374
692 810
880 499
882 869
69 402
16 700
816 822
230 209
317 632
15 521
836 85
635 130
817 588
709 29
338 298
721 133
338 247
867 297
687 146
297 141
332 173
677 135
667 845
449 178
584 286
509 652
276 648
469 454
275 504
355 762
62 624
58 549
97 491
86 440
600 892
623 341
286 308
728 475
559 569
651 662
46 763
502 667
436 508
622 143
195 142
115 598
843 63
34 88
759 230
467 451
282 335
794 590
808 877
335 823
741 784
715 327
355 834
483 765
813 378
498 740
488 468
536 57
709 597
663 693
344 567
577 157
180 132
682 125
196 461
676 800
745 32
555 561
772 73
420 712
490 295
190 39
692 31
757 315
41 22
254 349
453 627
676 695
688 800
746 410
7 92
119 704
497 324
556 322
235 593
639 658
412 592
750 175
518 199
160 452
502 784
348 131
404 608
246 371
229 623
602 459
477 205
260 483
902 822
648 870
751 750
543 469
468 654
713 506
870 18
142 389
697 287
251 569
56 229
16 183
101 878
308 586
234 558
497 857
649 511
66 803
50 853
138 674
710 814
892 335
572 50
795 377
218 891
640 321
354 815
307 654
816 802
456 22
542 433
375 128
769 137
820 819
533 267
14 419
854 508
339 37
873 358
297 505
717 725
347 634
824 184
318 751
79 386
806 97
717 239
746 339
148 832
339 120
472 270
383 493
803 476
342 156
104 379
181 371
153 649
549 72
772 476
367 791
889 644
695 19
698 93
786 750
868 81
386 769
393 157
503 405
572 700
807 82
430 462
779 408
306 104
874 22
59 401
23 434
65 376
657 27
340 67
481 791
752 30
774 705
319 34
4 53
440 282
900 702
348 834
783 741
66 153
837 273
402 126
835 900
807 95
897 24
216 8
636 145
452 259
891 510
284 266
343 150
204 140
194 1
648 692
338 487
622 762
320 837
191 634
764 730
111 741
522 445
105 632
200 495
289 441
408 713
573 350
273 243
631 464
830 160
574 782
623 788
283 47
642 139
250 325
728 175
852 813
740 247
55 800
741 465
489 658
192 574
97 267
757 686
691 273
301 888
302 876
276 390
355 457
437 259
359 531
692 552
269 158
624 174
378 493
395 185
63 60
324 679
703 477
610 82
689 714
488 618
532 715
876 120
791 878
277 159
592 432
802 303
372 425
355 721
580 449
354 529
245 542
172 898
238 497
360 455
82 889
874 327
95 110
491 663
875 214
542 150
824 398
508 497
752 698
122 367
541 558
883 129
901 509
6 645
157 6
689 773
156 164
405 73
116 181
469 882
486 559
145 587
636 361
414 808
596 874
22 626
846 736
2 706
443 578
758 671
309 589
32 298
762 15
594 781
459 286
392 428
618 135
403 465
848 637
297 137
151 226
504 120
317 877
672 638
524 874
701 868
625 484
485 867
238 315
68 295
213 783
831 113
629 123
273 170
371 1
778 371
231 711
278 197
163 895
7 165
795 420
492 702
619 216
853 785
471 326
538 505
893 91
407 580
539 769
445 790
211 147
846 788
285 30
515 605
486 543
7 878
131 383
828 591
282 841
770 482
210 597
600 298
411 150
49 105
369 578
814 191
120 807
366 613
110 516
738 821
376 48
537 390
629 509
61 523
178 141
729 763
661 138
26 484
699 766
521 575
514 760
307 830
502 382
136 622
754 430
719 565
86 900
146 725
535 852
758 804
894 527
49 624
775 285
668 333
321 468
70 3
779 10
217 94
105 65
727 35
798 855
229 205
322 362
45 198
784 841
859 74
21 159
455 529
290 728
370 362
518 549
839 632
444 229
511 840
98 540
62 213
539 469
715 808
177 222
598 112
23 745
684 741
779 87
616 832
97 32
871 381
17 847
498 724
675 72
769 790
126 736
242 143
799 526
157 95
506 611
339 361
746 761
499 485
456 809
862 749
138 873
812 208
229 641
812 73
430 651
680 256
596 579
245 470
317 42
234 614
190 471
293 627
550 20
501 31
258 505
558 515
175 784
610 741
70 433
631 126
737 323
181 789
434 527
140 90
571 178
146 578
761 358
733 373
698 201
329 23
93 482
344 866
569 180
674 98
818 213
69 514
498 522
745 359
535 741
168 290
564 405
623 478
366 302
360 852
13 618
754 464
142 53
591 787
176 883
812 540
474 668
797 144
460 424
846 60
454 602
95 245
590 31
66 732
762 346
43 8
142 164
497 235
540 355
712 788
190 875
817 117
777 176
102 514
872 701
122 625
88 427
513 670
552 623
783 113
727 784
776 706
228 659
566 655
230 65
50 398
686 647
55 151
300 614
752 859
310 786
902 54
220 204
377 201
262 782
490 360
177 136
29 136
132 421
146 2
281 326
141 614
543 780
465 483
620 778
96 202
743 11
212 677
64 419
872 496
288 546
2 561
60 600
649 493
818 237
550 242
880 773
124 222
39 44
632 72
645 333
243 133
348 245
299 247
355 425
569 33
498 8
434 40
32 744
392 688
351 391
793 426
208 171
703 285
771 315
431 247
768 591
832 116
477 212
838 800
500 544
836 90
75 340
44 574
615 862
539 264
536 438
259 644
283 573
250 143
477 476
87 49
477 603
298 7
112 772
220 598
584 255
465 287
659 527
91 103
467 489
402 41
568 310
338 639
371 266
639 896
901 815
528 17
446 272
292 412
816 191
379 213
607 228
167 504
447 591
488 628
587 698
622 94
839 458
698 743
436 495
49 603
113 174
496 711
589 291
197 521
675 441
183 688
165 566
828 156
833 709
772 594
540 247
169 246
583 391
326 35
207 708
531 265
321 518
448 36
681 626
744 454
18 606
645 188
710 782
336 785
485 599
281 862
683 286
883 326
413 225
355 484
295 824
341 93
632 821
898 33
451 518
707 349
856 513
83 449
178 471
522 360
654 74
168 193
132 402
381 373
833 434
509 49
445 503
696 162
219 479
215 123
801 363
740 94
256 599
511 417
485 446
271 379
419 881
517 43
379 46
431 427
33 15
790 819
670 668
724 796
661 56
393 292
835 599
543 163
255 127
121 156
345 609
382 731
837 265
752 381
295 783
878 581
619 709
519 45
526 551
427 298
468 413
229 89
442 894
765 608
137 594
845 162
21 227
623 16
54 626
851 223
281 560
368 784
455 320
461 301
734 597
443 664
121 502
327 717
442 163
129 49
210 762
219 135
880 73
727 622
302 218
513 499
466 671
344 96
100 318
712 452
799 389
474 538
809 725
537 504
245 367
61 508
821 253
251 199
703 867
198 315
92 858
211 37
797 207
194 389
87 403
704 200
871 431
342 877
551 627
219 888
471 104
542 232
410 863
892 290
614 834
766 784
162 559
504 176
213 775
210 395
94 173
656 465
615 896
416 143
348 845
757 662
337 608
10 377
5 211
202 856
550 281
821 458
878 718
547 528
302 756
610 485
105 599
830 280
173 589
751 236
132 564
222 335
463 791
264 503
184 776
19 784
144 861
76 6
539 237
5 14
645 20
308 571
381 227
293 668
359 552
832 902
800 663
397 331
684 370
404 890
432 260
353 854
302 405
582 637
227 879
807 108
7 216
92 444
749 572
648 253
416 199
230 22
628 847
563 628
673 599
785 681
214 409
589 23
408 733
816 319
30 558
607 563
563 538
337 670
74 821
581 888
120 36
780 63
69 826
640 223
415 665
572 621
367 83
431 78
467 436
199 617
102 147
731 599
250 622
38 840
814 883
306 698
432 790
48 352
679 816
145 724
893 152
807 337
347 616
625 827
117 684
547 430
542 256
106 351
391 35
192 424
252 254
655 491
247 406
840 140
780 81
167 183
196 879
238 282
600 621
317 120
18 658
722 159
584 656
898 260
254 454
101 286
304 112
837 426
690 50
885 160
576 790
729 453
304 221
779 88
109 60
68 156
125 482
17 209
182 814
870 143
225 1
340 648
778 520
548 604
235 869
353 858
530 824
319 719
499 84
806 350
680 84
794 279
165 564
444 468
860 801
749 509
549 224
18 466
145 813
658 873
827 609
659 284
471 714
811 261
308 63
851 557
180 670
544 17
726 324
845 92
258 214
372 902
30 115
679 118
514 526
171 172
468 846
463 26
471 211
136 259
424 248
180 601
866 361
636 285
161 81
567 226
855 329
70 724
7 595
176 891
500 816
110 53
549 310
687 104
556 488
64 339
474 761
172 552
161 450
728 862
144 78
158 74
534 344
507 526
825 767
411 410
312 528
108 488
181 323
686 792
465 866
276 842
547 831
841 171
822 363
420 290
464 403
226 549
124 760
483 56
619 490
679 90
84 99
167 780
861 425
428 524
170 527
683 407
412 719
379 766
269 432
157 441
860 103
105 435
657 398
659 346
668 371
699 459
424 313
295 35
494 700
740 83
45 356
680 316
439 343
625 628
135 345
684 639
326 754
569 396
55 890
583 491
246 107
502 732
404 676
13 341
622 219
55 891
825 292
57 479
562 677
680 236
76 761
391 789
551 183
722 71
853 5
50 191
845 306
576 194
821 312
