940 1186
604 741
257 246
276 531
842 465
80 329
251 722
383 208
939 387
40 554
486 835
567 254
579 220
26 689
583 19
227 679
757 268
736 430
719 858
452 550
474 158
164 519
171 217
803 44
332 859
418 893
299 677
572 74
628 31
630 858
238 845
843 275
724 125
89 64
368 384
442 907
260 24
58 774
435 382
646 366
818 663
491 330
332 884
378 539
357 768
133 562
132 689
527 316
370 592
503 207
368 788
339 311
589 98
159 575
200 226
231 756
130 624
848 440
163 675
99 694
671 297
579 96
612 402
661 124
661 567
723 292
541 800
396 613
572 91
29 508
911 743
762 753
562 498
238 291
427 916
844 855
579 741
925 74
219 279
5 452
445 594
784 815
202 529
77 185
588 309
722 763
234 133
738 417
344 360
496 91
804 520
596 614
506 586
8 315
83 170
938 351
327 291
698 782
748 22
549 715
219 786
864 109
912 508
649 660
825 795
229 405
251 56
463 435
507 66
478 690
917 59
34 711
169 408
283 129
307 188
57 721
262 125
550 934
937 31
934 565
169 42
587 225
918 39
215 282
40 486
186 135
895 552
562 245
252 921
330 164
7 110
361 123
532 750
561 316
915 561
644 494
661 899
926 913
434 902
791 512
164 11
140 683
363 725
458 375
478 799
234 54
69 291
202 680
646 650
840 205
556 924
48 323
780 888
147 600
290 256
556 703
141 231
602 132
445 377
627 352
275 55
847 910
914 670
415 800
659 554
231 527
621 86
422 168
325 775
260 721
403 475
191 610
166 505
666 190
780 17
4 24
28 13
898 440
912 760
18 843
934 432
723 158
927 353
286 204
408 328
860 574
244 792
760 517
387 33
581 702
356 910
616 266
121 346
323 754
486 98
647 287
546 217
186 458
640 597
371 513
708 165
439 615
151 626
99 421
213 302
349 689
82 813
156 36
559 55
110 357
420 133
184 497
432 616
429 37
360 383
708 270
592 790
417 232
785 771
875 884
790 904
935 241
872 593
23 454
706 155
67 300
927 746
785 303
791 189
668 389
581 613
93 458
276 351
284 352
603 172
31 710
641 810
126 634
737 140
845 147
146 831
698 880
286 217
514 315
497 593
106 137
44 597
583 181
20 682
419 644
244 31
752 925
806 447
264 394
913 769
228 122
85 479
686 573
613 379
298 215
680 123
744 624
875 294
530 298
618 255
256 406
151 898
157 360
250 856
341 353
493 164
796 489
361 265
727 731
292 889
693 901
33 668
115 586
382 242
584 219
735 714
250 306
203 583
75 778
258 230
453 561
732 880
485 269
187 454
658 442
930 567
886 324
588 491
665 265
579 656
762 235
47 398
164 289
722 20
472 255
31 599
708 455
376 936
915 126
433 92
627 223
349 163
152 677
680 899
83 558
547 757
273 470
807 82
6 493
196 437
825 742
80 403
688 269
790 885
507 829
705 101
523 455
519 911
168 535
865 919
368 713
345 37
904 373
296 511
18 122
382 491
590 531
411 619
595 246
623 483
42 599
140 689
890 911
92 710
326 751
383 540
260 541
75 523
721 135
193 26
252 682
157 52
151 631
146 295
715 655
203 858
281 142
738 545
677 475
408 97
338 648
295 246
867 511
552 763
818 111
484 189
468 581
413 572
809 526
274 687
827 226
61 116
710 394
369 190
449 548
289 335
126 643
898 438
903 388
852 115
393 703
925 654
209 45
721 443
662 160
385 639
78 43
347 407
627 914
562 630
470 374
77 110
922 829
462 366
349 42
36 46
664 772
214 644
280 840
125 685
130 472
195 154
680 421
845 853
279 249
878 619
527 924
914 323
331 875
225 663
66 391
759 72
939 538
424 511
240 402
467 568
613 569
9 709
454 634
101 482
907 450
936 397
310 627
55 30
747 142
265 431
916 565
182 844
743 305
521 768
835 232
829 780
589 615
456 125
259 798
423 906
554 864
412 749
97 381
586 189
391 733
267 722
47 698
827 352
18 32
159 712
847 791
331 638
487 268
40 595
582 193
216 764
469 34
649 732
637 929
391 798
223 781
65 877
638 276
370 759
90 145
649 678
553 601
523 312
195 258
139 708
914 703
387 783
339 624
670 786
672 507
647 722
465 97
603 752
47 902
789 895
280 815
785 108
898 755
875 149
583 150
578 910
218 326
592 273
842 866
932 7
695 613
255 523
646 870
545 763
430 600
269 144
289 897
505 186
160 363
481 298
782 124
147 906
781 737
618 901
239 386
328 225
305 317
703 718
433 609
790 605
530 900
76 133
403 514
604 340
46 365
538 682
3 212
733 260
767 938
200 633
261 937
761 528
321 611
535 373
374 13
938 760
196 805
636 60
149 708
37 83
490 88
323 169
628 444
114 728
357 897
768 163
532 345
699 150
151 473
24 414
534 185
863 153
823 570
328 757
529 864
288 342
193 494
387 567
890 290
116 887
339 386
201 196
266 75
229 567
186 685
147 117
821 654
42 552
793 368
272 406
633 68
358 317
378 538
657 576
335 789
601 646
11 80
118 238
246 603
229 514
688 64
110 64
1 778
883 322
867 465
9 185
291 177
415 316
438 276
361 27
575 729
261 304
812 935
417 487
331 791
198 82
874 270
906 116
346 486
581 830
738 184
23 365
859 60
514 36
919 754
628 442
532 23
462 682
805 636
316 43
882 697
96 148
275 177
204 326
344 431
296 595
407 437
826 852
655 615
840 487
80 84
14 259
62 902
5 2
520 132
608 292
524 756
5 165
871 218
516 776
836 51
515 552
877 740
556 505
756 286
102 771
709 479
598 423
843 846
190 798
76 426
95 743
297 652
371 114
724 159
894 561
475 462
316 208
127 83
177 325
386 934
552 767
545 50
893 684
391 741
139 411
803 870
589 691
256 190
697 195
549 725
430 469
158 91
501 603
512 824
919 735
616 226
108 633
780 934
588 307
539 397
176 577
481 136
847 15
4 153
63 665
441 66
716 227
781 246
24 574
283 97
608 276
566 379
599 139
322 542
573 228
73 618
641 115
176 123
731 94
138 144
746 411
921 40
849 426
66 597
730 249
203 208
635 384
529 8
713 355
661 587
721 394
843 649
640 210
304 567
680 241
548 124
544 805
53 36
580 35
78 139
573 612
405 210
230 208
579 589
528 913
859 119
432 331
881 251
618 388
940 155
580 737
27 423
835 769
412 305
115 528
516 364
378 399
475 767
816 211
334 264
860 805
588 437
402 141
485 127
442 475
307 806
270 572
491 392
419 916
75 258
351 805
116 737
513 568
74 57
834 608
214 393
617 459
914 233
806 278
871 235
711 232
28 743
421 677
231 467
863 164
428 204
2 907
312 411
10 82
12 397
583 450
462 905
46 772
630 331
677 833
907 722
591 101
692 526
313 349
828 478
777 738
609 877
222 233
234 652
574 573
76 530
193 808
107 246
534 774
808 198
839 185
736 925
589 814
560 940
391 660
167 292
291 66
827 705
885 410
220 939
9 244
403 925
827 600
417 333
678 742
430 679
816 284
819 173
399 19
878 399
923 875
737 700
490 346
887 391
263 59
207 559
800 840
106 540
263 63
334 249
932 291
404 888
552 897
32 141
306 645
398 498
659 577
304 631
156 712
83 600
74 472
342 743
431 18
141 734
843 559
18 606
157 70
146 3
270 325
576 756
745 482
69 49
735 645
327 920
364 166
329 240
286 581
749 414
813 41
687 654
394 258
251 128
92 836
132 102
907 799
924 202
558 263
745 713
400 855
679 516
656 379
107 785
507 100
29 141
461 731
386 472
472 24
346 123
123 845
742 283
244 502
766 699
251 279
671 189
603 804
694 118
524 338
444 330
896 920
249 491
922 508
861 413
915 153
86 455
431 465
240 687
287 419
61 4
735 527
588 233
259 27
77 29
744 78
574 481
545 35
329 769
210 249
154 120
758 652
709 347
742 586
669 448
771 247
882 208
237 583
234 481
299 504
937 452
444 819
874 351
855 467
705 611
370 633
703 644
928 115
842 422
471 936
78 417
58 393
597 323
173 81
835 809
748 126
16 788
665 936
245 313
920 283
740 630
870 79
675 930
327 253
241 902
769 251
582 575
856 68
223 315
417 904
240 624
471 431
750 451
77 639
903 183
141 449
696 467
749 31
748 65
20 35
905 450
919 11
856 400
689 574
47 714
240 466
825 813
539 266
933 725
62 485
517 337
768 841
593 48
585 840
771 622
164 640
106 127
271 844
904 568
819 316
875 683
480 628
322 520
586 597
616 671
426 495
757 73
184 179
364 260
755 652
728 834
657 684
468 8
801 906
165 490
56 716
680 229
649 345
439 68
497 513
891 282
189 263
454 647
9 341
623 638
287 453
790 559
522 588
796 6
467 431
128 55
207 274
491 469
250 615
862 228
582 271
47 602
583 628
721 901
715 245
288 860
457 799
506 321
550 868
636 189
48 93
742 515
863 692
611 828
93 56
225 839
668 357
487 384
263 86
780 892
145 369
555 272
205 332
671 372
772 230
925 190
388 242
436 788
818 644
633 204
601 169
329 554
407 547
1 870
299 571
869 75
470 299
83 535
445 388
734 518
519 791
350 813
248 20
304 294
852 236
610 57
415 242
21 630
933 429
400 289
527 875
161 371
798 735
12 651
654 29
92 510
743 661
423 641
921 255
594 305
862 374
632 209
129 371
554 891
834 258
908 74
889 264
433 441
608 193
113 613
180 663
129 492
624 100
591 387
10 77
411 364
482 801
667 333
383 268
191 184
580 632
698 327
406 636
180 399
370 830
383 223
830 550
324 764
618 426
564 309
53 682
158 450
527 198
395 918
315 679
632 246
358 322
793 302
425 177
314 554
307 799
438 426
924 601
4 222
194 753
536 820
724 493
773 644
362 350
315 532
820 227
919 275
324 453
794 896
83 922
204 908
528 706
429 272
390 542
663 668
535 261
88 450
573 488
169 626
245 858
98 859
105 313
186 569
105 416
763 372
542 405
697 36
308 490
33 446
507 562
471 17
292 859
416 856
598 722
924 347
772 728
560 441
630 391
51 362
421 195
294 5
12 776
80 710
361 347
467 598
883 166
441 383
873 495
849 574
610 106
477 184
151 59
215 422
795 113
182 608
388 938
836 423
586 822
739 236
618 132
297 468
786 290
166 796
193 208
8 288
197 51
614 291
686 590
120 342
572 677
844 714
186 205
736 189
894 440
802 538
594 183
192 129
564 140
196 459
245 656
534 758
300 423
913 471
701 823
768 517
661 849
625 395
86 887
447 446
331 57
392 26
293 552
13 429
86 739
308 634
638 658
405 698
100 360
113 199
265 502
491 438
37 441
2 292
726 328
37 544
143 137
892 922
489 440
