944 977
862 90
378 404
519 762
519 65
912 570
871 280
727 162
780 191
241 883
851 492
348 715
122 752
515 688
509 548
189 249
563 756
392 730
192 591
808 492
581 113
89 920
656 541
58 796
696 79
625 362
289 652
251 510
216 320
770 568
739 26
263 125
9 342
229 396
925 38
646 190
484 397
677 645
363 254
645 582
310 332
649 643
224 92
898 522
53 62
715 858
713 711
672 329
667 543
607 113
633 444
755 659
263 750
811 132
901 197
375 264
92 35
516 368
434 871
641 678
439 474
785 621
919 25
918 639
136 729
62 704
265 212
590 403
451 663
477 308
772 932
204 294
660 43
389 659
307 544
823 366
477 87
406 871
561 657
761 764
380 248
385 281
525 497
522 243
385 623
400 577
282 496
84 143
702 393
324 288
611 495
736 525
616 780
555 745
536 902
355 1
419 382
649 452
513 701
594 703
199 78
75 711
87 240
234 580
444 107
541 435
797 254
287 179
446 553
774 842
684 281
105 726
109 70
533 105
859 650
744 8
148 299
76 688
135 105
75 464
482 531
749 493
615 44
237 90
411 836
234 870
185 748
40 297
382 643
764 676
621 797
509 515
95 149
460 73
728 883
597 58
530 12
68 392
539 824
921 768
747 886
720 385
616 30
323 914
783 360
510 784
603 783
189 831
255 533
843 172
926 809
141 576
12 405
16 11
784 677
623 291
603 498
478 38
125 778
476 22
436 862
274 423
684 324
408 514
509 281
99 871
781 436
728 852
148 900
717 610
673 663
23 796
846 215
705 622
916 878
242 911
437 779
838 44
255 196
894 530
539 118
122 399
338 220
783 13
260 742
110 645
872 460
202 428
723 46
524 760
586 279
299 479
593 644
214 728
565 820
941 631
11 612
284 286
560 319
736 596
271 372
162 437
635 275
443 67
40 659
284 884
156 609
909 157
88 343
884 514
64 860
382 336
772 829
239 54
513 812
627 878
700 535
298 358
1 878
864 878
475 232
5 577
792 139
653 522
138 456
214 248
671 850
642 511
83 263
755 260
250 284
272 79
364 16
892 737
562 606
232 431
884 646
550 275
216 222
464 165
256 575
613 536
436 255
500 424
330 460
191 204
904 178
54 678
760 599
283 223
481 736
301 788
372 814
117 926
92 255
48 400
367 439
648 735
706 530
228 35
41 316
290 708
169 458
904 819
730 126
199 944
66 300
450 888
831 535
928 321
568 937
123 762
40 928
207 62
786 492
655 930
594 66
133 17
640 819
743 525
936 394
83 143
624 591
85 913
143 910
610 91
657 335
928 737
922 870
63 582
5 325
85 96
823 241
595 391
912 904
753 62
7 679
722 305
631 608
252 836
246 477
659 480
736 72
759 391
849 473
841 431
771 143
541 690
695 412
683 607
157 380
802 353
98 919
739 82
306 38
265 702
335 242
731 424
133 129
100 319
902 126
366 41
642 106
581 425
208 344
75 446
81 39
668 732
767 273
185 890
16 908
897 351
244 243
179 254
205 534
750 706
153 499
571 603
656 831
929 342
399 864
573 596
720 573
191 140
618 760
336 304
704 125
204 746
868 96
898 389
356 468
416 25
710 778
365 26
391 935
712 916
787 568
753 617
596 295
120 13
491 699
543 386
768 572
362 515
708 480
524 610
342 395
568 413
215 26
251 524
749 346
442 108
271 47
378 299
61 768
658 414
19 596
63 824
246 94
649 60
763 48
541 252
439 720
471 138
167 140
763 207
120 346
20 843
4 525
147 560
445 364
426 622
478 831
99 893
87 620
317 132
896 732
429 586
385 195
865 396
163 32
525 68
879 832
832 800
455 863
532 840
360 611
880 307
264 500
182 609
703 234
45 333
197 164
642 558
399 664
27 795
357 560
674 287
541 425
360 587
242 81
88 835
216 408
347 619
632 582
782 643
342 28
677 284
463 613
506 740
684 629
530 256
653 55
305 332
494 464
176 233
678 1
369 651
34 471
274 688
699 714
32 527
701 617
616 698
775 514
831 609
254 76
834 317
221 338
436 504
803 862
261 61
125 481
413 802
65 661
578 450
88 54
345 214
782 200
77 768
446 123
494 497
866 441
360 439
557 409
311 76
301 237
661 703
88 525
553 228
898 504
273 208
504 736
315 174
477 39
115 348
500 821
749 260
677 843
855 599
388 571
619 125
842 47
502 463
692 711
725 71
719 583
419 674
572 155
157 552
535 113
305 810
533 97
287 366
104 96
773 434
403 811
420 77
92 303
453 911
274 275
361 447
333 94
102 561
305 403
934 933
834 7
226 349
189 72
906 524
45 560
895 927
469 318
120 739
300 100
40 15
749 840
654 270
623 177
530 587
19 666
582 580
353 534
657 937
565 288
727 381
764 253
621 857
248 603
875 625
59 868
817 588
657 429
431 271
262 776
415 28
441 346
624 656
269 312
407 42
451 757
22 115
358 203
251 267
35 806
588 599
941 299
450 204
821 814
437 793
860 836
621 824
15 579
738 715
475 403
670 918
738 279
248 257
576 842
780 16
328 357
503 518
525 853
333 479
202 63
245 244
9 91
488 461
261 645
647 602
433 458
67 887
265 874
425 894
435 534
429 25
252 301
362 736
285 943
813 277
767 650
454 814
4 422
516 840
759 168
448 499
604 767
93 649
490 413
88 257
770 394
918 2
106 609
17 208
360 80
403 916
324 126
344 799
665 81
856 563
761 203
319 821
565 85
746 529
736 902
76 264
108 345
608 903
201 471
58 639
414 319
890 682
312 342
546 453
159 801
572 247
171 493
916 186
186 821
510 738
29 805
212 888
596 98
906 262
297 310
705 209
136 40
399 264
80 26
443 30
605 114
773 115
399 431
926 27
495 603
935 908
155 124
500 84
220 438
535 2
556 312
46 353
472 376
870 919
112 344
151 120
591 638
936 370
865 578
856 375
706 747
822 14
869 309
734 37
15 553
818 159
763 465
585 161
289 530
912 560
249 305
667 18
398 190
38 158
817 930
870 331
848 314
404 819
785 317
722 287
564 242
938 767
348 722
145 649
532 409
697 716
930 897
528 349
287 494
120 51
817 191
603 746
363 724
764 110
769 60
438 348
647 188
758 183
736 285
190 652
493 823
929 438
109 664
494 761
843 229
304 2
270 84
23 458
259 297
160 325
922 932
73 63
52 434
347 546
794 870
353 592
824 340
367 694
252 484
648 514
553 621
79 916
81 285
540 86
166 510
696 679
204 468
872 349
64 870
570 7
590 95
397 383
32 194
389 584
490 514
124 351
696 584
670 399
259 493
867 599
135 289
328 762
389 527
300 62
779 441
178 405
676 148
940 711
300 296
292 329
415 359
458 81
27 728
772 914
662 209
504 140
429 411
390 931
467 898
863 152
482 44
331 434
449 693
741 132
697 459
278 941
438 935
253 416
720 264
394 403
149 944
490 208
727 748
550 17
527 869
125 305
883 466
807 653
797 754
54 312
355 608
743 871
803 799
692 231
660 764
346 433
770 226
625 718
354 850
137 295
7 84
789 783
579 332
889 177
868 776
432 414
560 900
185 870
809 248
231 357
722 316
393 228
840 828
13 254
633 904
153 355
400 850
193 244
207 433
138 919
231 35
438 55
433 777
848 644
532 351
789 229
879 694
444 488
213 874
76 723
683 56
882 844
824 361
846 898
705 345
296 279
459 837
874 432
270 89
453 850
428 166
862 637
74 850
910 667
248 46
352 901
342 317
161 365
423 720
27 738
324 502
411 151
60 315
633 452
919 689
54 943
710 704
478 349
103 132
67 713
788 403
312 332
87 524
792 832
789 146
410 748
379 509
560 838
546 425
919 195
729 434
143 576
908 108
322 301
24 239
459 890
443 593
925 130
235 45
660 845
253 828
110 671
36 262
14 37
786 194
663 188
561 253
379 82
780 12
752 367
416 428
789 812
682 376
279 334
849 180
246 829
747 437
450 883
152 587
739 561
40 762
910 444
868 28
552 322
918 698
896 589
206 760
878 518
705 530
924 797
824 35
529 227
245 938
240 154
451 925
407 940
359 203
334 98
59 380
625 753
46 843
597 756
903 853
800 711
282 54
824 570
354 500
16 816
757 325
230 525
201 494
560 620
265 762
767 524
174 834
127 816
501 137
297 750
418 877
443 649
383 34
826 760
482 117
223 413
937 244
15 835
734 759
395 387
712 754
763 5
467 448
731 799
100 63
20 206
872 783
780 591
654 170
548 406
49 928
500 126
674 641
649 87
164 826
28 471
535 789
527 3
178 798
115 58
506 477
763 662
107 592
587 167
57 619
632 135
310 854
222 823
264 6
320 683
120 403
650 827
525 840
444 781
78 649
698 678
748 169
894 934
179 56
662 867
79 109
856 903
842 814
356 136
513 826
681 470
441 332
807 938
227 36
282 30
