991 1167
605 735
632 855
279 458
905 879
396 570
752 660
194 788
366 588
484 556
174 206
869 673
450 581
215 109
184 789
790 481
318 924
226 542
85 574
683 625
398 894
4 421
149 914
501 791
456 851
74 822
223 439
149 432
515 743
674 901
818 542
270 535
813 932
673 181
721 547
896 440
698 216
36 626
154 202
175 513
12 486
325 342
216 99
798 863
296 338
462 757
964 352
271 782
162 324
608 289
197 105
334 497
665 734
756 875
455 134
152 656
739 779
553 272
644 43
288 542
923 489
66 452
271 625
863 29
643 636
599 945
722 975
452 740
645 261
707 715
177 372
323 469
685 30
939 475
351 674
819 493
135 444
212 303
341 743
444 966
440 436
842 584
535 798
84 761
128 986
888 622
768 57
327 13
964 54
571 774
828 454
791 500
990 988
354 790
900 569
29 88
165 571
245 326
686 852
74 867
61 84
698 281
722 287
814 380
856 776
818 67
412 299
450 624
564 322
579 298
790 729
76 340
989 768
669 886
563 192
415 374
765 418
443 615
150 157
487 529
620 202
898 270
38 593
692 253
278 35
108 162
450 253
79 728
781 493
494 979
121 261
124 256
445 575
786 314
41 10
320 466
299 180
136 274
495 498
513 135
567 76
990 626
235 972
650 60
433 644
760 958
682 314
86 930
725 232
220 663
763 654
664 447
114 888
867 394
897 679
688 349
89 720
81 354
474 744
262 697
618 78
240 821
955 918
451 61
313 675
425 486
126 45
276 48
578 599
971 272
979 673
512 218
377 548
78 830
251 664
366 761
777 867
780 936
91 115
70 240
777 39
744 552
104 893
90 484
71 202
98 239
663 461
475 259
358 932
937 640
160 218
557 56
188 573
684 423
153 627
886 239
880 165
262 850
217 237
218 907
761 148
580 866
10 279
257 655
240 947
700 172
132 609
443 189
616 366
224 982
522 406
513 52
13 657
275 488
146 881
689 159
721 386
501 630
169 752
132 377
990 863
931 666
412 326
906 457
694 450
174 400
700 298
42 877
63 837
897 17
808 490
730 615
277 682
627 719
185 207
276 325
15 78
825 60
622 81
391 843
585 575
905 361
444 797
301 57
385 91
848 861
255 143
9 362
826 907
422 45
342 486
702 900
973 596
799 711
845 501
89 865
813 525
194 285
558 274
477 306
98 441
396 421
111 832
191 62
536 560
10 428
363 982
163 31
830 922
207 392
100 131
277 11
898 303
903 331
482 814
46 794
216 265
804 906
139 458
158 50
471 368
25 68
452 232
331 200
674 699
172 647
690 796
107 924
634 585
103 375
466 935
525 896
706 217
580 690
579 656
389 55
297 556
889 481
687 379
789 471
530 589
779 630
412 886
861 130
721 963
656 569
201 240
361 600
191 170
394 127
147 201
799 264
727 594
499 893
945 541
547 234
575 745
365 565
769 978
911 404
639 845
163 796
552 550
375 614
827 441
368 237
565 376
458 351
961 277
716 303
6 871
476 190
207 951
45 943
736 141
275 466
765 769
59 356
183 634
61 3
847 78
240 376
722 747
748 758
337 68
771 375
475 192
868 330
554 331
517 784
305 839
749 875
554 432
354 437
149 567
54 911
187 586
990 374
895 758
763 401
112 505
147 301
645 33
919 582
389 756
628 462
392 847
346 946
406 756
129 600
679 621
805 906
836 243
338 512
864 132
91 666
669 512
265 311
289 274
795 196
401 717
19 256
329 727
550 847
713 696
481 724
387 557
907 489
151 402
959 463
685 984
609 370
818 496
970 654
142 224
409 15
354 664
672 899
89 380
78 950
181 532
50 504
789 899
875 797
312 910
564 710
242 658
577 320
972 380
689 910
396 355
696 116
448 705
203 977
456 866
840 76
102 668
782 281
469 34
397 261
12 4
414 69
976 537
461 95
585 953
709 97
174 139
63 870
68 99
921 215
443 568
368 766
103 913
929 718
152 26
482 532
290 343
440 513
589 52
893 832
826 394
666 528
916 657
751 399
322 401
135 457
601 933
532 424
59 149
205 398
930 565
205 762
979 667
560 361
66 261
735 382
332 43
449 330
824 821
21 659
418 455
368 614
126 161
626 3
257 761
446 76
385 781
367 320
9 572
602 40
137 400
506 745
247 128
543 855
582 365
879 9
736 549
567 219
806 634
330 233
136 887
210 23
336 870
803 258
713 987
945 316
133 107
21 150
602 288
225 315
427 118
959 949
149 804
654 538
269 274
888 322
392 636
624 782
395 172
283 374
170 930
349 529
739 801
426 43
254 128
624 740
714 39
98 939
775 952
507 627
314 681
454 443
778 763
880 96
226 217
379 901
21 817
850 149
764 428
485 194
435 683
365 64
301 203
983 915
711 238
88 576
393 277
248 496
822 847
89 809
222 362
454 887
80 660
736 873
373 49
249 456
8 875
568 949
953 681
742 901
969 401
55 851
465 648
262 658
753 348
910 350
466 849
527 188
936 115
823 101
101 437
395 657
465 264
321 662
8 325
725 12
721 271
803 591
219 937
191 565
622 12
645 567
676 466
25 723
617 361
690 17
257 253
644 172
697 756
347 456
949 842
81 526
732 256
848 359
762 399
689 563
373 58
6 390
274 37
278 922
32 178
421 952
537 583
836 109
573 588
83 489
836 565
741 897
950 959
795 706
878 747
418 503
830 193
818 278
591 152
427 913
828 192
174 754
76 313
923 51
111 892
991 681
924 948
614 293
940 459
414 468
438 97
805 279
779 748
3 923
719 359
414 419
771 258
7 365
423 704
578 281
482 585
876 589
689 701
353 615
548 337
622 632
871 260
455 307
40 65
172 68
573 352
863 697
970 410
272 505
342 55
596 687
36 94
772 29
384 830
701 40
727 732
877 185
897 592
641 375
409 416
967 434
216 740
697 570
283 654
723 226
475 619
158 493
560 798
91 328
639 54
741 34
858 780
731 253
336 369
307 913
352 783
657 517
790 862
539 825
218 739
569 748
287 593
901 622
258 268
282 305
594 584
720 114
687 890
9 871
98 103
754 576
765 263
791 368
396 494
975 305
386 63
371 657
519 536
355 959
880 635
921 865
867 432
631 919
763 60
772 310
338 183
972 738
159 710
228 262
887 715
668 144
840 865
728 443
764 329
630 720
834 257
372 350
254 348
370 413
903 757
506 815
978 81
881 589
824 317
140 188
638 647
315 758
300 789
773 266
32 890
646 958
210 75
124 503
858 748
181 445
125 118
709 30
39 65
767 344
558 832
109 926
768 766
386 987
82 916
979 873
284 14
62 620
68 583
38 455
85 377
781 430
762 925
369 523
709 780
959 358
473 775
875 544
84 10
376 579
849 835
382 63
758 293
447 217
59 8
940 663
783 645
186 147
495 143
76 581
178 512
511 541
671 455
149 283
151 604
280 166
314 950
714 316
479 442
364 760
181 990
780 370
763 977
452 835
594 508
17 972
661 619
936 229
880 206
791 390
354 515
128 578
10 884
218 100
423 547
559 502
496 624
431 52
208 222
163 927
287 973
825 929
62 773
351 57
247 940
448 405
158 25
849 91
972 905
856 274
622 427
816 908
838 7
575 178
126 231
907 937
175 735
461 91
595 719
137 637
965 340
280 760
683 379
571 719
274 479
44 234
361 64
884 880
180 986
573 293
463 597
491 164
405 804
35 662
631 403
434 955
479 304
427 10
268 435
694 334
381 65
133 479
891 228
608 735
96 516
393 933
452 351
88 181
677 861
512 705
605 662
650 581
636 964
711 463
103 283
404 127
374 3
696 410
294 117
520 840
299 884
575 930
445 611
442 691
58 466
168 398
593 776
471 954
442 664
312 614
186 413
232 458
794 933
78 234
354 537
342 646
532 690
967 598
956 601
483 603
312 809
556 354
225 438
953 676
217 690
967 187
15 222
190 98
753 689
698 919
936 657
843 274
171 493
402 139
16 790
294 901
315 555
807 84
222 385
178 118
140 749
747 92
984 176
39 796
401 145
535 160
666 580
536 929
18 85
447 318
649 537
242 673
965 3
338 694
99 470
895 178
757 763
591 436
962 40
104 575
652 319
257 691
719 487
586 55
15 499
392 859
955 957
593 846
369 192
868 267
335 940
354 944
673 248
725 23
920 61
925 488
125 593
285 841
778 781
347 876
766 445
691 837
907 640
942 931
465 696
969 958
681 529
137 836
123 709
268 157
601 565
246 801
591 249
510 395
451 515
688 962
977 554
693 865
393 547
956 328
821 414
358 249
178 1
904 893
363 121
42 579
321 912
336 300
352 59
525 175
425 878
838 936
16 606
861 355
198 85
459 579
966 220
582 443
747 785
533 170
342 582
745 754
632 544
875 352
857 41
543 604
712 590
459 970
236 540
968 109
417 249
305 764
215 630
145 395
591 533
937 316
317 331
657 341
104 296
2 591
769 509
728 288
362 681
152 807
845 513
935 262
724 193
360 586
546 673
893 565
686 155
354 117
124 291
729 756
573 879
946 276
209 68
704 438
563 754
865 11
296 845
670 740
70 372
770 895
988 682
157 351
281 633
424 968
412 66
295 382
761 462
871 735
169 415
333 585
47 145
639 96
798 393
416 663
991 97
205 470
831 614
345 868
315 757
944 873
647 141
907 457
181 932
644 464
16 225
799 123
879 582
82 470
43 987
204 267
159 700
297 728
567 679
580 313
291 168
6 263
337 180
252 353
49 309
932 268
597 685
113 236
965 539
404 274
347 418
614 154
970 828
883 958
599 335
390 73
292 964
691 444
167 453
912 867
125 471
342 554
624 439
264 106
508 271
286 906
290 355
80 303
404 786
535 806
283 701
407 518
604 773
743 21
690 483
119 433
772 690
771 586
300 476
928 455
245 350
792 846
396 511
295 415
236 843
78 398
358 460
356 988
578 283
18 33
313 855
613 158
78 668
149 628
66 670
740 915
314 698
3 640
116 322
225 839
288 786
495 900
32 715
684 491
347 552
69 215
489 38
69 968
267 237
728 190
357 183
166 615
375 64
66 192
533 982
106 432
883 858
359 824
501 573
738 961
34 887
335 459
840 499
546 918
365 434
740 117
674 515
608 579
816 24
915 500
90 57
104 899
975 909
562 579
891 334
654 60
979 103
820 447
904 786
836 113
473 345
273 84
209 991
720 609
416 105
571 65
565 939
363 783
208 851
393 876
255 305
19 82
613 535
818 967
71 154
197 427
609 538
735 809
835 875
459 278
823 967
936 158
565 298
981 695
129 860
187 805
845 916
29 367
888 187
322 396
