949 978
877 502
626 928
395 106
299 171
811 894
315 440
175 533
40 842
607 858
331 640
750 257
855 485
145 342
528 439
238 910
164 127
117 332
745 332
708 320
130 327
229 713
82 275
808 94
364 493
450 59
851 177
637 139
42 88
628 444
358 151
654 608
729 916
430 468
691 405
818 939
247 502
662 200
456 803
300 353
406 77
702 878
10 423
443 559
572 23
161 295
803 126
344 218
666 831
702 81
767 109
278 807
259 915
325 763
627 288
451 730
159 895
421 355
710 867
362 374
216 477
496 874
732 432
762 602
829 661
760 426
270 347
784 27
637 706
906 673
626 50
823 31
865 64
685 341
256 778
83 467
202 799
72 876
206 531
547 183
26 886
189 828
570 323
851 362
349 711
245 749
16 782
176 750
148 431
13 842
553 365
269 87
64 591
32 179
81 903
32 555
534 72
486 878
67 157
947 896
475 873
740 655
171 891
353 706
254 827
413 92
148 940
659 83
177 837
566 716
482 277
320 440
458 748
151 418
245 92
910 507
936 318
545 840
52 604
344 439
663 204
91 223
151 105
733 484
98 934
566 387
476 114
523 785
528 330
305 572
391 838
319 529
582 259
323 416
836 236
186 260
924 475
937 565
566 651
900 98
855 774
232 944
124 531
702 262
314 694
213 505
130 62
264 35
192 492
387 228
43 754
129 634
389 304
317 701
188 43
272 790
652 230
683 44
653 548
592 904
918 48
537 425
907 736
523 506
542 517
927 793
681 146
528 750
131 901
536 802
346 664
11 810
159 446
343 842
270 147
363 873
842 882
790 260
166 153
462 426
274 284
517 859
79 78
139 783
773 34
410 217
609 575
651 903
568 328
345 158
725 480
287 425
836 593
165 756
517 757
83 87
313 54
181 837
91 407
145 648
226 915
262 774
809 642
174 100
855 513
183 542
215 802
762 674
263 837
692 73
485 757
738 805
343 621
330 195
796 126
873 218
692 940
802 786
373 66
412 85
242 111
777 139
201 517
398 674
446 423
287 444
864 182
479 262
583 493
865 857
327 263
760 100
919 142
478 543
425 284
488 871
448 194
696 769
828 684
658 299
363 563
544 572
779 785
811 772
841 783
10 45
929 87
345 198
368 246
693 516
487 607
517 377
249 814
438 417
933 98
16 807
273 325
901 874
390 189
352 365
395 445
664 865
454 761
507 43
150 861
722 118
110 489
937 19
48 499
220 664
120 761
564 684
716 379
215 465
601 293
308 532
535 904
359 100
640 523
145 99
713 81
479 473
340 421
523 103
45 131
873 258
205 26
4 572
927 273
291 287
5 308
337 793
476 45
322 922
726 660
294 786
80 69
564 67
889 31
580 593
399 796
754 61
609 774
412 494
95 146
70 924
863 512
283 515
695 500
227 441
6 189
435 400
106 464
393 195
425 512
54 770
775 16
33 7
601 930
601 21
651 588
795 867
741 40
111 188
720 491
384 544
508 875
185 214
473 505
43 509
772 502
929 508
444 416
947 940
741 28
872 68
759 839
47 337
103 340
282 88
104 643
554 798
527 100
477 728
403 774
366 333
652 391
150 90
44 572
120 228
859 688
376 846
733 151
601 897
29 184
938 512
426 605
696 288
886 416
475 610
469 627
389 612
129 621
155 914
21 567
533 24
696 399
646 119
329 332
779 399
363 505
806 932
216 531
161 406
73 260
198 907
775 82
251 621
178 775
666 168
767 100
571 703
715 541
165 898
175 79
492 302
759 580
462 49
518 666
935 58
73 514
202 685
409 70
218 31
925 375
631 672
776 353
897 799
374 512
729 203
752 36
110 228
704 723
855 264
367 902
67 841
662 488
525 745
499 414
373 372
382 880
284 818
645 266
552 514
468 383
859 204
251 874
508 769
138 788
556 669
18 403
371 126
504 468
21 398
845 278
449 792
37 906
145 361
727 380
318 820
177 843
425 54
535 55
194 759
866 182
770 451
38 632
194 57
119 929
698 199
94 665
713 423
476 69
621 545
626 397
28 228
930 627
848 330
60 80
782 345
54 26
23 296
85 72
688 284
63 108
152 14
880 666
385 138
565 113
487 349
286 365
439 158
627 508
111 215
272 191
368 861
938 230
216 293
719 683
607 310
684 785
129 331
470 449
889 631
287 875
221 456
131 365
146 431
678 28
654 888
302 845
625 98
601 667
212 9
556 907
225 490
290 355
594 510
502 671
25 705
935 611
477 647
276 793
238 133
725 630
128 14
489 104
557 819
715 220
361 713
239 348
119 812
645 628
25 513
180 654
270 867
84 473
126 121
398 194
835 718
592 687
778 776
613 907
816 739
49 446
291 277
509 300
575 216
809 204
832 543
39 433
483 176
247 350
569 747
789 538
702 640
271 515
505 851
885 669
214 805
198 931
526 812
366 321
828 545
575 55
27 212
371 202
814 678
932 415
91 726
852 87
507 905
252 894
849 231
362 167
549 145
208 695
42 626
439 160
627 589
273 538
577 912
745 364
485 373
38 467
897 856
422 861
320 25
648 512
469 424
538 255
83 79
749 60
327 848
692 134
334 770
943 144
715 486
460 578
884 567
563 433
303 345
790 625
572 752
249 903
363 737
637 386
482 889
909 20
350 50
52 401
64 506
310 808
302 517
720 196
669 286
393 3
842 364
809 727
256 753
559 932
872 307
274 924
900 632
714 727
572 615
258 549
418 458
310 610
939 30
844 781
912 766
264 171
632 613
255 847
606 61
570 706
775 772
780 946
492 799
561 835
752 917
709 693
388 387
447 899
351 894
132 690
331 492
246 276
638 609
188 411
275 304
701 298
106 9
411 211
883 303
303 927
465 890
790 137
442 27
812 461
332 198
869 73
816 843
870 799
755 467
473 68
218 154
606 599
903 292
924 213
344 131
714 270
300 510
750 514
853 211
631 4
59 186
155 878
326 901
470 486
471 648
482 692
484 123
376 570
1 650
618 53
733 551
714 379
520 242
336 628
652 938
905 568
264 432
748 385
37 165
485 75
793 421
732 232
231 702
100 278
436 456
86 295
68 383
28 454
685 544
734 550
902 452
729 510
539 123
662 781
617 706
336 680
73 572
479 236
896 266
278 459
535 102
51 37
73 518
798 582
512 54
878 191
436 86
812 941
811 749
540 9
497 632
427 602
345 148
178 127
479 190
158 280
896 823
835 741
602 193
148 217
16 591
888 166
323 810
530 174
125 821
116 106
304 219
220 206
936 167
343 193
678 859
164 354
863 382
147 393
58 136
186 374
317 618
716 920
48 379
157 451
166 396
829 68
35 356
166 112
905 524
598 87
124 271
478 87
35 330
646 554
872 195
801 146
1 293
572 399
250 356
302 846
127 62
318 220
35 219
492 321
414 384
465 807
797 233
626 571
805 781
907 150
93 107
189 246
136 563
26 491
680 626
392 188
297 274
819 789
356 615
212 236
60 158
800 180
771 482
250 681
488 529
851 450
488 392
883 323
532 19
881 462
706 906
546 324
327 701
209 457
832 697
210 696
109 35
58 675
78 865
788 523
517 526
807 947
871 95
767 323
587 658
795 361
945 318
109 524
490 491
254 384
273 925
89 429
625 35
355 862
322 303
132 745
310 257
363 473
417 30
274 74
786 23
217 273
625 711
752 414
183 406
612 548
543 47
220 611
204 790
321 900
733 641
333 444
643 892
312 503
525 371
806 716
329 216
83 181
200 58
616 600
129 684
35 887
943 798
810 102
359 728
354 737
133 211
246 947
707 191
752 544
576 596
654 457
551 445
556 601
524 63
442 47
513 555
92 465
327 538
883 61
127 659
513 336
577 488
427 502
184 889
267 503
135 30
873 748
299 242
593 782
66 68
763 619
801 14
29 455
365 184
835 525
497 382
248 27
402 878
837 77
547 329
163 121
6 501
169 895
423 226
478 774
323 856
939 170
217 107
48 805
684 718
543 489
334 499
541 233
723 868
181 867
469 62
76 670
354 377
242 180
263 98
304 17
231 227
368 529
427 619
3 566
798 660
827 716
490 869
825 871
492 165
735 549
792 461
419 262
632 780
264 657
501 401
278 42
870 904
251 771
790 894
454 676
156 145
499 403
384 505
342 625
574 598
166 884
842 110
18 307
745 741
451 314
60 595
667 672
482 317
254 719
573 680
627 934
421 43
584 545
189 95
680 330
205 337
885 287
699 548
749 48
309 288
686 361
855 621
682 611
1 607
181 526
859 314
147 390
839 154
536 700
782 740
630 911
56 335
798 843
250 168
379 426
709 698
348 494
761 866
476 225
282 685
190 18
655 464
82 564
822 2
617 878
426 881
190 649
419 660
635 691
831 439
211 790
698 391
151 489
70 270
796 206
3 687
383 134
343 938
104 254
648 662
485 935
579 498
98 247
323 809
29 24
360 822
819 320
318 196
172 168
