873 1705
784 203
234 619
438 12
744 873
546 768
777 186
356 169
798 768
590 632
99 393
764 429
478 191
750 695
517 638
594 790
335 473
69 269
362 281
736 75
466 820
253 423
160 481
324 615
421 23
351 773
334 199
382 613
321 152
858 827
257 635
60 547
637 866
157 525
711 252
827 125
352 207
509 320
678 94
91 720
165 121
264 262
739 790
177 127
342 777
456 637
314 519
136 489
745 285
525 60
106 449
52 200
537 726
226 61
240 450
352 710
666 101
480 48
251 233
624 18
421 298
758 77
657 500
336 686
154 102
517 688
498 398
99 340
488 136
491 117
383 113
830 429
599 20
836 393
742 94
351 91
530 735
74 764
859 203
166 164
189 29
204 447
712 405
258 524
426 442
24 113
498 24
481 432
748 18
842 404
525 812
860 413
353 530
262 761
746 91
469 689
532 778
279 432
706 352
842 729
591 829
120 481
342 734
826 181
419 628
746 396
160 428
195 382
389 573
692 186
718 627
475 559
520 107
538 854
819 748
732 384
517 322
850 823
196 93
85 149
415 772
822 177
350 542
446 133
122 138
251 831
434 318
54 544
432 129
98 243
670 585
620 268
809 446
385 361
831 825
172 764
604 357
588 833
416 618
165 214
846 770
639 231
697 645
830 764
434 136
272 589
220 198
58 210
796 199
722 534
728 220
156 861
667 75
317 387
4 393
48 371
647 271
803 824
440 509
403 861
479 499
283 140
543 751
854 197
784 257
548 250
199 575
227 507
785 294
326 838
796 264
834 416
769 576
724 381
562 278
49 681
202 114
615 799
299 526
543 153
325 93
738 166
409 146
852 418
564 372
776 625
115 493
560 174
410 364
183 827
170 361
409 861
332 627
422 446
712 273
209 323
50 863
360 832
843 160
330 117
80 335
345 823
625 488
532 812
404 309
278 108
816 200
382 176
132 351
459 279
716 397
851 431
656 719
546 519
478 479
47 759
512 712
431 16
825 42
254 716
457 192
829 512
22 567
357 615
198 752
795 98
762 428
324 54
802 583
431 315
685 837
248 484
842 26
734 691
559 28
228 7
504 189
13 824
241 148
575 694
425 619
738 870
414 662
54 819
313 481
849 44
816 366
49 827
465 720
838 517
508 466
628 451
556 352
445 85
395 506
307 108
277 327
499 788
7 169
268 820
496 482
522 847
559 710
634 830
583 241
488 596
506 509
769 815
495 550
226 313
393 645
123 380
645 318
664 776
618 524
32 812
234 440
438 648
681 676
259 688
501 88
564 656
799 220
19 208
497 736
42 211
227 85
164 31
800 661
323 256
89 632
145 107
613 634
547 423
413 196
754 119
354 828
300 237
324 781
523 665
48 839
125 828
223 772
189 607
447 332
659 355
93 25
100 253
554 851
738 449
242 346
112 576
425 686
822 272
734 662
167 48
201 717
661 15
457 545
455 328
171 194
126 202
321 98
274 88
848 706
392 777
391 69
163 359
574 38
704 1
13 281
666 520
761 398
688 90
802 379
804 75
610 688
368 299
848 229
683 760
110 101
509 616
148 213
461 623
649 246
313 832
545 498
273 164
750 437
809 549
189 475
389 137
446 527
647 638
870 312
640 712
628 397
463 121
473 359
130 525
645 250
429 793
415 572
493 482
65 401
786 774
176 628
185 194
832 189
406 384
237 870
698 392
254 596
245 580
855 58
453 631
182 848
641 106
407 524
783 47
8 385
82 120
467 612
305 223
554 116
866 536
498 149
212 272
268 111
328 450
350 553
441 787
337 223
253 793
704 577
468 88
552 513
370 551
526 387
285 121
431 398
16 440
549 445
309 228
189 57
655 849
432 753
275 742
864 724
369 605
833 848
559 224
308 467
366 611
721 560
614 752
394 331
454 481
383 453
517 114
349 843
126 868
309 839
715 605
302 130
838 336
664 576
519 815
799 154
488 105
804 343
805 565
702 484
599 569
196 310
638 549
384 578
279 62
627 78
72 305
524 11
673 445
312 787
57 451
870 28
110 464
103 850
586 18
576 607
501 210
871 503
859 858
733 498
57 255
684 538
217 526
417 92
54 806
650 617
122 661
486 872
803 77
834 822
840 78
856 454
455 64
319 498
385 503
774 107
474 444
289 744
659 473
145 313
661 742
77 329
811 242
677 709
141 698
572 87
310 570
168 373
67 534
1 753
44 254
466 757
250 755
95 680
555 234
440 23
599 690
30 219
75 840
494 313
831 271
545 37
505 590
769 458
850 759
299 714
452 82
315 709
770 363
132 429
71 578
124 214
45 52
619 467
604 293
491 17
678 263
369 44
148 323
59 559
631 182
598 494
653 390
521 824
477 79
685 315
723 248
57 463
104 242
562 771
796 747
804 810
821 375
646 569
686 643
583 808
417 736
520 823
649 194
273 54
827 485
479 245
857 477
384 409
78 807
402 485
41 630
408 271
317 790
247 238
71 854
661 231
663 199
858 557
857 547
701 167
373 257
179 133
721 375
119 461
785 37
383 50
836 282
169 627
832 386
795 381
504 563
128 590
168 660
88 33
857 597
295 142
200 809
26 721
80 852
375 237
583 791
35 344
595 167
560 323
32 209
750 442
611 30
412 616
424 725
155 784
142 436
24 233
582 796
348 776
495 587
6 344
872 615
576 382
748 663
696 778
8 268
841 471
633 59
311 800
368 346
684 314
741 355
451 335
141 108
804 316
520 640
817 66
605 754
101 132
504 584
822 108
440 666
314 191
637 574
669 503
485 182
860 326
381 656
370 557
781 569
466 549
642 247
736 134
424 167
305 868
423 166
577 859
233 29
36 726
720 110
705 447
641 748
311 822
94 418
586 407
499 41
104 599
29 446
124 55
676 817
183 852
25 865
548 331
521 148
402 59
14 323
437 752
767 477
648 224
683 732
460 390
772 350
671 429
470 637
207 49
112 813
721 164
796 95
61 119
663 158
629 175
523 584
525 153
415 140
403 112
730 101
51 25
440 235
719 133
149 274
157 231
214 823
566 438
254 84
526 800
289 733
695 408
725 384
393 623
555 567
813 861
364 738
130 220
528 610
564 235
640 267
227 59
486 178
380 352
496 733
222 648
836 567
783 740
100 617
853 608
250 90
292 347
225 646
237 502
530 297
190 355
101 497
247 744
86 528
695 494
164 236
307 279
261 220
553 257
78 82
310 865
322 474
337 498
154 205
545 598
529 425
459 576
132 277
764 859
254 621
607 257
23 176
426 132
136 503
377 261
393 131
844 768
749 380
87 642
382 534
382 171
400 598
420 823
133 27
562 549
863 295
371 263
28 776
692 445
472 792
786 275
12 298
302 604
472 135
591 192
405 264
18 500
206 731
454 250
293 8
685 449
5 863
670 309
542 741
307 277
611 300
862 380
582 373
92 692
871 386
799 417
123 249
291 579
298 755
3 739
119 37
85 245
451 365
716 57
846 358
683 663
760 227
45 754
149 440
231 662
219 498
675 833
344 79
113 600
349 632
79 745
685 585
782 133
863 512
153 536
582 665
768 101
113 698
112 654
370 43
540 838
868 331
684 275
758 243
408 488
425 590
724 182
90 835
701 23
132 185
12 826
607 221
412 456
566 745
203 469
522 54
687 783
710 420
201 15
324 280
218 685
19 564
652 1
805 621
350 683
421 788
615 722
194 175
619 335
256 310
771 546
168 592
853 124
602 316
644 630
505 829
415 710
362 734
399 696
118 464
556 518
607 202
825 322
260 11
703 289
249 400
181 873
70 171
201 533
120 856
562 83
469 268
256 119
40 377
499 232
867 588
449 602
639 846
145 546
848 213
44 747
281 226
317 825
65 256
643 249
26 8
833 621
668 151
134 735
671 559
379 688
770 236
70 872
452 307
101 601
596 666
669 359
84 728
695 866
863 792
519 60
200 759
245 104
269 285
297 702
536 43
611 356
561 485
814 817
512 84
328 459
684 485
56 522
494 273
256 560
168 434
443 232
415 134
842 446
811 709
81 491
305 344
346 554
411 695
56 529
384 589
260 432
704 87
396 266
630 424
674 697
228 842
835 768
601 46
90 163
14 792
757 223
355 797
855 216
213 525
70 338
458 171
573 253
501 668
368 178
93 493
310 157
132 226
68 266
871 222
753 474
833 181
709 144
533 759
24 398
280 518
67 464
106 374
689 345
592 459
629 634
171 446
85 668
710 383
127 155
795 31
68 128
177 626
39 667
778 444
859 804
556 841
116 752
445 774
228 490
51 435
862 759
205 247
434 488
199 759
722 643
862 604
656 387
200 873
866 342
872 486
193 555
162 728
770 656
75 523
812 141
484 302
654 6
144 827
52 732
456 434
248 639
824 562
553 34
418 536
844 425
267 639
732 60
459 67
58 31
461 551
191 675
6 541
412 547
464 56
872 325
653 565
456 151
39 123
98 267
763 208
466 816
529 376
414 16
327 316
830 301
777 167
337 37
801 57
428 150
120 13
463 295
873 607
13 638
586 675
611 697
527 117
218 447
350 607
5 160
815 755
300 23
772 710
2 649
332 77
616 506
621 337
255 599
789 491
387 68
870 275
34 476
144 191
368 392
168 53
120 131
374 327
236 348
39 105
82 524
678 640
368 796
649 414
13 373
15 698
717 642
398 26
327 80
830 626
821 858
630 474
316 323
452 216
293 860
823 681
333 75
137 123
432 479
750 740
509 223
578 557
9 580
302 526
623 378
256 129
450 692
95 607
474 648
493 167
595 160
360 228
161 568
365 771
332 457
210 87
553 723
784 138
107 741
343 156
110 580
595 56
729 770
180 495
100 595
380 246
99 639
348 629
243 195
300 829
281 789
525 639
783 844
366 304
61 798
722 510
61 314
763 29
347 818
41 483
114 539
563 354
214 790
552 469
625 641
184 207
628 352
331 826
5 431
357 449
711 317
611 330
257 597
258 755
846 752
218 613
222 421
522 407
665 793
597 722
471 703
665 421
574 169
335 377
209 33
744 564
356 698
490 827
629 525
839 844
684 165
282 606
155 452
675 103
144 24
644 128
650 228
482 41
451 84
806 377
469 840
19 482
404 454
244 656
87 89
447 590
76 462
387 407
797 572
250 287
340 586
398 192
347 744
443 323
466 685
711 629
379 244
427 282
727 320
538 687
647 3
867 610
51 784
532 683
644 336
225 745
107 115
566 597
367 823
512 743
92 783
642 675
313 239
495 36
443 457
562 555
52 761
36 710
537 658
591 794
543 328
357 485
538 290
233 101
710 753
252 396
292 554
4 355
744 91
252 165
480 354
209 303
843 386
394 1
487 491
627 234
348 472
6 114
744 535
805 595
636 244
500 264
444 557
563 439
308 346
241 262
80 798
359 697
695 85
661 400
387 657
286 122
70 839
364 160
561 468
441 243
236 356
489 850
437 103
320 795
227 385
272 834
646 739
43 1
536 627
167 224
482 520
732 469
457 657
521 740
207 772
102 176
325 713
589 642
573 62
99 20
178 403
36 405
186 621
266 299
433 553
515 449
700 22
296 255
272 658
310 309
280 189
524 526
410 343
6 639
750 775
789 186
392 736
525 720
696 152
182 424
829 537
425 601
801 56
772 164
168 842
286 293
215 635
787 545
486 8
481 597
156 414
675 87
823 392
408 34
339 23
529 526
288 727
143 49
861 230
329 45
359 362
663 97
461 430
524 263
800 205
195 734
535 218
591 804
220 401
210 107
40 556
136 31
209 703
672 177
727 110
1 586
333 854
690 643
223 72
213 454
31 195
228 691
482 850
232 139
676 592
788 573
588 690
629 869
869 540
856 800
653 437
558 676
795 818
33 200
1 777
294 177
742 424
675 163
34 41
665 377
615 627
543 376
35 455
326 186
182 223
97 130
337 358
641 430
290 810
384 177
7 113
140 508
50 724
493 492
460 589
245 225
90 840
554 666
367 164
325 671
414 815
576 755
143 339
402 862
517 418
631 473
264 771
216 572
585 322
258 471
703 694
7 780
714 335
109 572
39 714
152 473
230 291
755 490
119 147
603 379
100 721
662 432
649 10
341 486
709 32
417 43
38 613
172 398
774 375
557 125
723 570
699 667
758 411
101 583
742 735
653 240
294 411
782 810
699 15
683 329
166 575
597 873
160 447
23 324
363 233
285 452
570 114
740 520
869 721
544 243
304 616
340 414
632 799
222 659
340 269
860 638
723 379
410 255
822 520
273 250
310 129
477 293
759 281
764 108
528 453
684 696
796 865
396 668
751 47
481 662
703 578
831 409
869 481
410 691
430 253
116 253
182 354
735 71
368 191
199 807
514 99
612 671
78 279
356 807
767 681
71 795
592 168
575 305
722 807
686 705
330 345
306 744
170 168
596 407
101 165
587 553
473 505
553 444
437 350
633 654
505 694
39 858
794 410
594 626
314 7
660 438
47 555
249 864
751 787
330 605
668 293
542 652
87 124
141 442
592 706
224 492
496 321
748 87
553 825
695 857
131 588
117 725
50 251
492 95
646 205
406 363
171 239
598 255
257 432
506 857
655 177
127 840
327 348
461 160
764 658
823 444
430 611
475 765
149 782
674 734
200 255
237 91
118 486
75 401
554 779
354 200
409 344
634 758
529 68
352 286
52 249
148 159
187 537
557 69
344 545
57 713
120 595
835 854
30 110
664 623
721 408
118 360
601 655
85 81
55 403
615 812
871 390
452 784
398 492
769 851
24 705
286 452
139 294
56 210
285 689
287 102
40 663
116 468
77 415
247 350
19 324
21 40
741 173
540 431
767 126
560 592
816 127
521 209
230 730
730 249
627 60
833 653
278 721
706 126
47 767
780 760
368 685
37 283
723 788
193 194
269 173
595 462
232 680
121 654
431 370
414 147
237 63
440 362
22 862
702 155
386 788
618 797
129 547
175 95
553 363
258 450
187 488
840 872
644 287
459 396
96 578
441 572
262 292
692 3
199 13
112 322
475 678
504 567
515 667
716 323
572 472
722 227
329 714
695 739
112 155
366 303
118 586
614 410
330 740
592 223
833 219
618 690
466 711
296 315
169 51
81 849
282 431
786 66
113 478
746 795
90 397
825 391
437 664
113 431
425 160
727 593
822 335
773 276
293 505
131 466
556 561
850 124
461 360
855 615
308 855
790 674
735 235
613 102
705 461
600 246
150 225
154 236
392 175
4 273
83 376
727 622
627 596
131 475
49 265
251 821
685 508
333 32
544 31
451 538
234 828
681 154
184 160
576 85
744 428
674 852
215 9
640 729
219 74
737 659
311 480
791 527
538 17
115 397
462 738
450 871
90 213
48 188
107 603
73 132
515 61
312 747
864 186
814 235
670 698
513 698
628 705
403 462
558 236
834 419
427 126
85 630
159 240
108 211
843 256
77 423
5 288
45 137
218 56
863 584
221 29
794 797
569 608
717 766
110 307
96 397
5 595
248 462
157 599
391 720
221 485
638 530
659 305
861 181
21 548
340 207
654 610
846 281
750 93
201 647
225 204
296 597
300 359
408 500
319 737
68 157
687 842
619 215
267 129
840 221
398 835
517 503
683 460
724 122
600 136
395 715
404 477
726 646
692 786
821 131
58 303
573 476
837 455
596 552
262 236
672 8
794 701
13 710
455 687
538 553
406 435
1 222
403 712
392 258
153 240
842 569
682 440
167 229
850 403
832 639
523 811
572 299
63 293
377 89
313 854
555 462
757 774
152 491
