887 1848
215 357
867 20
265 875
582 407
604 123
99 312
523 849
657 231
198 240
701 246
467 752
420 847
775 849
52 590
420 234
497 744
4 489
649 65
252 35
550 340
753 600
114 60
298 256
710 14
116 788
230 483
853 436
174 298
560 89
784 65
349 320
723 463
486 790
430 515
876 138
555 646
679 681
149 686
822 432
582 304
128 273
311 515
705 745
300 426
599 838
603 246
258 361
840 884
345 416
146 595
736 234
498 523
670 6
311 747
632 26
103 16
6 196
67 611
183 578
790 494
186 328
524 574
246 230
287 586
92 69
96 437
169 413
10 336
28 476
454 660
255 694
211 670
12 405
381 541
37 806
831 773
480 818
358 823
568 354
678 790
37 636
724 365
449 739
546 179
585 545
92 535
202 524
96 7
875 152
337 839
305 512
804 507
630 328
118 705
748 131
34 720
463 192
12 165
507 644
810 32
717 254
55 374
448 214
547 185
269 333
372 362
26 777
710 566
152 62
852 652
265 591
413 169
748 327
632 412
578 492
355 496
121 776
16 338
494 224
96 21
538 609
388 453
337 531
881 246
774 822
595 375
547 15
732 17
777 566
405 861
804 120
887 837
30 262
683 592
232 557
586 816
808 608
221 384
97 751
528 879
802 421
622 290
59 564
561 745
75 48
538 814
178 336
533 233
94 554
657 612
475 446
165 555
442 631
317 394
158 385
821 709
39 182
522 92
818 512
92 491
366 487
525 541
373 634
469 87
841 22
143 577
718 827
208 218
524 29
647 271
437 431
738 60
370 264
170 189
171 140
502 766
528 433
527 653
844 378
825 232
270 294
631 819
101 772
122 481
216 305
877 399
331 631
488 827
499 819
335 579
328 787
368 186
228 767
7 680
527 844
51 381
400 379
335 810
419 763
391 4
316 851
866 519
375 304
185 441
322 98
240 423
472 826
239 698
511 161
435 841
257 732
225 848
209 766
48 759
252 399
255 824
734 165
222 228
112 857
683 463
671 235
434 172
416 687
632 644
377 78
412 731
562 259
601 479
511 140
330 727
480 357
850 668
412 268
749 576
184 776
295 800
505 153
415 524
436 647
557 692
762 582
103 212
105 525
507 161
203 613
501 840
120 100
195 457
289 28
7 619
422 336
147 27
75 534
167 857
388 300
139 309
432 313
638 601
212 564
14 216
308 445
723 64
831 148
494 453
314 730
278 113
823 303
57 162
111 339
60 268
232 846
102 873
472 476
419 10
76 396
795 525
831 268
521 242
191 376
819 557
234 448
14 841
737 116
810 66
65 598
539 842
421 655
560 725
302 541
696 148
823 606
538 865
666 408
278 556
714 469
290 547
717 317
368 271
827 325
462 680
691 8
768 474
738 352
556 455
43 289
512 549
431 761
109 645
802 165
639 53
142 296
147 488
868 678
594 777
671 576
856 650
315 345
343 380
701 733
62 780
302 657
249 779
158 591
348 73
130 180
335 262
840 305
453 258
519 767
744 294
142 854
258 562
577 784
475 478
205 713
544 220
70 691
767 839
150 628
828 156
708 375
486 333
182 513
143 773
648 623
446 448
747 101
621 686
510 875
332 173
868 716
484 770
60 158
820 75
345 442
568 782
492 132
793 418
500 324
362 357
343 453
698 353
292 517
828 10
705 603
522 588
605 855
695 129
366 777
664 288
541 465
157 306
126 547
655 341
588 135
814 590
350 854
333 540
798 766
621 638
348 664
149 601
259 290
48 336
536 568
704 452
366 735
167 172
481 336
134 768
679 540
24 64
225 705
617 71
262 531
268 596
621 586
321 435
302 64
118 812
604 397
677 321
364 631
751 560
809 857
662 341
828 24
425 539
357 592
784 521
231 123
565 444
516 429
592 502
354 867
299 824
377 424
469 819
367 183
334 574
341 3
289 424
737 777
422 886
481 75
63 608
262 848
768 245
458 176
351 666
834 311
690 605
103 496
124 174
170 557
500 119
694 44
614 258
786 26
273 440
19 812
99 272
379 573
268 245
240 313
428 136
849 206
253 607
654 383
195 547
77 421
67 339
161 61
751 485
406 247
102 262
176 201
57 314
366 353
721 867
873 56
887 313
694 62
694 611
418 253
629 373
410 841
198 820
89 859
497 237
884 463
269 354
722 625
426 50
784 399
417 234
729 238
828 403
372 23
409 11
483 12
405 235
536 836
24 825
871 149
302 579
266 491
786 555
586 860
671 69
856 133
51 571
417 719
769 648
372 785
418 885
753 262
331 834
676 118
456 17
349 378
79 858
522 802
154 399
798 122
334 652
637 163
665 592
565 505
190 403
303 271
768 502
740 405
742 490
602 520
201 606
448 790
432 240
569 529
829 522
794 642
410 222
529 876
502 845
693 886
487 166
199 167
356 117
266 349
311 670
195 350
390 800
849 695
666 487
686 407
561 674
158 191
803 147
398 3
124 587
196 456
186 98
548 705
300 407
632 125
357 44
413 202
213 669
185 731
639 490
547 837
343 691
786 269
467 88
326 280
421 695
776 69
834 199
140 686
308 117
478 587
155 714
804 95
73 467
458 66
613 575
49 813
672 355
305 846
486 336
313 177
62 361
263 152
642 657
718 206
614 410
66 58
31 198
359 245
401 764
562 826
672 267
122 446
877 552
645 456
189 742
619 779
199 24
774 835
721 85
708 853
88 480
552 111
399 497
864 571
8 172
286 87
321 827
838 256
683 174
645 102
857 46
88 637
752 676
87 813
738 464
96 795
10 497
176 286
287 400
399 166
77 391
97 329
577 412
335 388
379 675
784 295
326 260
606 1
109 727
261 593
873 796
2 692
86 388
418 675
38 653
863 761
280 640
740 641
319 843
450 317
621 311
614 286
540 692
643 570
202 99
220 582
314 82
421 798
800 436
385 71
574 209
43 385
722 403
372 371
870 470
529 336
527 197
638 519
53 590
274 365
2 614
669 41
339 881
18 157
648 433
321 116
433 293
658 739
516 136
60 471
500 331
742 64
283 810
753 407
808 497
832 407
784 420
863 784
131 840
668 689
207 311
562 175
853 353
375 438
307 325
116 613
784 268
566 756
131 772
445 405
68 90
694 743
290 76
455 209
565 389
264 473
877 621
273 842
400 862
281 533
841 568
405 835
864 66
522 69
873 276
530 133
254 328
700 98
481 265
668 27
231 104
159 298
785 879
293 868
723 176
339 296
487 21
165 785
704 871
248 644
800 43
319 589
621 754
217 143
199 592
720 632
22 518
731 749
510 266
369 473
645 512
657 93
799 42
151 157
833 507
412 788
767 631
182 829
610 357
25 425
411 353
649 806
865 827
556 486
518 309
687 742
638 554
397 340
613 63
873 834
235 195
716 883
680 84
424 477
693 24
109 417
316 74
134 65
249 153
216 409
363 538
202 762
719 452
796 53
752 660
768 169
403 60
295 431
852 441
856 455
378 576
658 526
257 274
152 120
686 64
809 286
544 886
671 16
174 537
484 4
799 112
269 315
642 352
588 740
9 838
474 795
866 200
25 697
392 148
527 829
202 192
185 136
293 151
282 856
227 802
370 634
867 351
711 700
768 8
401 561
865 703
792 190
795 852
101 513
25 389
634 214
120 5
689 289
637 544
322 247
845 286
16 661
97 701
244 430
346 608
261 627
443 368
429 551
74 342
38 816
737 340
460 559
766 867
433 445
515 715
571 294
516 213
306 20
367 247
223 18
229 295
428 409
846 835
336 691
229 835
785 620
30 671
293 130
721 233
632 681
337 485
7 814
286 853
612 784
82 636
74 713
55 595
813 184
338 800
137 482
211 103
57 256
525 215
684 749
867 782
581 4
476 59
236 141
751 99
20 788
444 692
598 616
162 568
242 192
868 711
820 223
819 849
736 268
420 749
390 172
324 235
477 637
880 698
204 477
433 584
846 18
137 791
292 404
294 5
703 796
45 588
282 142
501 58
395 40
72 758
41 362
646 441
795 452
391 497
50 721
109 465
4 812
674 515
635 706
282 467
319 191
391 866
175 209
858 24
237 45
292 403
114 312
61 202
210 516
484 77
140 868
848 690
49 840
377 331
125 403
398 153
458 140
60 328
406 883
471 120
498 835
561 220
376 49
712 64
493 519
79 169
464 718
88 874
490 232
291 409
777 424
389 455
861 173
10 649
691 351
268 879
231 512
366 793
333 112
26 450
816 22
141 873
55 56
367 620
526 69
433 650
488 118
716 83
807 217
518 148
323 324
663 543
777 879
596 53
213 381
143 102
571 497
57 302
679 447
520 870
452 329
756 162
641 199
338 768
619 657
374 695
573 662
444 355
700 736
335 185
712 794
414 296
568 271
277 581
337 301
485 264
323 165
783 172
737 204
574 99
39 827
500 161
622 314
17 470
734 132
460 534
549 331
862 258
635 337
391 240
802 226
35 519
803 858
399 741
42 372
439 228
579 803
526 862
831 761
184 345
112 726
371 67
423 522
337 183
83 384
619 281
214 398
313 348
793 770
207 814
744 389
409 636
856 105
811 674
817 21
854 114
305 822
76 700
664 117
27 250
247 863
405 489
834 251
269 804
145 801
743 170
767 32
454 613
10 659
429 431
219 426
311 448
204 656
171 632
6 12
756 53
245 509
90 36
878 803
828 633
138 421
859 853
278 275
281 411
466 28
736 194
292 427
649 91
117 410
362 275
697 140
789 169
592 155
646 738
753 421
150 620
743 216
583 537
93 622
849 717
158 737
310 682
107 862
4 494
776 287
596 570
11 651
491 508
403 578
479 152
198 133
863 294
132 649
279 92
56 474
448 700
807 812
494 537
465 532
339 15
802 653
784 341
400 308
697 885
347 386
42 658
367 16
7 622
248 181
660 319
275 868
480 38
797 823
593 787
336 549
417 881
570 354
731 384
596 447
563 869
178 453
713 1
252 816
74 48
316 469
806 634
572 819
246 535
103 475
799 318
432 472
804 651
325 419
113 552
721 380
208 841
17 802
344 675
181 223
239 871
124 31
94 675
305 409
863 757
646 848
635 608
175 194
394 618
765 830
15 126
697 582
682 274
406 498
548 116
682 543
352 245
871 347
808 542
170 864
213 718
370 687
811 95
44 871
33 264
604 193
811 793
135 148
27 567
711 768
416 495
241 382
187 262
665 807
280 857
745 363
853 709
485 379
56 821
707 673
43 548
658 123
201 764
759 314
169 485
377 419
743 779
565 472
749 331
238 458
42 721
336 617
123 624
567 142
845 552
841 638
663 838
817 5
730 334
219 853
131 820
116 286
668 303
789 525
719 785
465 755
102 829
306 485
536 431
685 882
65 263
191 835
840 336
787 149
509 646
510 236
349 690
373 193
466 878
673 270
693 136
143 235
491 705
80 398
561 526
197 36
456 354
257 652
203 328
791 843
596 481
634 156
468 679
716 560
420 514
543 349
230 7
14 158
469 630
273 397
496 247
560 854
783 645
751 464
456 175
408 18
33 880
695 233
83 864
583 727
110 753
739 662
225 720
869 7
94 200
450 864
683 786
756 836
685 42
348 791
297 124
634 488
579 594
319 333
319 792
699 662
645 355
757 494
591 361
13 558
804 783
695 279
256 561
520 552
687 722
10 410
845 23
833 631
705 314
789 5
887 408
232 879
657 773
547 610
785 870
54 696
382 21
40 716
684 551
371 292
281 76
9 119
600 867
693 458
861 89
20 751
24 95
268 384
507 832
630 403
450 741
696 245
699 384
850 419
406 344
834 287
563 327
818 197
575 532
357 413
177 36
657 143
417 88
474 558
459 8
211 261
140 242
680 626
608 292
497 592
852 77
545 539
674 147
553 277
185 787
743 165
656 692
752 750
298 82
71 744
478 762
412 106
413 148
159 400
295 80
27 325
869 758
875 204
879 780
111 813
206 708
597 220
618 652
148 595
304 812
752 741
129 378
701 255
617 567
657 566
90 721
198 598
848 338
276 720
300 148
765 574
878 263
454 448
478 113
11 88
20 416
54 94
21 399
28 331
196 849
453 153
532 743
681 235
790 455
709 541
620 488
717 408
112 612
569 353
439 397
575 298
449 150
292 177
130 52
721 820
519 505
502 157
158 606
184 31
820 116
177 735
21 805
646 455
323 827
566 515
258 690
45 783
250 2
835 55
846 52
80 248
777 166
641 697
36 744
2 574
409 442
874 155
665 279
756 781
830 577
338 822
855 28
579 70
247 827
488 453
125 101
293 740
646 168
280 465
838 277
199 254
588 804
692 203
555 110
313 399
612 21
499 458
320 98
862 46
646 458
704 333
797 491
432 597
200 60
184 832
9 173
763 225
880 387
109 815
424 433
49 471
365 11
204 45
576 170
521 373
559 19
169 194
64 493
690 113
467 421
882 575
260 481
804 72
550 395
478 519
348 535
673 838
325 858
18 651
686 223
139 40
430 537
183 291
429 521
107 454
567 89
63 300
297 610
464 323
706 360
235 282
699 741
303 840
850 245
282 140
138 543
353 676
373 254
124 609
87 154
665 30
349 720
351 257
390 553
106 874
534 201
132 282
416 61
572 325
77 642
448 632
146 688
419 169
384 837
320 264
411 470
91 667
347 334
95 740
834 884
657 355
344 45
375 367
444 818
486 8
110 281
157 184
530 690
331 48
462 517
159 144
847 756
23 335
509 226
471 115
202 772
167 794
401 726
556 74
25 67
299 845
709 734
88 168
859 252
646 522
665 825
133 371
395 795
549 246
292 574
349 571
831 813
84 197
348 754
565 829
549 829
645 539
360 185
361 342
132 367
779 630
402 520
371 677
872 793
599 173
766 373
72 833
290 437
593 753
477 342
649 61
176 308
378 848
567 550
488 818
166 553
721 467
799 46
696 698
261 443
333 798
782 598
551 526
517 650
758 492
656 1
640 203
567 885
751 882
57 866
264 4
215 638
265 702
769 192
597 186
798 814
820 226
438 787
21 484
369 579
433 859
166 7
735 322
23 49
335 451
798 418
217 698
42 352
449 351
196 103
364 590
771 160
32 336
857 609
392 547
742 754
821 278
808 672
592 23
22 324
394 352
295 405
595 243
444 669
23 280
818 430
657 417
713 663
205 488
760 492
758 779
363 647
400 336
758 182
668 887
850 878
737 714
519 168
672 150
102 9
68 137
353 50
653 93
700 24
829 518
829 433
724 579
48 617
158 482
658 187
752 162
226 335
793 795
874 150
474 568
521 628
796 407
830 345
170 310
834 241
194 570
785 681
124 865
457 838
500 503
264 88
304 255
142 548
641 720
470 314
751 224
316 79
230 886
883 53
740 367
772 586
260 520
392 737
160 653
413 853
547 702
784 486
110 368
24 27
135 743
619 471
640 165
494 164
773 541
155 471
374 322
647 371
105 434
509 560
354 838
45 355
32 749
666 683
646 312
685 787
68 811
514 487
572 273
517 37
189 148
48 619
410 457
875 160
42 285
146 826
82 449
184 816
800 877
704 620
123 766
783 883
572 441
205 22
869 650
431 483
786 741
402 730
422 852
46 458
79 327
460 215
147 210
494 255
646 8
832 569
781 815
504 229
413 757
711 121
803 575
139 575
788 284
221 225
145 448
405 14
359 238
431 457
43 771
126 389
385 126
387 453
168 777
104 632
431 500
421 608
818 50
433 589
289 190
551 631
115 9
353 278
82 322
712 640
270 589
72 500
458 789
516 588
49 654
582 654
54 343
757 246
65 113
801 293
879 754
9 259
726 158
850 609
214 441
497 307
530 498
347 163
148 48
758 57
637 30
389 241
112 694
495 328
9 818
831 599
592 784
176 34
487 103
473 411
145 662
239 787
98 686
871 41
142 618
514 521
273 860
290 594
3 385
767 290
457 83
756 206
164 182
541 711
153 239
255 166
57 551
207 36
653 239
268 262
787 47
430 22
146 108
759 344
371 113
532 151
836 720
533 720
532 584
496 120
139 842
671 253
426 632
7 286
619 38
429 72
59 55
799 580
176 318
202 597
169 128
470 638
113 361
525 69
341 643
530 16
697 513
165 630
791 859
777 595
98 699
563 232
601 394
569 798
436 147
589 739
150 655
115 411
265 144
596 538
503 811
608 557
291 203
185 775
790 243
13 676
513 692
686 51
282 317
653 282
175 554
481 688
301 623
205 175
708 684
701 378
561 552
127 595
322 553
847 124
631 878
389 218
90 717
269 127
761 409
113 50
683 234
543 307
88 714
825 365
106 475
792 610
698 238
203 414
461 569
318 727
730 575
711 377
5 98
17 668
715 392
1 173
424 682
564 102
575 590
350 268
225 867
303 539
744 60
306 874
473 458
334 435
265 502
323 245
344 345
641 709
295 572
351 126
449 703
191 449
