848 1663
451 719
305 232
515 547
92 683
383 373
596 429
838 235
831 512
677 236
9 548
810 414
136 673
776 92
303 684
550 18
814 717
780 88
234 443
630 554
355 24
602 628
624 607
82 61
27 219
623 138
97 70
151 186
193 352
732 664
285 837
144 497
74 421
4 328
602 639
515 275
831 128
640 666
73 244
423 787
73 834
475 239
403 740
81 673
598 280
95 374
685 786
62 581
448 542
488 603
333 14
551 500
116 568
63 580
432 2
451 254
625 521
2 489
644 645
744 31
481 447
320 123
708 521
694 556
476 374
350 701
55 316
500 809
637 696
687 337
326 208
122 567
58 645
166 760
132 812
622 107
632 262
635 275
676 773
492 139
279 665
339 520
823 523
226 471
101 729
797 108
238 136
699 630
144 776
481 90
721 355
338 466
141 512
92 741
753 741
111 173
716 740
292 515
529 165
362 254
37 390
78 135
634 137
446 508
705 162
764 785
636 606
551 845
721 34
162 411
525 89
466 773
157 179
162 577
612 534
408 449
358 69
765 667
146 483
644 358
220 683
631 246
150 666
743 792
617 412
736 132
258 133
774 47
80 498
334 29
470 621
109 302
292 561
59 339
798 383
303 41
163 804
377 434
305 64
683 596
278 797
486 144
530 574
681 526
39 762
774 38
743 301
67 788
506 63
381 23
751 583
678 102
846 114
189 821
820 134
568 833
629 216
494 822
373 47
401 161
66 760
33 704
390 523
467 337
609 809
294 205
551 413
571 379
247 515
839 831
161 828
272 404
21 690
578 122
247 688
382 322
494 742
558 731
124 832
179 74
221 784
632 200
742 189
196 218
411 824
665 302
246 380
102 687
785 747
521 431
631 694
200 125
591 147
5 674
598 227
198 698
517 844
429 434
208 198
524 756
91 147
246 573
504 513
657 430
739 620
301 463
677 686
520 581
185 308
251 55
17 659
839 736
385 496
97 283
371 164
318 310
709 244
346 39
808 134
133 350
329 778
190 769
339 435
415 435
145 715
517 813
832 454
59 673
333 589
14 216
627 34
757 714
244 421
606 655
3 173
342 18
452 264
697 114
496 482
707 703
655 41
713 18
287 3
219 444
820 125
135 92
384 700
116 344
101 199
156 169
286 406
287 123
244 140
240 407
44 791
172 297
565 761
658 374
182 246
83 312
528 731
731 30
128 355
330 546
702 397
833 546
299 394
782 94
842 134
831 790
262 685
89 721
256 630
152 266
309 4
205 680
614 699
843 845
263 471
649 497
335 95
194 522
341 713
89 398
677 309
93 430
310 220
420 511
60 281
445 806
178 313
806 372
590 7
58 156
611 674
610 395
346 2
365 305
671 21
178 788
789 399
593 615
795 274
13 369
364 254
187 66
831 661
699 599
176 358
559 693
382 419
22 207
556 582
256 317
391 271
46 741
627 238
177 731
820 273
785 804
418 396
658 346
821 745
553 148
42 269
321 338
449 261
290 34
399 452
630 465
542 699
620 704
786 783
243 367
120 632
230 717
823 39
543 164
766 610
634 674
304 792
86 544
415 572
181 654
477 222
580 206
61 629
766 751
424 16
83 373
636 146
626 783
156 622
506 42
175 116
19 37
581 193
731 278
604 536
570 111
542 24
219 277
129 525
668 3
390 542
282 447
433 630
40 784
285 456
324 370
785 768
456 501
682 185
167 601
846 588
10 404
639 707
821 786
438 84
62 174
246 411
697 218
557 115
69 94
35 194
826 116
773 230
228 347
470 839
52 614
277 583
47 429
384 813
828 182
507 691
499 760
685 753
337 771
86 331
116 812
479 194
262 27
652 74
28 812
845 260
276 342
495 505
281 248
466 529
605 801
619 208
210 464
15 585
166 325
443 704
125 376
230 93
305 106
622 484
644 347
228 630
235 390
193 16
449 142
729 441
244 178
26 109
82 382
838 132
366 645
370 760
499 484
66 544
195 50
86 114
570 10
348 730
276 356
352 669
780 335
726 66
104 333
88 135
35 845
681 406
542 127
432 249
300 113
823 472
18 609
497 549
764 42
73 55
189 259
155 194
508 18
746 434
765 545
695 495
183 204
738 517
284 274
471 811
239 542
385 302
645 653
626 629
331 301
542 847
230 573
200 330
30 583
487 706
805 323
276 473
778 525
750 603
67 453
17 755
716 443
690 432
123 580
252 206
576 669
351 572
174 661
233 664
418 644
238 540
338 175
144 823
180 32
414 264
515 159
654 189
201 334
564 512
781 6
30 186
17 604
496 599
23 820
816 123
175 617
71 381
202 252
365 608
835 269
289 497
369 280
156 410
340 465
776 379
570 152
366 63
632 28
642 803
510 16
316 140
500 763
729 93
624 330
40 299
278 304
133 152
640 740
509 740
720 365
701 571
375 799
344 586
296 329
206 122
690 703
501 371
70 783
596 790
423 794
416 721
456 542
345 236
439 609
343 350
599 483
219 264
240 659
149 711
297 492
838 807
109 804
791 233
461 17
762 363
369 197
59 730
482 316
120 39
659 78
365 145
812 757
219 257
317 95
800 103
309 15
165 598
693 820
844 26
224 658
650 402
694 390
146 126
240 818
295 457
66 658
638 227
713 707
98 246
543 52
184 403
405 416
336 622
689 174
691 702
714 190
741 45
322 771
758 222
46 74
213 731
471 118
550 806
648 41
478 529
463 765
335 743
265 639
655 694
252 675
270 536
612 131
139 396
784 411
326 504
826 106
616 484
135 820
415 690
320 491
325 193
605 68
790 373
275 737
240 225
162 26
346 303
276 579
705 727
445 287
251 45
822 233
22 710
336 595
62 199
373 45
49 687
620 34
273 295
176 557
189 192
656 309
452 707
749 595
808 486
316 197
427 273
402 297
90 509
293 696
150 137
841 499
508 601
576 699
812 539
34 152
383 461
403 694
448 349
345 272
418 614
293 107
23 779
225 80
233 445
307 387
521 134
423 802
524 450
292 420
681 726
258 797
354 614
541 680
251 281
291 264
646 215
581 1
358 720
767 636
790 567
441 671
150 155
443 143
21 337
524 758
173 480
636 197
124 484
721 739
666 220
408 527
674 601
421 677
798 320
339 230
424 83
371 313
433 283
325 797
200 324
261 752
105 329
838 469
416 300
839 110
71 591
147 29
170 812
540 184
482 765
66 70
35 544
258 193
245 95
126 498
751 762
350 235
794 174
29 41
535 85
304 728
363 624
758 460
32 465
623 359
520 752
650 515
72 546
293 620
429 551
713 645
769 32
454 335
704 86
154 628
581 843
679 57
21 260
463 690
654 130
205 226
420 583
21 186
776 268
672 365
73 240
669 218
748 693
622 799
109 493
352 595
633 205
536 768
647 73
616 547
343 796
452 399
503 615
79 774
446 229
198 463
291 325
476 677
338 706
123 217
654 423
680 62
96 671
544 675
582 526
702 148
652 454
712 766
491 597
402 168
515 522
686 214
356 106
368 29
114 36
298 594
75 339
40 388
132 733
117 303
741 234
347 622
377 402
2 525
556 100
619 771
564 75
471 245
532 425
510 325
683 239
759 838
324 393
595 782
431 263
553 549
457 697
116 45
522 223
738 576
765 751
405 667
104 64
695 131
830 621
444 396
592 393
161 167
450 173
342 733
831 161
514 818
566 763
695 107
164 36
75 579
134 290
796 545
86 550
307 417
238 715
169 64
556 81
757 389
343 825
768 65
314 545
189 521
6 449
548 652
829 443
667 156
65 511
727 435
360 259
109 451
237 142
554 742
777 572
780 100
104 221
410 212
812 482
284 112
598 540
675 721
296 301
591 759
815 222
184 418
827 286
776 230
190 7
455 319
186 192
437 615
756 209
168 602
775 372
286 565
677 369
309 311
226 77
438 734
118 397
801 558
72 276
435 719
601 790
499 438
646 518
118 784
680 444
188 281
431 696
639 287
67 115
554 476
422 723
831 678
689 201
140 250
16 424
531 507
533 483
600 360
832 10
266 253
98 106
697 234
536 541
810 721
407 246
483 161
324 474
718 14
521 133
814 104
51 466
325 735
827 568
95 432
339 591
655 500
17 637
107 578
558 737
814 693
141 821
779 744
373 449
710 383
694 453
697 461
609 742
582 270
733 146
101 344
229 814
838 665
162 515
474 135
652 597
837 816
552 22
437 358
482 182
120 429
599 815
766 553
836 321
381 636
202 267
442 705
830 291
278 529
809 498
792 342
41 536
453 299
185 248
369 363
158 280
373 734
196 342
260 519
395 808
742 745
554 210
367 11
196 276
379 28
520 45
227 663
618 454
820 107
363 87
246 242
466 161
289 760
440 433
820 393
453 251
36 85
591 687
812 712
65 440
636 4
211 636
358 765
452 370
308 596
299 692
180 209
24 798
480 223
541 644
167 833
46 397
414 639
788 582
441 8
331 199
20 671
330 134
421 301
779 491
340 149
488 627
145 692
440 836
148 637
370 326
479 568
555 401
438 311
317 788
566 612
604 687
58 465
705 768
689 17
568 8
806 6
624 420
189 597
125 120
806 460
679 86
807 29
79 44
187 656
651 500
262 557
468 175
682 104
332 719
222 719
636 700
182 516
561 285
207 115
71 544
574 180
6 609
119 130
781 699
187 681
247 254
818 278
185 38
224 524
389 101
563 285
469 258
623 609
497 54
67 602
657 622
586 162
238 458
55 656
240 618
441 36
441 781
776 464
226 379
462 573
415 487
591 155
717 57
817 611
620 273
551 182
38 847
807 100
253 713
200 714
293 275
39 371
131 722
245 101
562 178
527 46
235 83
15 250
199 81
283 812
490 431
847 489
315 802
318 71
613 293
808 845
830 823
411 135
140 383
643 669
793 265
832 183
779 295
692 118
328 11
273 299
183 808
627 603
95 602
606 423
326 645
737 290
393 706
582 458
359 184
727 446
237 571
769 722
311 590
369 601
270 156
277 246
811 345
426 611
428 21
28 562
25 300
834 269
432 282
288 361
424 548
444 100
510 645
712 118
776 381
834 697
289 705
143 268
44 608
667 568
110 15
102 261
262 30
780 607
433 803
415 249
139 548
394 369
216 316
509 595
718 365
339 109
838 684
159 373
1 127
332 623
116 377
324 475
179 517
128 561
19 66
742 364
396 847
267 505
111 98
616 149
798 715
724 821
18 9
223 64
150 480
207 186
106 811
430 592
306 738
127 526
735 752
366 529
800 170
106 375
276 377
275 843
203 806
498 461
560 80
725 693
637 531
604 137
591 445
336 570
155 264
710 848
454 772
759 732
226 296
68 749
790 605
79 432
278 837
706 768
731 158
406 17
207 684
189 369
526 767
358 486
492 633
632 636
283 799
286 210
198 687
538 174
261 400
180 736
680 211
575 116
63 734
138 585
54 823
497 829
408 752
373 733
556 405
39 43
111 819
423 553
664 773
771 619
356 342
512 329
324 319
845 203
829 625
666 21
373 475
376 113
50 389
566 47
131 482
330 728
789 772
596 481
496 805
50 20
731 29
461 590
580 337
312 108
314 848
433 435
677 144
280 719
634 391
335 678
319 237
729 692
489 754
163 625
77 43
683 656
461 769
447 807
88 817
288 632
756 10
409 783
86 513
226 698
35 270
128 161
538 187
316 240
821 617
611 592
430 491
789 790
96 435
466 733
143 137
137 480
835 217
37 82
718 536
389 597
380 345
519 686
209 551
539 94
604 786
318 535
397 498
281 780
220 301
740 65
340 12
145 573
664 144
482 662
428 830
86 765
682 540
223 444
666 152
652 334
360 698
590 561
335 355
140 549
452 343
716 516
42 727
684 42
284 101
570 193
285 170
4 433
78 781
597 721
280 446
314 627
714 109
244 519
7 304
65 412
841 467
180 721
470 480
327 425
827 512
389 774
790 367
708 612
385 572
615 189
690 139
765 443
767 44
660 57
766 138
515 93
293 794
494 695
815 187
428 660
224 684
409 526
660 81
736 130
240 359
352 801
160 209
332 335
62 160
749 241
176 414
129 69
556 292
6 781
154 560
93 114
315 56
796 681
563 846
602 703
487 147
604 532
150 671
213 556
320 407
652 40
468 204
138 51
278 69
121 32
547 83
278 387
261 585
50 354
491 444
610 737
596 828
83 205
229 86
607 171
311 510
37 346
274 636
481 669
762 774
127 530
836 650
384 729
551 529
597 494
736 312
683 310
62 543
176 308
683 468
425 484
156 332
656 242
735 530
429 443
505 122
677 527
144 309
412 115
457 511
604 510
761 573
553 85
293 717
428 4
673 230
543 791
359 81
399 389
56 277
703 635
186 421
217 521
315 632
504 656
531 79
492 516
327 161
19 400
22 122
351 762
297 139
267 731
641 7
385 321
248 627
304 645
556 37
422 148
618 378
348 178
29 415
711 167
714 82
291 306
663 277
425 479
620 757
827 309
822 848
414 266
288 485
598 20
712 226
533 662
191 621
115 716
275 85
630 675
793 221
557 535
425 622
742 200
345 153
738 641
434 631
155 281
484 497
553 766
254 656
130 601
762 217
256 462
461 549
725 734
670 305
730 68
402 500
446 416
343 694
92 521
19 107
424 670
547 721
507 508
803 699
597 613
458 680
422 327
545 795
801 804
535 111
663 410
419 533
58 346
159 56
369 174
183 68
447 765
675 86
308 319
115 590
116 234
523 756
315 1
133 10
724 163
752 215
125 656
343 324
643 153
743 845
122 700
670 477
194 664
848 787
544 567
467 415
105 96
548 294
682 752
581 239
848 236
781 163
543 180
356 418
757 149
661 453
458 225
506 312
547 546
590 19
645 428
683 617
155 333
591 48
644 102
541 177
686 657
211 137
397 409
805 364
285 334
623 602
826 68
397 123
254 11
309 489
833 298
566 628
345 112
477 627
403 656
548 204
368 633
704 450
353 532
320 161
230 297
527 269
14 421
36 114
77 229
760 292
100 151
14 340
807 343
37 616
472 434
296 89
818 176
601 498
5 573
495 328
830 208
616 657
283 809
720 35
487 521
814 658
214 19
141 337
287 758
218 523
296 177
463 752
564 720
106 694
163 118
747 372
782 800
806 524
442 473
461 520
659 282
645 697
706 460
664 649
426 836
542 686
123 108
590 698
170 471
223 1
520 651
409 281
124 52
490 352
495 613
280 618
740 299
47 77
362 679
795 592
265 101
212 582
355 493
107 124
72 170
366 1
136 465
148 697
186 33
242 130
81 746
26 416
304 770
842 660
367 83
326 6
225 292
173 806
691 665
324 56
126 467
467 486
89 531
38 798
628 140
95 295
775 65
233 329
15 769
513 549
296 60
423 107
542 231
316 606
772 421
519 205
129 366
239 42
759 494
264 616
635 363
47 457
830 246
188 568
646 612
259 185
602 515
623 1
471 372
531 144
290 200
66 771
502 448
365 493
249 166
208 552
86 4
657 312
714 443
57 693
208 301
117 493
283 439
839 147
734 167
575 620
272 821
188 548
133 602
82 370
156 346
601 8
730 428
54 244
534 153
672 493
52 10
787 524
538 394
