862 1634
619 368
752 453
606 53
685 442
634 418
526 161
552 113
631 409
88 519
505 735
655 372
518 387
813 423
821 653
39 238
404 812
701 530
613 197
211 231
454 675
326 244
708 417
750 604
110 511
491 651
240 63
500 62
150 96
38 763
776 186
462 796
447 61
655 632
34 114
825 280
792 26
692 40
550 186
128 829
163 731
221 528
634 436
282 65
160 819
842 677
134 618
695 446
205 798
206 194
29 603
250 97
57 69
461 475
822 582
417 298
420 660
82 342
855 305
269 458
14 861
534 20
576 853
208 740
11 546
156 92
696 644
751 427
139 819
610 295
735 434
440 363
834 48
687 406
641 314
573 64
295 473
761 224
392 349
286 164
221 635
95 651
646 9
186 572
735 118
354 386
119 603
324 285
762 35
138 530
653 275
532 454
81 401
498 250
547 605
456 491
843 57
293 40
67 598
199 51
692 802
756 263
778 161
264 433
640 130
349 242
118 404
227 119
601 281
675 574
286 150
624 150
551 368
539 805
685 84
733 413
827 856
134 25
797 22
624 372
261 382
778 741
706 838
600 818
515 372
383 634
259 296
539 39
282 587
691 224
499 161
682 849
66 853
553 349
46 616
340 27
177 719
256 250
370 559
138 527
402 136
522 92
128 238
554 6
2 715
645 532
25 154
744 567
856 401
233 341
456 575
146 474
577 572
302 553
197 835
721 28
151 459
241 216
52 266
680 552
806 407
493 723
25 726
544 23
715 677
536 273
826 416
662 465
138 21
806 369
187 771
461 536
467 166
729 754
324 836
60 47
246 413
391 465
615 643
654 39
765 309
335 334
562 702
744 549
344 382
508 4
494 825
424 428
161 90
159 248
395 710
624 483
156 625
787 721
55 296
304 826
31 697
125 36
365 64
93 91
83 221
853 406
203 186
90 175
769 280
139 438
551 255
38 790
406 128
9 236
643 291
692 729
522 850
660 708
185 233
684 680
552 423
380 663
367 502
130 586
39 670
25 206
45 243
619 632
70 615
454 718
457 539
857 505
341 259
225 640
565 89
785 403
771 832
4 594
204 652
830 41
723 424
261 784
595 797
79 70
741 207
14 354
471 594
156 202
658 209
134 529
174 546
26 541
85 387
572 3
287 237
768 165
769 839
137 647
546 317
820 652
447 226
653 317
820 563
12 720
209 134
769 177
492 627
427 467
40 30
281 642
236 642
774 744
392 587
470 772
514 173
528 588
541 808
308 387
381 851
476 362
525 177
690 317
197 795
38 339
587 639
856 620
194 111
75 256
94 33
701 690
461 685
548 91
806 756
37 273
409 296
835 411
18 556
207 565
27 774
339 24
837 249
840 595
534 380
535 102
653 215
560 118
851 34
265 273
709 64
99 633
319 425
680 607
164 13
699 71
402 317
461 467
687 772
214 245
796 176
848 95
350 46
13 369
144 795
454 120
542 173
732 689
109 3
699 495
311 167
504 562
84 226
432 467
180 718
62 35
300 295
799 176
379 358
372 670
42 378
595 618
293 523
801 104
438 362
796 769
118 584
706 562
763 24
861 854
426 538
638 518
70 196
733 839
369 103
205 430
407 72
339 165
782 379
200 306
681 63
390 773
458 22
548 102
842 848
811 163
840 188
470 28
592 359
847 327
547 518
783 373
206 271
329 805
147 274
720 432
517 330
739 502
750 827
363 471
198 89
399 573
401 182
617 646
254 686
404 543
59 793
157 801
750 533
291 528
201 37
338 118
656 740
181 151
400 861
282 555
186 181
682 477
583 327
843 410
149 741
43 501
631 603
428 758
440 679
496 457
762 547
634 348
390 752
50 829
294 751
106 109
8 399
136 665
621 610
833 165
382 135
332 2
140 39
624 258
356 852
30 7
337 288
493 232
55 609
564 461
563 639
72 34
384 723
712 605
119 112
726 216
771 414
253 366
249 2
645 522
425 20
210 184
603 691
855 514
626 189
59 805
26 432
481 192
602 178
324 455
788 470
862 181
149 284
479 613
332 700
354 753
547 822
842 429
346 662
61 364
630 281
369 645
271 705
55 789
278 838
391 221
488 94
753 249
783 738
614 510
188 661
552 592
185 726
766 697
417 571
409 412
173 467
746 445
551 788
403 723
152 651
656 678
643 835
219 14
844 192
64 684
255 67
848 146
774 101
704 380
844 422
627 526
187 336
405 196
245 458
835 573
859 777
141 714
699 160
424 440
64 308
52 107
129 819
811 827
725 785
746 284
348 702
847 857
106 437
586 430
472 141
537 546
679 683
280 565
229 752
589 409
303 434
573 219
610 209
840 281
561 326
319 676
548 68
731 684
281 175
617 242
362 265
255 651
733 700
373 151
145 689
224 233
710 164
314 259
483 392
614 196
342 460
346 636
211 109
303 467
38 804
384 667
106 563
590 448
318 477
821 490
386 686
133 541
785 650
533 220
554 485
136 360
19 126
592 401
632 701
191 388
360 459
198 117
274 80
701 471
683 820
665 801
707 103
594 130
654 443
213 713
610 584
113 96
45 582
247 428
855 728
142 290
116 387
575 713
161 207
715 506
723 10
580 820
834 452
844 853
141 253
750 469
494 244
555 722
674 233
557 145
300 817
86 92
146 532
862 102
754 599
790 52
757 852
315 603
65 620
762 503
839 850
10 55
629 837
761 591
758 619
651 818
747 262
381 583
562 68
429 624
377 455
655 668
565 388
841 734
129 263
661 486
299 166
213 495
77 250
334 46
545 440
151 84
258 816
757 127
742 635
784 402
270 701
554 468
242 360
512 76
233 237
115 209
478 488
9 810
6 747
304 507
1 6
787 714
793 252
650 232
246 2
251 504
669 632
115 412
308 330
706 622
339 564
52 447
487 99
662 374
596 65
780 440
361 203
752 757
453 160
650 427
25 796
291 42
591 190
295 530
264 8
644 235
511 129
654 818
753 436
637 697
341 376
87 313
17 82
847 121
832 814
180 647
591 68
115 823
349 804
233 81
144 121
147 20
537 41
443 23
228 860
68 488
414 514
536 804
572 629
626 101
39 256
248 817
396 144
755 131
623 567
329 52
601 13
311 422
792 468
704 700
342 310
774 99
688 224
211 227
587 313
435 52
516 403
124 105
87 642
92 130
256 459
274 684
517 368
355 577
746 503
422 812
350 793
153 489
28 5
636 671
629 829
78 45
228 352
190 79
195 128
621 164
76 82
223 566
462 245
134 630
742 667
671 350
640 162
810 771
156 73
284 182
596 686
291 348
557 736
156 307
287 221
587 388
770 274
555 520
833 465
447 539
177 694
181 785
700 364
703 737
825 109
470 731
347 401
148 169
353 637
727 263
767 203
192 487
728 100
401 652
255 121
419 176
131 506
60 460
500 813
466 141
746 414
732 555
736 558
628 33
545 809
677 737
214 780
364 819
700 354
479 2
136 753
112 645
594 322
464 616
339 516
728 591
549 665
236 798
134 645
819 191
257 698
223 645
170 108
153 172
462 166
755 240
438 618
648 847
215 541
665 800
453 72
462 165
689 413
506 803
803 405
90 31
555 630
182 393
560 835
279 461
837 777
415 29
453 677
14 821
75 431
426 194
545 835
393 430
450 649
327 435
237 697
723 354
229 469
377 308
622 137
164 510
129 255
223 326
562 34
391 859
8 401
403 300
26 362
488 15
549 547
732 197
697 272
455 591
59 494
227 97
281 710
16 475
767 7
36 101
169 73
135 821
230 439
626 126
627 116
278 705
493 512
294 46
577 568
779 235
675 755
322 744
622 441
592 193
166 569
156 615
803 59
471 708
163 751
718 693
99 854
322 20
344 57
1 467
611 528
542 573
487 31
117 755
433 167
588 455
326 810
261 15
587 76
111 561
132 679
647 719
234 44
531 389
349 442
847 18
463 627
284 812
619 844
123 470
521 117
498 133
210 196
18 626
263 686
589 782
552 630
241 126
5 115
48 405
837 186
788 433
239 815
679 514
612 42
462 752
123 530
329 183
811 570
757 266
33 734
258 585
600 133
102 832
50 743
850 696
402 220
693 793
676 444
659 604
551 33
729 623
687 737
67 9
469 208
237 841
121 62
339 422
349 513
696 821
589 331
862 187
459 177
99 406
617 591
215 596
262 337
621 406
175 797
713 657
843 558
118 35
599 702
439 521
281 32
34 101
92 569
517 520
293 291
761 318
617 705
374 182
505 563
470 208
91 592
645 175
591 552
632 439
622 779
238 223
295 353
802 746
190 614
581 745
139 20
837 437
149 664
477 123
546 114
620 602
520 94
389 635
88 64
549 360
625 175
402 608
555 113
829 626
562 344
794 154
709 82
848 335
685 692
69 702
566 217
18 108
558 153
521 456
599 3
15 519
791 792
558 329
163 209
395 747
308 596
573 395
841 614
208 165
781 633
254 310
702 659
644 780
395 806
268 40
787 402
553 806
791 494
802 759
428 847
255 115
627 625
847 671
715 242
53 455
679 279
661 760
596 599
229 843
180 596
26 81
820 612
714 450
239 88
647 524
615 635
281 632
420 3
376 319
196 39
860 395
699 527
665 88
582 34
32 197
714 122
273 730
627 234
862 306
330 355
760 638
453 690
610 225
140 298
588 227
534 596
497 648
223 445
560 511
597 854
646 696
686 770
782 509
220 254
534 269
6 170
748 255
86 498
384 361
150 320
48 331
337 91
713 133
324 575
451 554
95 216
687 307
90 399
220 570
166 445
306 637
242 8
205 148
375 228
770 800
85 447
750 67
291 615
182 385
845 767
281 427
212 483
674 402
773 724
444 635
505 441
452 720
781 853
768 827
701 201
352 435
261 775
285 823
325 821
472 668
424 340
795 426
758 215
410 247
680 9
610 813
76 4
421 410
371 342
820 590
65 174
728 79
491 558
439 774
160 437
549 782
716 682
135 303
531 538
752 29
440 655
720 747
829 317
610 826
562 555
100 638
696 349
809 527
665 440
724 224
48 406
158 650
325 800
662 737
317 401
361 596
378 858
159 228
694 529
663 692
815 263
247 833
451 615
14 599
199 407
441 368
150 23
427 264
518 408
78 675
799 255
584 47
675 293
34 80
219 84
780 152
822 295
858 555
160 83
724 16
605 680
2 126
17 525
54 255
165 611
611 120
406 445
444 224
173 478
539 21
211 814
18 454
775 488
634 268
373 344
267 327
292 786
187 633
545 595
179 640
38 602
595 8
251 184
85 390
657 848
554 549
666 558
461 387
14 358
797 367
657 114
514 542
400 229
2 297
206 679
264 63
212 138
630 511
704 34
520 95
297 74
230 493
839 573
36 190
184 31
536 745
798 347
477 284
655 638
859 620
753 191
535 398
739 307
850 754
581 610
269 299
641 322
751 525
609 633
5 166
597 802
360 606
472 56
843 430
305 54
246 126
176 849
581 730
234 122
860 263
55 120
755 235
59 438
648 804
767 494
721 88
388 748
533 531
823 595
92 623
182 338
777 613
845 515
148 341
576 750
332 246
621 696
144 94
386 183
775 126
506 304
287 85
627 149
402 480
6 519
562 322
198 437
118 380
559 590
567 211
237 354
792 593
706 491
196 183
664 470
854 473
584 24
639 39
307 774
704 300
597 425
181 39
594 247
781 611
622 839
736 108
576 619
301 393
212 367
31 725
363 710
633 735
333 654
434 701
845 605
57 820
576 510
657 72
90 654
802 428
162 386
398 713
4 11
153 727
690 99
311 610
445 361
670 425
214 304
508 85
540 474
171 15
249 406
784 273
823 80
422 412
500 254
569 1
6 156
278 211
169 730
650 107
52 257
472 122
623 74
75 55
133 629
152 780
587 525
181 281
698 181
269 815
420 262
665 420
758 844
817 756
719 654
247 196
133 371
548 248
258 49
316 818
855 747
22 2
261 474
157 281
214 490
331 18
173 68
526 850
269 283
414 732
87 54
544 520
431 716
246 419
74 260
192 268
853 30
566 264
490 33
826 112
408 228
513 364
802 233
248 461
236 278
571 214
455 489
810 581
349 66
759 353
27 159
799 789
691 436
859 311
182 354
213 510
472 707
435 726
203 629
443 227
379 276
265 702
543 791
505 340
354 760
97 639
776 579
524 366
856 566
341 178
165 398
259 812
593 828
120 91
202 577
29 528
229 803
324 521
8 821
213 645
623 659
791 274
373 601
853 410
87 124
771 862
191 473
605 506
695 39
382 813
20 154
127 402
634 410
89 428
90 34
719 231
98 162
460 573
320 547
357 61
585 652
602 754
215 501
860 315
78 360
464 76
357 836
307 518
146 815
219 466
556 358
423 345
43 727
501 319
302 117
90 45
823 583
792 670
758 759
617 308
213 289
712 448
292 333
422 55
243 758
541 35
265 504
127 139
439 287
271 573
529 200
111 350
595 315
682 780
102 217
196 857
603 254
491 399
111 613
185 150
330 729
728 460
709 225
856 304
638 486
567 830
364 142
310 269
108 548
424 645
189 720
542 635
600 392
824 747
70 218
642 804
10 138
610 672
628 252
115 419
524 74
399 726
720 211
720 362
346 214
279 648
284 415
478 573
129 103
166 172
349 708
603 251
545 789
31 392
367 32
650 274
31 631
345 245
718 392
132 189
406 505
849 76
568 155
217 486
545 189
801 299
400 81
127 587
97 249
152 135
720 570
402 329
722 232
600 834
822 706
697 401
517 337
267 481
272 441
606 708
564 86
272 3
164 49
123 232
782 52
380 249
399 783
645 735
795 187
264 599
321 205
488 330
508 232
625 661
534 754
536 717
441 33
334 483
83 823
645 550
668 727
763 6
103 371
547 754
568 24
259 631
437 454
340 790
297 618
154 296
281 416
247 64
29 141
361 319
144 782
437 851
360 54
603 402
89 211
767 655
346 674
518 153
227 560
730 332
108 766
309 729
127 614
717 55
480 244
266 531
420 694
663 460
297 595
680 855
54 182
651 285
64 838
107 142
588 460
238 45
2 455
280 658
67 586
837 82
573 440
851 202
134 570
721 480
501 797
453 635
368 51
499 670
237 132
169 439
577 82
653 232
841 453
380 396
815 57
128 844
283 713
560 222
411 85
141 775
682 794
590 387
228 779
587 222
541 545
583 170
323 615
640 798
525 237
111 331
801 781
749 4
141 687
717 219
499 163
289 592
147 114
23 458
36 200
862 95
160 85
736 634
365 686
795 844
743 345
603 689
273 535
189 70
526 522
638 448
750 100
238 184
449 103
435 734
277 596
171 516
45 664
4 761
97 380
544 542
10 285
547 78
312 546
52 237
255 381
13 776
21 566
577 752
724 574
787 483
647 567
9 570
837 63
31 136
474 567
223 58
610 334
504 258
69 299
855 235
457 541
721 284
153 114
396 229
489 848
1 755
129 860
204 253
389 861
