933 1878
339 456
123 570
658 406
568 872
53 859
435 535
499 328
744 35
444 772
781 49
782 563
454 31
408 312
270 72
716 579
466 344
930 618
346 511
758 294
315 328
761 181
10 310
159 678
736 832
384 692
757 33
599 841
488 734
178 253
439 173
5 416
15 866
569 178
789 770
41 265
294 117
703 844
617 688
736 66
203 45
766 788
286 521
430 626
828 513
2 867
528 504
567 132
442 577
885 150
725 130
677 421
218 442
862 521
422 383
461 912
763 234
599 21
692 361
722 504
130 731
574 845
374 392
463 417
925 552
792 172
364 825
606 840
330 50
720 789
60 143
758 466
83 141
373 694
500 802
660 782
17 258
182 521
242 681
625 657
548 764
626 204
903 813
667 812
802 477
432 693
586 180
149 914
577 20
871 544
201 808
168 63
99 50
562 902
54 607
271 442
398 814
857 550
824 303
89 697
517 884
21 426
407 396
670 274
621 320
758 44
542 360
229 305
297 793
229 676
31 488
880 582
360 333
200 624
520 100
569 691
514 139
144 489
519 101
910 610
397 885
181 46
386 124
4 435
775 268
265 809
527 74
362 824
863 599
149 715
297 5
264 773
654 444
146 908
185 850
134 117
374 388
429 92
201 882
751 21
369 661
571 769
192 709
822 511
436 558
204 463
689 394
290 736
19 34
337 112
926 519
432 455
802 896
31 54
125 866
325 277
371 107
8 111
363 798
495 10
820 776
148 539
424 569
499 265
299 830
486 764
345 217
143 41
712 88
386 259
466 872
727 614
580 592
396 163
587 176
406 731
83 497
854 879
84 647
162 429
491 699
662 829
739 624
175 438
912 16
274 805
158 428
780 62
155 845
783 489
382 121
609 734
23 36
930 136
643 532
25 251
188 513
376 726
824 362
443 603
557 899
317 126
301 484
412 233
664 258
694 26
373 498
538 122
565 78
92 414
115 807
48 353
640 799
511 835
773 898
61 912
844 382
618 875
485 389
676 360
697 229
291 257
382 48
562 550
796 513
121 161
748 189
219 636
919 723
50 510
79 24
252 169
107 291
296 488
702 543
611 659
243 653
413 48
474 779
330 922
521 869
262 133
274 325
204 518
723 526
318 700
106 628
697 456
200 784
102 456
283 302
515 350
628 512
114 16
349 748
907 24
448 798
328 484
298 423
279 395
175 897
93 482
883 483
311 26
27 425
410 701
233 909
608 794
626 409
700 317
248 815
459 915
23 185
261 222
727 269
925 797
395 830
861 724
683 896
577 819
585 690
269 682
427 638
42 225
868 792
28 505
270 843
791 657
815 736
72 904
698 580
218 593
546 408
423 887
247 666
461 897
700 791
784 916
115 462
705 655
80 737
404 752
244 194
152 499
779 932
289 763
290 321
670 164
568 479
605 379
878 764
187 462
211 635
79 77
441 2
406 929
226 238
27 444
175 155
896 90
383 4
22 753
874 920
48 315
144 245
592 824
405 275
782 659
640 563
574 769
493 667
60 725
821 178
895 364
826 715
296 434
264 208
904 839
11 615
224 377
74 346
221 68
222 82
106 715
894 270
363 168
661 546
376 419
725 138
466 585
160 612
806 751
880 562
669 872
764 298
620 556
513 366
54 581
491 157
645 143
599 589
258 562
481 333
923 780
842 724
58 342
830 596
883 780
632 256
789 805
777 538
252 209
217 49
17 188
644 274
77 399
791 8
708 375
476 697
235 338
460 450
375 607
259 543
480 80
260 825
383 171
926 517
796 778
344 686
384 261
891 422
918 838
684 189
775 843
780 163
544 12
794 94
617 634
688 811
229 745
476 470
591 828
135 351
124 442
70 495
422 265
115 297
68 274
660 384
237 774
281 279
315 638
478 212
444 393
34 739
208 237
406 384
923 896
311 285
97 750
848 695
243 485
764 334
450 642
415 483
326 369
91 668
423 174
209 358
743 143
397 26
273 705
199 914
126 854
819 756
61 671
774 584
248 443
670 407
581 685
322 289
159 12
400 32
348 219
217 190
44 518
881 339
881 922
382 228
537 643
669 615
637 626
485 176
476 886
230 758
193 778
141 554
557 429
709 167
509 524
440 109
648 71
630 284
575 803
678 72
362 677
843 36
444 105
654 513
42 694
389 713
577 123
450 892
710 588
256 376
616 648
528 853
284 186
147 254
76 168
642 417
572 501
555 26
921 699
83 877
816 57
654 215
587 653
507 704
145 453
455 85
520 151
372 191
194 683
15 221
199 80
260 212
479 480
131 321
748 502
47 93
451 499
711 74
880 915
463 726
895 782
71 647
519 804
424 243
100 502
429 386
803 68
531 75
235 390
509 678
739 355
478 814
706 447
672 877
185 449
225 541
889 195
800 738
736 346
240 479
167 827
408 880
342 395
486 34
697 898
591 684
149 397
282 527
840 674
233 788
109 527
831 246
391 319
622 356
654 626
431 128
142 333
823 329
625 706
557 691
245 273
378 332
330 683
440 306
96 111
774 436
199 456
889 806
896 432
716 734
295 603
634 409
659 326
151 169
631 564
689 789
391 555
897 139
117 500
89 339
876 758
143 218
302 931
376 651
893 783
624 690
325 168
627 323
865 220
473 172
387 199
502 158
529 274
201 673
717 665
811 393
644 55
834 42
227 808
161 137
576 901
444 575
543 221
623 30
849 799
114 711
668 212
907 725
712 529
70 794
570 460
672 563
268 812
505 793
231 930
262 428
373 108
746 500
380 447
735 359
240 799
848 703
262 896
873 151
870 51
573 858
65 840
603 200
348 518
353 803
212 632
750 248
294 98
852 584
138 352
507 502
97 236
812 301
339 27
340 139
802 503
812 119
560 152
765 807
839 559
807 428
45 603
69 794
287 418
922 312
27 865
587 927
913 896
91 281
719 348
712 400
508 697
741 336
499 157
85 279
639 848
212 329
242 905
392 496
155 188
753 866
710 282
588 225
504 302
254 691
511 771
222 775
373 153
548 296
822 411
550 60
623 606
849 660
244 234
148 396
836 918
338 488
655 339
514 581
291 27
348 389
618 899
32 499
768 114
893 677
183 661
557 328
728 427
820 910
468 283
894 70
93 242
758 283
30 445
9 743
456 368
451 755
72 177
789 813
645 692
649 254
10 641
47 516
857 67
275 137
422 488
726 879
568 377
414 604
511 728
918 230
574 307
82 126
337 593
853 344
180 185
516 136
147 816
647 312
392 372
840 744
361 94
56 652
843 88
62 833
785 298
454 513
93 394
258 426
630 339
906 590
462 800
249 244
69 417
682 610
160 920
159 602
888 652
608 64
685 527
815 672
62 840
609 167
320 636
764 127
164 677
237 25
823 364
696 705
622 553
842 438
401 174
119 784
706 540
453 473
458 184
730 550
129 195
506 354
624 411
387 593
148 251
548 156
878 357
490 440
93 873
119 745
545 659
360 189
378 708
287 857
171 877
335 22
592 738
770 559
816 501
931 900
734 589
221 902
291 895
358 334
748 501
401 486
364 747
348 455
135 852
584 45
713 399
38 554
332 851
724 423
485 315
710 859
182 128
792 169
889 81
879 444
359 646
683 449
852 651
675 140
123 707
431 250
347 923
276 35
299 130
928 363
447 26
172 470
817 15
368 451
663 712
499 5
856 141
345 354
73 760
414 238
326 761
882 465
347 912
849 152
530 885
819 545
434 491
474 562
400 689
94 844
555 458
4 604
792 509
208 772
926 809
254 284
664 66
667 360
26 205
512 705
472 40
399 407
571 110
93 51
651 22
292 926
141 413
136 302
182 634
215 619
608 787
538 66
461 785
599 449
296 931
336 880
27 206
512 166
750 397
498 818
722 927
337 45
407 710
216 52
52 109
669 597
636 99
31 556
222 153
891 602
875 772
47 136
284 202
551 157
556 821
712 609
186 21
75 317
208 858
702 117
796 855
843 897
404 165
647 171
913 211
401 873
643 77
590 915
29 865
472 887
74 535
756 923
390 804
410 347
275 398
613 244
462 544
53 504
77 364
871 838
840 597
112 416
310 519
152 854
930 177
82 768
418 179
609 249
336 456
652 19
468 746
108 305
289 393
606 133
856 609
646 561
739 145
415 265
84 222
834 877
342 60
434 821
36 692
219 252
669 648
885 720
54 345
884 630
574 494
563 526
349 729
930 307
217 209
175 331
347 540
616 67
173 98
593 226
447 532
588 419
75 586
888 743
407 220
746 70
558 776
402 550
920 844
649 434
120 523
762 371
930 870
625 649
537 146
615 505
122 799
688 441
394 750
452 601
750 352
397 200
757 301
851 168
444 722
619 682
194 166
624 708
226 631
209 508
177 715
416 50
219 909
666 425
243 374
584 410
126 443
382 769
371 103
84 907
249 519
578 878
89 497
602 266
647 729
358 653
752 238
170 651
408 702
104 364
50 920
752 125
861 821
475 784
331 55
637 345
400 492
342 570
774 360
388 691
923 271
304 349
341 355
180 573
78 586
40 703
432 774
362 421
610 594
439 150
774 138
250 160
110 7
558 314
636 475
380 876
294 201
549 589
640 295
404 425
121 67
216 308
718 756
381 195
798 477
110 928
228 928
763 151
358 146
423 804
39 144
16 691
551 925
679 514
893 77
409 382
199 665
870 27
322 868
605 283
773 325
872 587
927 314
222 612
460 668
586 318
810 109
556 633
88 130
143 895
384 354
578 310
700 371
893 537
379 9
514 196
312 62
645 810
542 276
618 493
142 902
660 138
368 928
828 238
798 423
375 807
753 102
586 27
441 131
373 709
656 229
292 785
52 308
229 117
69 827
35 113
915 395
115 712
629 903
201 604
277 458
371 542
670 626
853 818
880 752
152 209
708 462
433 85
550 568
310 870
425 806
579 315
217 331
682 141
443 341
276 161
372 157
64 710
672 171
810 233
153 861
354 79
594 61
926 563
932 639
55 243
169 385
583 679
803 895
718 879
742 815
356 126
677 447
330 810
206 434
867 468
820 860
531 803
110 846
3 763
371 414
669 113
932 276
554 275
556 709
886 580
393 319
286 851
731 681
662 670
59 545
227 86
124 604
729 806
828 97
650 215
908 137
831 787
922 29
672 588
321 728
35 769
341 90
839 303
89 676
343 241
681 104
831 140
695 461
517 72
421 702
195 311
512 19
289 891
810 341
222 224
404 387
207 340
548 538
92 532
517 597
260 596
300 118
713 605
878 293
878 862
754 335
714 298
356 250
485 474
127 899
628 81
424 431
581 805
323 384
306 773
614 502
897 238
810 495
497 405
746 375
340 114
311 836
315 912
25 17
430 848
318 199
672 824
910 120
381 417
254 689
385 233
331 558
189 931
766 710
363 711
290 723
366 720
920 838
65 849
637 406
341 319
917 305
205 767
774 175
266 414
580 33
722 797
388 909
225 805
543 759
736 573
715 883
442 440
161 398
565 472
400 875
768 518
15 262
848 190
81 398
887 7
240 643
105 546
625 641
903 677
483 422
584 411
251 137
823 740
613 16
650 106
874 422
891 524
787 770
693 346
647 790
444 300
589 326
365 88
661 918
243 209
429 902
243 510
629 359
441 54
818 259
181 60
626 462
42 793
176 570
124 653
124 58
87 749
53 557
325 398
374 556
760 817
789 543
296 189
315 62
241 406
897 195
921 146
317 842
860 827
690 183
249 528
285 231
879 857
733 745
458 166
849 289
860 276
44 490
660 836
371 351
688 112
397 719
294 738
546 229
453 809
593 860
84 500
647 694
305 594
483 629
279 916
391 860
265 912
472 706
783 498
343 193
596 505
536 832
668 325
871 623
96 625
888 675
925 152
636 800
51 567
325 66
71 23
461 77
229 908
363 662
269 69
632 204
261 310
870 378
835 891
183 74
663 145
556 45
728 665
123 554
793 635
752 469
843 603
631 690
356 42
685 625
893 536
470 417
210 752
844 37
901 788
900 300
921 110
522 672
853 839
468 238
731 54
915 831
182 153
407 861
15 555
141 732
753 569
539 351
207 453
174 758
570 698
826 576
530 316
804 181
486 692
251 184
363 863
489 680
348 835
607 721
866 896
707 38
478 100
853 646
804 513
252 582
471 178
11 169
288 396
469 894
18 797
223 706
704 702
796 812
451 376
235 465
441 434
404 802
260 625
545 146
111 238
117 877
880 744
901 499
136 431
102 877
536 745
95 843
131 642
596 876
803 148
895 378
565 216
489 71
381 412
510 736
576 527
140 472
876 287
867 145
57 248
232 697
909 823
657 294
71 716
21 258
54 875
30 80
490 311
90 336
563 458
459 45
766 579
324 708
163 139
313 173
776 413
262 205
403 67
456 345
553 205
314 859
704 175
371 528
562 760
65 432
802 756
487 260
260 386
529 402
425 170
159 637
894 815
697 932
95 389
818 509
66 390
267 222
721 226
61 641
336 315
772 507
449 423
676 923
679 190
663 192
81 410
74 766
58 65
438 742
350 18
423 791
902 645
216 393
469 480
382 899
537 792
702 157
61 779
209 536
31 269
802 633
417 477
92 748
97 130
521 45
296 704
393 418
470 602
163 363
662 787
885 389
212 306
413 719
626 567
432 740
226 722
614 395
300 762
860 336
823 181
272 757
542 152
714 724
417 25
880 548
757 247
616 212
485 821
732 571
204 399
256 893
443 573
209 360
676 210
636 271
703 694
672 617
805 899
383 806
80 703
483 482
107 733
508 85
698 840
311 256
354 591
634 550
529 594
327 207
458 138
434 732
915 237
554 343
274 360
220 871
259 625
685 277
429 908
503 575
882 270
511 16
613 142
523 154
780 254
180 335
885 858
67 352
415 694
247 422
359 759
55 368
351 851
372 929
34 384
417 520
659 249
811 783
932 915
473 191
900 132
434 306
380 173
516 257
711 91
363 674
203 758
869 181
819 705
365 556
152 636
307 152
805 244
662 839
558 788
206 745
209 654
525 640
865 186
108 606
290 66
661 49
900 417
173 609
690 406
600 669
468 694
415 676
754 187
335 509
507 700
92 710
736 151
676 320
683 778
745 756
174 627
766 87
677 813
221 684
39 48
258 588
632 36
825 139
89 128
622 26
218 292
659 454
222 503
496 674
181 358
462 428
615 222
931 231
310 597
5 233
267 328
841 758
309 424
267 703
288 471
860 658
772 284
336 580
890 477
566 548
678 537
665 111
50 525
184 348
206 621
642 399
700 332
368 173
463 731
389 196
683 713
127 133
350 726
356 67
584 422
495 534
749 571
202 270
451 56
797 390
343 126
353 795
509 152
513 91
566 205
744 872
835 902
655 777
105 786
417 733
141 724
480 736
748 730
56 559
347 828
703 130
30 103
931 933
384 288
404 758
758 556
86 438
161 680
67 143
108 494
912 89
67 222
617 123
300 321
891 187
876 122
673 810
174 404
97 214
902 518
881 385
252 597
625 536
190 114
174 189
823 336
645 433
317 768
637 97
240 334
574 530
102 489
583 815
200 54
24 911
563 259
766 798
714 89
381 218
71 567
537 727
151 176
579 214
427 357
215 87
914 647
631 282
758 902
887 763
301 522
529 401
587 781
732 229
603 150
26 704
840 158
772 568
316 793
229 446
506 123
382 526
151 433
79 746
266 27
505 65
675 189
16 153
877 297
691 305
446 341
11 293
485 689
90 291
803 27
533 878
460 909
857 108
357 381
54 713
665 514
764 88
227 226
45 592
836 826
548 118
469 592
416 580
915 439
408 695
422 847
701 901
647 916
780 161
803 599
92 855
255 240
720 674
83 67
84 307
239 588
224 33
869 144
100 232
780 122
873 569
251 253
930 103
591 619
586 923
728 518
499 651
314 169
777 202
783 846
55 39
440 383
69 332
586 716
716 659
496 251
591 637
689 631
859 758
787 328
907 606
882 246
702 341
835 325
285 497
785 454
843 133
722 689
300 632
281 306
159 2
198 406
255 30
455 509
607 640
295 9
191 72
66 745
453 626
437 899
258 55
904 637
196 735
398 477
574 175
447 485
490 79
516 569
370 242
903 668
544 899
11 326
2 850
477 9
816 848
161 669
557 448
800 128
241 753
8 318
210 605
338 115
146 468
691 835
577 451
579 653
358 522
930 564
549 659
555 378
332 740
773 597
871 374
566 714
38 424
578 895
207 483
680 701
466 55
857 272
552 460
331 803
335 508
599 590
708 140
67 28
416 311
615 789
449 793
475 45
4 215
106 182
325 213
335 453
709 893
322 752
640 123
35 409
34 627
17 316
789 155
386 744
441 627
281 679
925 705
339 418
435 77
382 179
276 9
757 530
814 252
893 499
654 231
238 749
323 461
286 452
253 740
914 705
40 153
494 92
405 58
102 459
929 814
471 931
185 91
738 195
885 459
597 209
138 700
822 611
625 40
482 203
1 316
414 900
229 516
73 386
111 117
919 599
574 477
887 654
29 631
536 543
527 18
603 453
417 413
769 363
396 519
862 557
710 737
843 688
75 266
900 390
139 131
931 498
550 450
166 908
