950 1740
468 826
625 412
16 541
280 335
781 785
168 378
812 136
261 414
12 576
218 150
536 815
807 537
874 730
319 692
507 188
53 819
115 380
176 638
139 9
251 179
518 685
61 515
778 509
67 142
401 883
91 788
735 638
319 701
344 156
217 402
790 794
592 253
262 898
284 187
765 387
507 802
293 616
427 222
733 65
196 818
149 799
420 326
355 586
318 322
378 354
646 908
98 430
610 124
68 231
522 594
178 723
240 754
189 774
467 278
570 67
745 63
181 654
661 217
921 542
444 714
525 367
841 843
705 480
636 422
512 892
646 860
334 216
745 604
447 524
766 913
267 801
840 125
248 414
573 1
108 301
14 804
475 332
384 882
833 200
184 276
245 416
32 275
840 576
277 682
316 603
279 443
872 627
289 277
636 902
155 793
819 88
191 491
818 493
866 267
42 396
933 566
742 601
446 106
547 499
582 950
553 920
532 548
754 11
934 208
475 726
884 784
377 415
112 545
281 591
526 884
673 384
703 705
235 531
567 178
490 447
293 932
14 620
617 377
780 675
515 231
664 341
904 587
313 860
397 878
142 68
474 758
723 18
762 747
690 799
947 855
729 776
342 769
510 780
112 917
133 667
177 4
269 748
147 275
330 490
96 505
507 683
808 188
420 34
683 748
413 914
698 663
935 120
885 414
422 194
51 589
180 562
125 580
351 861
297 740
724 754
749 128
89 842
715 906
55 528
613 721
588 452
633 520
830 850
590 441
317 299
743 19
525 476
946 294
875 340
351 58
78 267
696 432
132 23
462 900
341 829
368 800
613 342
761 437
356 683
693 462
108 802
750 202
445 192
86 809
221 569
96 637
431 727
919 866
649 720
209 790
276 599
225 630
338 537
567 887
843 160
614 310
321 480
624 486
330 779
498 30
454 614
843 200
331 316
314 348
9 125
467 665
599 320
251 651
562 259
67 867
157 147
711 716
54 261
720 732
906 833
341 402
42 907
794 698
801 17
837 819
911 220
294 130
59 189
397 812
508 17
149 407
813 453
120 687
748 900
913 345
881 45
558 822
482 407
446 751
727 63
566 684
509 436
128 216
383 335
5 660
276 667
251 552
213 849
895 480
590 630
735 523
534 506
567 663
489 855
146 615
1 925
120 107
206 422
11 551
569 349
842 875
500 129
411 45
201 100
352 579
688 785
340 665
334 443
542 266
728 706
89 226
288 510
493 309
96 721
333 396
211 678
526 830
450 232
801 87
168 211
191 131
326 713
677 148
309 394
225 224
816 397
154 812
86 724
713 27
397 173
703 282
66 256
930 610
290 773
708 870
285 542
823 317
238 237
852 467
361 147
287 703
935 820
848 240
793 350
615 475
29 788
712 138
825 877
166 493
792 781
210 254
301 213
654 875
253 625
453 95
368 484
580 654
82 732
929 8
679 92
117 344
559 923
267 766
180 53
68 353
495 778
279 533
360 476
343 326
258 167
135 58
211 253
447 740
219 442
827 394
542 68
846 5
351 53
351 896
619 455
531 454
905 202
291 743
810 514
575 188
613 73
401 795
157 392
506 794
54 719
189 450
748 329
826 942
212 660
360 927
606 714
402 156
757 688
525 352
104 388
765 422
944 92
122 232
654 65
621 679
257 299
224 802
286 501
541 578
56 911
230 22
801 330
783 78
90 307
697 265
772 896
463 883
563 935
805 174
236 786
347 330
263 584
642 583
277 374
170 80
427 553
581 787
569 699
650 412
543 934
917 135
344 274
235 421
637 322
451 221
697 643
735 682
666 478
33 286
785 452
99 525
62 212
309 703
59 485
99 81
617 217
447 842
29 123
413 913
604 388
489 622
902 319
762 866
856 942
213 383
949 865
935 274
471 338
813 685
479 498
672 659
435 120
845 498
832 937
461 489
651 697
818 212
358 302
358 883
164 489
368 132
423 813
48 240
96 366
277 908
276 132
334 520
812 547
887 47
932 306
115 667
688 347
873 676
224 854
850 429
779 619
324 942
863 780
564 482
373 902
390 236
330 75
335 821
301 133
376 623
323 853
485 718
197 505
163 252
437 432
266 255
212 218
817 248
448 560
808 379
721 868
170 63
14 213
927 457
713 198
142 413
880 172
916 474
21 885
116 131
262 235
854 881
160 455
70 830
753 547
497 119
830 836
803 559
96 851
372 30
279 482
197 736
827 575
314 614
224 29
283 289
690 931
340 438
939 794
78 396
308 617
402 375
755 918
227 941
558 14
491 42
419 236
496 191
299 9
372 577
530 647
437 395
347 712
33 112
836 445
213 538
315 230
406 366
850 551
51 109
901 30
885 756
585 85
161 878
864 817
11 568
595 835
496 714
158 342
823 576
595 673
411 662
142 528
674 784
221 883
628 309
241 29
444 3
874 728
108 144
370 1
903 180
465 901
746 542
758 594
178 735
536 137
223 381
814 30
523 530
287 444
549 484
395 437
579 436
506 584
99 110
77 197
392 627
106 705
397 649
289 256
471 461
627 139
58 146
262 423
729 47
54 773
603 744
81 428
764 871
696 52
56 339
646 29
835 555
401 867
560 595
787 6
738 779
813 400
264 414
110 692
128 451
112 653
177 906
81 664
98 835
725 517
266 16
678 142
900 143
716 899
827 506
596 790
189 456
768 305
259 44
466 771
926 13
433 879
909 950
435 348
518 833
9 218
897 885
47 18
50 466
408 680
689 327
410 864
659 78
533 771
570 639
810 46
372 197
930 647
659 392
133 428
746 89
833 914
341 314
165 337
314 284
244 939
156 52
801 329
893 248
821 774
381 783
222 301
68 197
802 424
514 821
97 743
73 150
556 306
482 25
637 313
893 612
949 88
777 207
669 41
493 370
419 531
239 114
296 92
869 186
580 94
781 203
785 8
34 934
726 467
911 818
455 406
61 422
281 880
709 266
823 278
438 357
21 638
903 478
942 794
709 576
452 575
244 118
138 240
196 497
841 425
466 692
30 461
512 92
209 350
934 161
46 625
677 171
404 894
708 924
675 413
111 186
139 72
838 1
894 567
638 3
899 415
740 726
706 911
431 773
699 225
649 866
124 360
786 317
700 283
900 248
44 284
392 410
467 168
324 60
737 794
611 362
684 153
692 550
879 206
628 676
882 683
776 174
919 131
315 74
562 883
375 929
746 311
804 158
950 542
807 784
242 41
763 918
456 269
501 669
192 263
262 128
793 374
814 438
320 54
926 58
417 535
330 115
409 320
835 774
558 810
944 415
47 697
449 141
77 295
616 774
67 123
413 336
896 668
717 279
520 55
702 206
305 98
386 485
52 377
78 838
763 625
605 675
771 635
334 241
118 34
407 545
249 162
840 859
710 826
561 893
866 898
703 532
407 856
545 884
120 324
416 10
291 906
400 680
347 236
536 858
24 185
632 771
30 499
770 147
238 118
863 476
99 338
675 159
711 589
604 931
173 553
248 203
697 112
738 895
758 460
892 378
758 127
878 222
813 763
655 786
233 671
347 886
703 38
162 670
160 603
827 144
848 576
829 772
866 499
133 875
17 593
400 681
680 936
533 266
195 248
165 689
826 614
576 122
858 378
868 823
528 783
946 562
213 5
93 849
298 619
23 223
122 544
457 235
663 431
25 495
69 451
490 680
587 10
742 832
357 787
949 170
892 147
258 859
942 395
637 881
339 946
838 615
584 898
806 1
35 162
615 862
928 660
692 660
269 709
3 892
428 503
193 811
883 777
350 334
8 118
161 5
74 180
423 712
929 469
929 24
515 109
558 536
91 387
317 182
640 778
595 72
840 876
824 16
205 156
210 233
250 550
121 248
920 844
795 584
946 257
571 347
554 388
238 691
519 667
163 381
208 829
580 80
477 591
873 288
291 640
172 625
800 714
323 605
213 166
875 623
804 20
226 19
330 307
221 215
845 546
38 40
840 236
780 262
555 243
107 609
195 581
285 348
35 214
383 270
494 430
166 736
814 513
138 569
234 503
938 66
775 238
27 539
235 514
181 61
350 668
369 643
317 504
509 98
431 112
916 467
79 468
676 205
185 276
23 443
321 799
160 545
803 940
847 186
557 427
600 637
602 353
551 646
630 846
352 465
335 583
429 51
821 71
949 434
843 659
393 853
420 567
534 658
598 101
381 600
889 693
634 498
767 50
865 46
868 45
731 802
915 116
410 33
736 172
660 429
457 622
189 414
197 596
806 279
592 911
546 135
748 514
90 372
290 312
635 28
609 260
236 228
253 327
515 165
96 288
938 747
704 687
624 385
848 346
806 232
629 801
668 201
234 315
425 615
338 192
728 840
823 331
479 620
513 413
349 388
76 803
343 589
467 71
120 801
211 74
554 235
224 884
468 458
195 121
788 486
917 848
655 630
621 503
181 694
385 945
264 62
48 256
927 55
490 922
297 58
618 753
177 298
699 173
766 93
529 859
17 753
57 784
196 443
731 775
921 527
742 815
941 484
133 798
166 188
939 41
906 178
543 699
551 299
622 521
832 577
281 509
65 440
581 255
636 945
86 470
470 795
186 322
23 483
372 124
858 368
532 302
127 714
683 202
834 82
75 725
841 361
558 259
138 502
860 255
864 559
921 306
153 232
819 216
788 499
332 476
351 448
173 118
214 866
125 840
471 444
809 744
60 905
264 211
634 361
929 711
221 464
40 414
919 341
136 945
304 275
206 64
284 681
430 934
91 81
609 540
867 817
689 17
925 208
431 86
516 882
226 916
103 5
217 788
667 800
638 942
395 360
586 589
772 823
652 510
119 58
563 45
302 195
410 859
568 316
476 773
371 710
404 93
783 234
336 665
258 826
536 231
460 588
500 30
437 38
389 323
494 883
195 413
17 941
494 572
795 730
336 656
729 5
12 391
786 68
532 544
646 834
42 411
302 354
454 105
611 589
61 798
425 885
228 687
542 130
280 817
48 322
588 17
296 401
649 147
818 87
165 670
468 887
678 605
268 881
739 101
297 621
275 910
700 264
226 854
243 684
120 55
63 377
417 20
592 646
594 300
545 859
134 879
840 633
531 850
75 382
259 631
372 62
392 35
640 729
804 242
348 873
369 642
795 426
445 34
67 787
311 729
190 718
29 702
453 179
523 914
527 399
472 809
760 166
98 533
307 546
198 386
811 345
813 117
852 48
177 275
3 683
896 649
590 535
312 42
388 586
811 695
439 597
172 816
547 772
509 102
2 806
497 316
907 700
127 536
888 267
903 110
641 54
646 362
317 288
893 759
783 498
916 111
617 32
49 787
249 126
676 261
516 699
683 768
666 200
425 16
301 787
713 339
933 259
130 80
550 67
38 729
239 637
612 566
871 535
654 534
697 459
366 165
762 634
173 794
652 390
157 555
30 412
128 863
454 470
815 721
448 342
8 444
21 552
562 102
345 885
385 22
770 526
185 713
772 192
459 176
700 784
282 257
582 577
397 762
343 215
878 397
103 759
258 124
276 696
758 588
174 647
526 216
174 493
287 251
381 941
262 112
410 210
32 795
361 187
565 483
42 391
649 457
78 685
399 637
213 394
179 278
472 780
573 37
150 259
134 201
452 111
535 546
456 856
887 463
600 236
205 482
801 900
364 159
4 344
389 823
250 210
41 213
818 464
31 13
715 277
535 571
600 164
575 159
64 630
382 532
74 230
591 362
44 901
505 175
695 216
796 811
768 557
489 860
41 222
575 450
699 223
445 590
824 884
948 525
218 831
328 536
511 872
739 566
665 703
439 59
481 907
668 409
925 486
32 725
792 794
541 366
482 653
486 696
657 108
563 573
269 292
913 907
842 460
172 912
432 557
489 473
457 571
773 869
656 194
344 249
259 670
827 350
887 141
797 165
412 69
696 509
875 869
692 617
860 64
182 124
772 116
634 440
195 909
327 301
684 421
831 470
337 22
364 822
846 618
26 859
931 94
939 163
509 182
243 832
887 59
310 621
229 440
129 650
329 881
826 74
42 605
719 773
519 54
635 416
284 562
412 36
692 662
548 840
368 867
771 365
206 166
926 291
10 14
191 855
655 594
17 176
510 653
189 764
66 210
103 379
144 61
914 465
888 738
942 3
533 217
443 661
892 857
339 155
50 465
250 578
67 105
889 311
541 581
96 397
115 698
762 159
104 638
908 223
411 465
20 804
369 804
775 521
248 723
696 774
914 142
377 832
114 624
230 443
279 179
304 579
384 272
137 435
212 187
289 818
660 396
1 25
202 497
242 719
117 860
817 223
160 678
892 495
748 292
644 34
710 910
513 53
554 486
792 399
30 446
57 933
292 491
386 519
726 470
46 659
712 875
366 940
568 404
223 754
136 853
692 448
805 122
634 882
33 387
605 413
400 745
633 263
944 502
67 786
74 285
516 257
402 276
605 109
578 871
11 715
853 576
68 392
287 783
518 242
617 53
744 587
635 853
921 916
178 480
696 691
750 490
891 503
310 603
872 20
105 302
493 607
847 560
522 930
541 70
804 776
511 15
847 874
611 616
232 519
590 822
94 315
701 497
464 580
871 364
175 469
768 658
237 230
719 839
589 468
416 662
628 793
311 10
689 257
675 319
666 749
446 219
564 602
139 515
910 757
221 677
670 224
767 624
927 870
89 380
862 65
222 160
541 201
52 381
880 160
401 150
628 499
28 83
265 679
782 689
326 797
656 224
530 435
308 5
498 458
618 932
656 127
790 880
437 712
938 466
702 523
369 627
615 127
871 668
308 347
113 133
830 224
211 71
856 144
328 627
39 618
170 727
451 831
491 687
813 448
284 164
76 684
902 382
704 401
893 302
471 807
316 228
562 25
657 299
380 310
166 256
168 861
305 718
770 944
71 878
743 574
790 294
921 279
671 60
644 82
208 386
468 467
548 386
258 401
228 647
145 507
542 271
125 180
738 416
134 184
374 331
159 192
888 786
14 571
513 771
98 79
465 667
928 642
30 876
452 380
733 466
628 312
281 935
772 930
21 370
404 366
190 283
893 797
585 735
485 470
622 802
237 256
679 489
405 826
540 478
856 422
325 254
663 828
546 42
235 1
532 422
148 197
847 270
47 620
312 608
402 901
815 619
227 184
150 486
921 941
834 761
838 47
416 322
808 537
42 260
905 341
158 438
384 485
24 449
411 886
73 532
866 670
462 205
945 728
123 49
164 533
19 673
246 441
457 532
583 502
733 389
482 575
655 565
736 721
526 424
584 548
676 509
696 94
755 659
331 5
425 643
600 612
710 665
401 524
81 654
528 331
876 140
27 499
263 272
453 343
790 832
921 189
870 679
638 809
229 727
91 666
27 178
659 130
943 175
574 164
400 65
328 905
605 530
238 772
241 32
441 742
861 887
881 717
477 507
575 284
171 7
581 426
250 378
487 518
828 578
794 779
817 666
798 127
346 914
845 332
721 883
814 83
325 398
332 496
835 444
120 501
321 692
341 14
89 656
130 617
9 361
449 370
302 76
807 758
206 534
352 145
413 722
933 172
173 924
161 843
203 141
779 229
529 939
154 700
110 155
465 570
563 628
114 514
443 600
669 159
674 330
275 749
293 246
114 917
804 777
860 336
737 80
424 693
300 178
818 605
581 666
362 314
539 477
925 157
506 663
418 20
603 156
401 815
632 199
246 177
510 865
866 591
877 748
398 208
864 921
901 945
167 429
596 545
27 230
711 176
400 622
216 946
425 816
652 126
708 568
626 97
943 131
939 405
797 660
414 59
553 283
419 790
630 283
650 333
546 298
358 793
142 794
517 763
131 218
581 933
524 501
536 848
314 457
206 859
923 522
781 903
428 433
806 913
720 722
60 389
577 899
683 277
44 913
707 893
490 2
221 295
700 241
544 755
652 108
380 565
77 499
