1000 4932
360 14
160 123
913 339
492 942
201 916
456 108
898 351
310 908
494 530
557 58
867 427
300 984
746 696
484 919
908 292
710 23
270 302
170 332
608 126
534 362
395 178
410 479
232 258
394 49
910 382
486 395
604 599
456 992
110 359
41 74
332 388
210 563
299 927
592 158
99 543
656 563
179 353
913 14
290 922
37 158
277 623
39 832
870 749
833 236
27 920
431 793
193 432
962 578
968 884
553 765
348 852
438 7
137 568
579 913
429 245
105 455
694 244
753 339
71 576
694 23
224 217
296 822
631 989
25 646
457 784
247 980
75 988
527 765
622 79
144 506
218 145
146 402
792 789
336 914
515 615
637 572
763 865
108 891
809 214
662 666
865 270
866 618
116 554
636 868
393 574
283 267
393 388
982 454
874 648
234 128
785 528
933 759
492 617
201 473
20 891
384 796
132 426
29 975
723 444
579 67
303 126
695 782
158 824
678 483
117 406
385 307
629 938
722 252
823 267
616 401
134 812
484 788
175 48
912 402
295 932
53 660
755 521
239 408
130 188
605 915
705 666
541 639
120 453
321 145
30 86
52 999
144 256
20 659
964 450
519 892
187 162
886 970
80 877
689 593
137 364
428 718
502 436
982 898
531 700
787 294
221 794
160 148
331 951
816 225
389 143
629 235
257 308
753 968
34 879
521 711
25 600
593 420
405 398
668 402
280 467
516 43
651 708
266 1
983 252
748 346
235 994
548 836
664 719
2 567
388 89
317 365
245 811
229 150
607 373
611 345
242 995
959 452
561 925
546 638
121 998
715 247
609 905
242 681
21 747
132 389
70 929
100 20
725 434
230 261
736 458
893 305
234 261
548 452
771 197
636 56
992 543
276 927
274 466
540 105
378 261
397 535
16 623
682 350
206 799
366 233
422 655
667 406
743 387
279 990
983 106
71 262
491 677
511 207
521 988
59 909
540 834
334 1
305 848
564 72
985 578
530 168
416 776
270 256
293 94
521 813
439 862
103 685
997 848
988 743
836 517
931 564
964 484
216 101
773 940
770 586
716 325
756 332
296 786
481 327
961 221
541 751
727 280
855 455
430 829
650 516
686 568
951 574
756 388
283 7
732 968
558 900
723 122
722 496
212 64
360 457
456 353
17 792
956 196
487 848
132 505
222 889
495 325
409 316
277 69
907 208
194 848
837 415
622 272
271 537
56 358
651 329
334 781
738 692
906 792
105 81
363 696
39 187
625 240
787 865
20 315
908 220
448 15
82 274
324 977
165 339
700 373
76 114
169 784
22 402
903 688
149 280
580 963
335 644
564 626
658 490
13 42
492 865
564 149
787 575
536 904
41 801
849 124
300 706
133 262
541 650
194 276
376 730
471 309
553 158
360 379
661 784
107 911
974 35
537 574
902 145
797 570
688 850
815 745
160 854
342 66
853 330
625 572
590 574
947 309
222 73
921 415
66 868
942 123
411 138
124 916
529 822
414 133
719 66
237 582
534 65
590 98
827 380
546 524
997 36
63 381
908 491
968 14
452 18
896 51
626 475
203 118
22 686
385 562
594 95
540 276
335 449
464 602
263 106
253 665
910 532
738 106
197 994
238 43
386 701
331 721
995 99
777 308
686 350
46 68
231 519
680 346
74 943
844 191
475 113
735 568
369 25
421 544
331 671
120 971
528 176
581 194
284 454
711 866
376 672
72 814
676 743
550 434
663 371
577 496
112 468
10 505
360 643
284 648
323 178
426 670
549 122
656 647
474 42
93 174
77 436
761 585
775 258
500 781
841 799
195 963
383 358
816 136
694 959
704 696
755 855
421 13
973 720
775 633
686 353
102 279
669 80
158 517
561 568
766 179
820 726
159 894
390 14
936 346
985 51
227 790
178 841
107 233
948 798
890 698
509 811
732 358
953 141
559 73
816 921
281 917
672 291
564 915
484 543
859 448
164 522
457 91
681 526
385 89
385 524
738 914
243 496
867 905
134 129
616 300
672 237
357 404
748 824
329 136
14 12
164 972
723 372
561 516
301 491
323 898
675 249
864 118
58 887
800 891
443 102
82 190
543 438
306 73
198 630
184 224
717 778
95 575
938 642
777 954
724 407
762 78
852 377
156 30
913 381
414 706
679 665
369 290
424 147
172 126
953 447
104 17
304 14
638 25
840 208
953 988
646 888
85 509
312 190
973 706
965 192
487 197
616 790
782 423
968 116
87 620
46 138
681 350
844 830
920 684
80 526
634 358
997 386
390 463
104 207
892 613
69 413
666 736
186 957
298 838
409 940
247 361
980 874
418 768
246 963
270 420
54 267
717 916
748 168
701 613
80 487
243 821
746 491
832 214
626 507
401 43
771 180
2 724
424 468
942 435
649 797
371 546
299 449
320 133
755 174
983 641
583 124
415 542
107 985
2 26
112 945
494 849
453 87
817 540
742 189
483 13
546 735
237 810
469 98
400 252
148 423
477 429
10 887
65 189
853 204
337 255
800 381
468 219
161 821
950 898
38 72
672 648
974 158
690 640
603 399
944 584
910 346
972 419
243 425
401 473
240 729
206 735
313 496
865 751
745 199
103 78
303 632
803 419
549 368
412 540
313 379
767 467
636 780
649 919
134 404
514 307
72 680
447 24
369 349
987 584
237 948
274 11
534 672
866 26
534 296
928 513
958 33
407 293
64 757
230 669
981 315
551 434
627 453
943 388
519 382
443 932
707 61
121 629
394 158
471 185
73 762
878 827
862 353
609 963
132 294
164 292
408 113
597 764
119 657
363 813
12 6
909 784
549 814
951 974
878 602
935 784
827 511
76 890
477 226
244 47
65 683
228 382
62 391
565 631
876 929
695 810
934 422
761 86
149 545
564 567
27 909
746 559
907 794
160 944
70 664
452 99
676 870
435 480
347 258
367 847
921 28
643 872
281 688
102 794
211 819
267 190
416 603
489 482
298 42
18 603
633 709
493 688
893 101
295 356
278 420
26 389
814 704
68 469
712 475
288 392
930 827
74 109
486 824
885 814
938 133
572 252
354 348
252 126
283 891
247 11
894 168
289 932
431 991
678 835
53 809
768 804
202 406
313 916
668 736
65 605
615 118
871 317
323 519
487 52
896 438
988 511
753 678
763 381
259 941
110 255
374 37
84 960
763 944
69 601
748 479
697 603
694 807
916 914
21 396
22 190
951 886
1000 78
435 767
712 13
654 944
306 866
843 680
130 171
352 562
498 903
262 436
64 480
974 328
311 130
566 43
923 660
457 409
611 655
776 259
9 302
262 904
708 232
321 634
216 283
837 235
732 137
197 981
401 17
609 434
591 198
761 513
778 506
318 435
121 520
820 740
341 882
710 720
735 4
452 224
842 159
164 426
400 587
989 391
19 860
149 789
814 249
703 617
903 396
498 760
890 541
104 138
869 717
421 150
331 262
880 949
221 845
662 93
661 971
425 622
353 811
834 36
580 11
394 136
964 679
987 596
787 582
748 914
512 248
704 829
85 827
59 556
559 700
636 290
156 79
732 682
361 113
714 545
791 619
87 111
199 43
2 174
629 892
703 513
962 403
706 582
636 401
546 476
908 322
30 281
414 183
272 168
184 495
241 191
756 618
23 398
921 235
816 122
810 382
983 699
430 809
152 722
420 138
488 544
494 569
842 296
98 617
58 328
815 3
376 123
194 365
277 989
492 159
38 578
297 338
297 805
9 344
806 654
484 587
803 111
787 297
453 426
753 585
44 999
705 955
117 226
856 339
658 292
943 796
128 233
12 804
514 268
680 743
75 344
644 671
314 870
866 795
515 894
116 795
464 813
818 150
286 975
638 928
62 289
141 387
549 262
720 904
15 851
518 958
354 352
925 365
800 319
146 280
587 783
732 300
532 305
897 257
203 518
349 337
828 895
11 905
408 189
24 945
48 228
446 291
340 479
892 796
624 98
419 850
77 321
685 563
20 57
47 622
212 356
432 333
488 463
839 73
750 427
515 98
84 388
682 843
183 351
828 528
656 278
278 561
355 929
245 898
636 22
672 583
605 766
641 115
36 214
662 102
773 33
775 136
925 358
412 95
982 546
242 636
713 916
825 895
536 454
974 167
577 792
20 926
228 525
983 268
410 101
526 794
357 314
251 811
16 500
566 747
317 594
771 949
288 275
992 925
19 779
439 402
259 325
26 555
425 544
753 315
375 737
52 330
823 824
362 141
812 419
608 18
148 971
24 899
511 398
596 796
961 361
694 840
980 293
815 520
247 729
31 256
342 145
624 327
933 963
827 353
667 545
27 408
849 738
836 804
285 405
505 620
17 799
417 466
828 109
366 115
146 6
384 391
169 740
295 465
417 209
229 819
541 762
47 655
926 717
263 905
124 613
719 490
659 850
903 637
734 640
290 809
185 402
41 501
791 118
290 265
775 423
205 506
375 131
30 145
456 98
732 942
56 620
343 480
130 677
679 989
828 550
995 270
302 351
216 882
485 592
821 150
731 975
58 963
440 378
425 553
599 972
242 792
559 807
289 544
569 291
162 219
770 868
808 207
549 3
297 334
614 232
564 394
619 255
412 476
983 750
236 248
626 871
664 963
96 133
277 261
727 619
425 530
906 768
274 218
836 193
908 391
486 901
324 509
967 3
847 380
693 695
58 859
992 335
411 105
630 347
995 311
905 191
135 455
321 783
397 679
380 353
364 235
516 248
590 99
591 462
426 698
99 475
359 533
486 231
803 438
484 573
357 390
510 233
827 57
684 793
849 417
477 480
243 856
580 869
484 396
401 461
157 45
262 892
676 373
125 985
232 458
110 450
200 933
972 259
847 945
791 651
888 168
817 220
853 699
621 846
885 818
730 509
626 241
609 338
287 692
132 695
379 680
541 419
366 31
488 700
285 826
744 698
968 612
571 343
627 796
978 610
669 980
47 425
67 43
512 615
733 183
257 937
41 786
77 521
726 469
251 823
394 869
841 315
71 47
953 63
790 699
430 678
679 615
222 802
936 258
450 67
363 245
861 217
421 413
171 174
244 528
460 629
689 275
74 810
225 261
490 752
341 539
715 572
771 427
510 605
611 639
575 438
734 778
725 970
376 863
317 760
800 932
429 478
910 628
962 131
307 545
694 991
783 975
953 540
951 121
2 231
223 966
903 13
459 516
243 499
44 187
465 710
724 949
561 126
835 618
504 336
90 717
144 599
768 204
697 653
35 398
493 722
777 293
510 662
48 594
621 838
456 984
536 700
612 517
342 735
461 740
263 385
45 538
45 997
565 583
314 808
121 698
304 169
431 294
66 150
86 804
763 189
260 94
120 660
212 695
152 48
123 468
400 975
298 51
1000 811
607 293
662 143
594 644
901 280
45 135
980 105
450 34
307 599
107 594
626 139
678 464
534 437
252 958
59 352
349 943
997 869
439 143
947 615
621 644
680 236
254 210
292 301
607 475
720 91
421 399
172 355
960 351
175 15
46 898
340 49
681 776
605 944
970 168
733 988
896 191
738 393
630 214
171 520
614 316
317 863
619 406
693 382
783 171
594 598
71 464
660 532
493 819
477 686
430 863
756 847
354 622
741 66
501 749
998 900
450 61
340 665
225 191
641 409
199 993
115 884
827 434
376 659
242 187
534 425
80 631
944 545
581 751
50 860
237 553
182 353
662 959
448 435
866 145
810 368
164 683
101 639
943 23
928 143
892 176
433 490
587 895
968 203
531 401
881 542
21 329
298 846
633 174
76 150
227 455
194 879
47 435
858 262
172 631
566 917
128 860
74 127
732 168
441 267
133 912
462 435
321 926
886 929
362 361
857 57
470 51
886 187
474 325
312 892
320 878
152 193
672 707
995 602
337 59
831 819
951 598
212 411
997 339
432 742
566 834
308 57
274 249
661 507
536 657
169 424
73 309
834 532
727 343
692 299
454 443
971 832
440 299
140 984
404 334
903 642
208 780
172 469
844 735
272 438
413 989
106 81
474 864
697 312
93 138
978 93
321 225
298 984
557 860
959 13
815 997
211 758
138 698
486 268
84 119
1 990
422 141
58 772
998 241
594 512
595 297
130 665
686 830
873 386
818 248
845 688
766 258
566 837
493 433
771 649
614 781
777 31
889 258
441 206
348 136
581 738
843 235
141 502
860 319
590 671
380 962
648 780
978 389
513 749
523 636
25 352
871 210
229 659
527 971
548 588
608 906
825 372
863 794
773 289
481 779
777 505
783 545
463 49
708 573
837 351
947 380
806 333
109 665
936 235
681 63
569 811
485 512
376 758
676 21
287 707
173 123
536 373
420 158
493 576
352 572
964 758
906 542
65 790
802 826
641 142
716 582
182 229
761 265
132 986
955 657
631 751
82 73
997 123
11 975
998 977
714 572
306 513
515 549
842 872
313 467
640 863
84 102
521 560
924 119
981 445
748 787
580 149
110 506
239 551
800 734
995 487
631 966
297 979
946 801
650 804
924 227
859 276
329 801
846 914
238 851
918 49
137 743
279 66
407 905
645 81
139 186
982 82
430 911
287 170
948 403
862 57
630 927
242 385
359 511
722 887
472 631
69 688
810 822
951 765
331 579
918 787
960 747
580 665
541 653
247 752
394 829
342 142
896 317
430 372
457 250
917 89
132 316
784 319
668 75
905 399
256 701
708 911
985 851
551 42
821 168
234 882
326 916
440 803
992 261
39 351
672 645
173 436
525 490
339 387
714 735
968 185
273 491
515 300
39 225
976 350
775 870
79 373
523 266
376 228
674 525
15 925
415 280
697 161
273 940
254 670
918 830
19 759
956 743
911 472
703 512
100 287
580 640
321 373
375 190
489 468
70 230
571 792
988 535
277 669
59 838
11 883
557 518
672 655
652 639
376 13
853 517
431 361
654 899
92 620
92 473
664 191
437 883
114 279
832 736
320 442
682 334
211 445
264 117
982 134
58 927
918 877
367 326
115 793
771 190
427 757
308 441
429 287
731 386
533 686
491 167
989 232
430 560
151 657
443 399
579 897
596 423
605 972
909 272
896 710
173 696
121 507
517 475
60 749
531 460
478 249
723 129
814 40
559 922
47 977
105 576
902 42
895 840
27 734
201 852
383 782
721 382
978 900
960 391
120 698
10 463
390 180
376 568
286 863
125 835
949 358
237 905
19 225
38 15
802 133
920 532
425 685
856 620
355 153
46 368
13 963
285 638
642 350
328 522
311 969
24 334
775 432
959 87
101 352
653 126
597 851
510 27
991 413
918 796
171 382
25 671
923 783
122 925
27 37
582 191
160 178
776 458
548 845
308 869
659 513
679 624
222 229
526 980
320 963
815 485
997 450
943 634
322 647
918 490
74 619
527 326
932 168
500 382
429 838
598 932
909 124
589 121
734 211
755 362
477 90
705 577
652 388
483 728
541 326
284 324
277 661
30 352
693 32
329 269
273 733
381 532
48 413
19 891
876 950
959 372
580 951
724 188
815 168
301 1000
766 339
937 78
967 413
988 249
695 743
293 808
292 765
630 249
25 990
322 841
915 975
211 336
468 767
117 635
487 248
159 954
58 936
684 804
719 1000
654 765
812 395
62 858
998 449
102 986
193 990
719 901
287 289
35 344
805 767
609 437
310 632
810 522
99 759
761 88
852 980
85 893
139 502
175 971
950 962
748 750
867 743
239 4
701 868
313 711
722 555
281 476
997 355
60 907
771 778
105 399
543 319
863 657
686 993
660 92
50 92
430 949
469 43
604 845
486 350
715 921
886 980
172 428
84 470
853 704
41 309
733 213
181 520
348 776
672 727
521 409
633 12
669 530
525 94
199 64
19 933
827 813
141 736
291 613
38 644
310 185
223 648
44 859
538 680
829 1
133 797
959 622
755 849
711 871
341 136
35 981
223 804
110 282
184 514
102 532
2 531
608 613
559 752
62 952
484 75
753 57
244 788
716 654
823 746
592 644
257 26
269 762
901 300
539 57
470 673
995 683
753 602
465 545
672 209
856 97
854 201
705 643
86 295
969 945
859 190
692 466
842 535
681 472
169 57
45 865
210 365
581 319
283 660
582 8
821 118
842 173
1 475
184 410
470 256
956 181
755 784
44 415
9 94
617 497
448 31
431 996
232 92
727 166
76 776
864 769
974 785
518 914
540 254
83 966
27 981
339 999
357 460
88 880
361 438
845 162
321 253
897 946
286 634
611 380
422 312
828 795
319 3
81 506
62 164
788 29
137 158
835 612
283 803
485 803
99 535
861 764
515 57
678 423
702 782
886 282
815 672
766 811
785 135
753 859
421 700
699 232
590 436
868 436
485 431
424 949
299 166
407 89
10 95
156 146
864 568
983 144
420 776
895 786
74 496
146 262
538 28
922 255
245 105
627 585
713 220
286 382
896 873
326 350
733 143
71 808
292 939
352 150
741 95
156 944
305 925
549 679
974 1000
2 151
384 710
131 338
39 581
995 476
523 824
247 443
85 332
430 322
158 408
434 129
344 628
806 851
414 859
320 160
791 863
77 728
316 598
657 848
580 914
337 96
450 578
448 109
673 49
771 651
217 570
566 420
309 543
533 821
149 966
423 118
558 98
653 939
854 99
303 219
160 91
125 455
566 599
658 716
116 938
163 168
520 299
206 56
389 51
668 957
360 226
156 628
896 324
637 210
553 248
40 880
934 559
4 670
978 375
922 408
134 265
566 543
67 940
85 341
160 884
45 218
41 511
969 480
627 270
664 260
683 96
59 647
886 617
580 988
63 696
94 445
301 574
412 26
394 332
913 16
515 782
381 925
510 187
771 879
313 97
833 729
320 505
104 566
428 455
339 305
188 111
342 389
278 739
750 187
68 325
953 224
713 651
366 15
223 386
477 451
371 64
172 497
392 219
744 880
211 747
588 990
380 191
911 949
542 325
58 136
947 603
62 893
376 484
947 34
103 933
234 347
839 607
664 267
139 893
323 849
734 550
462 150
745 109
122 398
363 990
518 180
750 211
51 372
793 633
149 968
731 835
978 583
1000 353
724 423
285 727
926 831
504 834
581 640
934 668
345 718
29 56
630 657
293 584
593 840
683 969
776 781
248 463
708 328
211 752
338 949
251 978
547 641
694 848
637 542
871 348
437 996
683 916
426 916
923 488
286 111
953 583
50 852
658 74
493 439
935 672
845 365
592 854
703 147
504 986
800 263
175 129
64 537
514 118
114 522
313 34
594 808
410 66
885 295
283 754
9 972
998 403
637 49
188 632
342 856
588 411
454 774
327 12
24 944
666 470
244 448
102 159
873 843
836 345
88 962
343 396
292 508
71 925
935 23
791 127
872 455
685 620
890 187
767 370
444 578
661 790
514 661
704 500
400 802
934 798
383 876
149 873
702 241
112 352
172 139
1000 465
395 594
253 805
342 661
88 642
492 181
111 458
735 966
477 519
611 204
630 56
73 984
814 307
104 555
654 344
529 916
930 170
87 532
552 307
933 319
202 628
518 109
986 720
944 632
284 463
936 546
530 535
886 915
234 764
234 766
164 115
437 315
662 283
275 153
921 344
902 266
833 49
82 369
959 593
466 976
285 268
267 769
363 635
703 51
290 559
348 570
6 192
920 650
936 178
561 338
245 281
597 628
449 118
820 566
820 99
434 482
324 325
229 532
59 109
974 315
745 843
652 417
769 353
525 173
369 453
974 241
443 948
704 858
779 574
9 847
746 679
337 14
548 764
267 169
548 731
418 356
474 351
401 21
771 617
477 802
24 482
340 898
260 661
100 194
854 522
893 602
195 805
456 995
381 743
790 919
699 795
367 121
902 412
302 398
483 307
936 266
790 518
531 979
35 124
660 166
74 1
167 811
718 291
645 1
320 791
724 880
247 324
138 136
980 919
714 630
842 721
16 863
734 675
489 994
55 209
41 873
741 792
723 773
579 95
580 343
945 259
548 190
104 875
675 61
255 990
725 243
182 31
771 155
592 295
601 24
229 126
614 489
315 555
522 372
982 849
604 252
676 721
606 264
515 158
440 804
679 915
4 332
280 717
62 61
390 813
781 261
691 599
674 923
197 136
107 845
606 155
588 642
783 33
885 279
4 467
958 451
119 811
724 895
247 349
867 315
930 183
472 142
823 398
858 798
534 392
440 439
593 23
404 165
685 575
742 944
102 325
871 841
341 718
711 142
587 388
658 809
454 253
715 805
224 971
679 827
792 752
202 824
998 489
223 47
32 368
874 56
694 125
890 176
965 874
171 61
520 218
349 912
812 8
278 867
254 427
579 866
184 736
376 125
766 398
414 355
956 537
270 89
116 792
491 604
437 125
421 147
684 645
557 348
668 180
959 472
357 891
450 677
714 598
531 116
246 113
79 332
956 767
921 395
995 67
758 685
762 826
817 189
657 747
625 117
198 350
271 700
876 605
954 126
2 643
820 203
41 996
758 875
171 207
357 93
565 462
74 542
606 847
755 531
203 254
931 287
441 18
996 356
335 256
743 391
447 44
688 736
489 766
145 396
695 769
898 760
371 139
65 24
947 307
55 675
571 623
130 574
292 529
324 967
633 615
170 888
62 682
926 61
160 671
761 821
730 487
640 478
536 298
40 388
442 280
392 944
540 188
320 538
906 305
11 773
160 179
880 436
253 405
625 340
590 603
347 519
593 291
943 847
428 259
724 805
853 332
284 108
322 219
146 749
583 490
931 408
606 140
515 258
20 684
682 107
597 322
448 365
256 671
266 377
852 190
360 553
70 185
328 424
734 208
755 822
590 302
594 575
577 192
206 66
461 458
335 47
745 268
284 325
12 399
431 205
568 562
236 736
2 511
383 275
663 445
432 789
776 309
44 435
725 835
83 760
858 875
341 133
196 882
704 517
381 644
712 276
907 336
10 11
1000 290
927 3
490 848
803 769
883 325
433 752
785 174
645 92
344 818
554 40
77 279
166 615
649 289
998 436
67 970
376 880
440 227
806 41
165 26
40 370
224 255
172 375
905 467
924 473
871 962
361 999
624 939
645 167
715 452
571 347
437 32
681 834
756 258
901 108
995 852
228 686
246 261
395 33
876 403
640 831
588 16
271 356
58 944
421 183
495 144
890 196
579 408
392 334
85 916
952 542
857 209
529 604
15 436
47 309
883 644
554 501
774 821
773 989
297 10
25 141
26 5
800 235
942 15
504 578
874 449
221 194
624 851
456 338
634 467
247 29
650 103
329 749
284 541
693 503
465 272
489 329
839 530
166 192
138 57
939 760
184 515
354 701
370 563
577 551
487 762
100 703
448 136
890 429
609 118
683 805
508 319
995 197
831 174
893 307
217 78
519 765
913 280
879 840
433 868
271 402
681 479
992 489
22 540
167 214
723 641
616 367
263 244
692 343
432 709
329 879
491 776
634 372
991 496
459 803
338 999
194 618
564 265
106 532
913 173
507 136
306 808
625 699
414 568
452 319
275 254
922 824
190 346
465 262
987 720
46 293
547 791
490 845
469 631
694 527
55 532
494 44
829 300
354 54
103 434
669 280
277 701
304 530
955 380
340 945
287 142
400 518
771 66
314 667
974 48
171 709
315 824
212 980
175 993
34 998
211 142
2 633
646 822
221 299
500 113
446 550
303 364
75 736
552 174
543 932
548 873
881 59
664 572
348 61
901 817
519 646
526 990
830 904
725 259
581 89
748 113
324 54
342 829
199 683
901 285
995 728
227 111
907 241
621 760
624 190
308 191
279 563
275 46
132 784
465 25
194 633
428 752
995 364
178 373
487 509
508 153
153 81
348 780
735 555
39 398
829 7
333 685
62 590
285 778
965 628
540 966
770 758
934 834
331 411
645 832
797 78
260 917
709 887
908 873
211 939
135 436
911 598
950 322
951 112
662 141
331 959
25 563
281 358
817 116
853 739
764 341
674 589
386 582
362 795
383 995
39 54
658 762
139 562
315 822
745 650
341 655
640 399
288 788
878 19
369 78
203 190
368 189
678 747
758 851
924 642
278 316
341 624
70 433
400 248
610 612
457 746
482 467
122 826
321 666
583 166
794 458
397 346
787 174
842 882
661 286
901 271
327 939
970 573
861 389
598 545
307 517
964 417
733 326
308 921
457 622
39 47
904 396
741 262
43 639
9 232
65 475
606 49
909 336
86 14
490 600
77 382
920 255
55 346
863 153
822 545
983 473
392 570
85 293
411 352
379 887
985 336
87 101
70 999
836 721
446 358
974 238
933 740
173 795
504 654
555 118
417 860
273 272
420 948
992 29
385 991
80 710
22 499
307 605
450 292
968 939
313 191
17 646
516 507
594 519
901 409
558 154
808 382
383 746
465 12
263 209
565 625
341 204
488 368
549 802
198 144
823 370
552 612
75 272
592 902
37 996
44 106
629 51
523 37
800 851
182 612
291 927
481 509
617 728
321 911
302 584
597 639
959 807
692 909
714 197
453 458
444 939
519 940
722 971
421 812
992 852
45 805
45 240
247 489
283 720
230 180
268 767
253 962
761 399
329 511
664 337
244 718
134 499
605 807
163 774
748 379
89 479
625 189
22 197
809 393
974 973
818 927
814 559
730 682
865 409
108 778
824 555
569 163
717 480
865 511
810 424
828 863
322 718
794 603
686 613
690 271
281 543
620 351
237 752
680 948
823 724
493 462
573 535
425 123
523 444
84 964
964 414
691 29
586 148
235 176
71 788
255 189
682 420
703 612
831 435
411 659
140 965
987 91
950 7
492 286
734 217
124 305
921 200
298 662
137 167
28 325
202 312
857 368
982 514
470 695
839 143
659 187
110 211
437 97
989 596
987 245
460 831
42 92
503 990
35 187
158 880
659 480
861 697
98 356
881 219
663 18
663 583
244 685
669 422
120 221
889 927
910 4
363 738
551 600
608 507
496 258
737 424
186 517
577 710
172 560
139 303
175 912
182 798
441 254
294 680
894 386
997 428
928 760
411 969
326 89
389 751
440 909
983 882
828 877
260 34
462 98
979 948
10 653
386 570
394 287
363 401
643 940
257 919
277 801
829 419
298 947
579 94
651 893
460 125
693 932
160 816
564 939
342 989
209 966
132 528
494 343
208 563
650 809
775 468
501 633
748 155
108 122
589 367
735 634
41 522
724 444
112 353
750 439
766 388
87 6
288 520
144 269
588 643
493 299
420 29
213 846
991 326
867 332
134 485
265 373
357 268
238 718
175 832
425 192
643 917
80 795
457 939
24 909
494 959
577 874
264 870
465 464
817 735
86 512
286 525
453 173
146 374
970 619
311 543
404 984
39 524
120 533
206 594
62 503
172 550
429 123
251 426
895 845
659 204
915 899
92 190
213 33
312 993
55 891
719 110
972 808
595 436
392 911
924 357
363 809
514 489
732 336
825 882
235 252
186 265
664 48
719 416
60 415
854 299
409 864
212 828
950 261
69 672
657 503
470 587
197 769
201 632
163 177
316 23
737 833
311 338
521 506
405 655
870 999
678 829
121 228
247 817
270 722
768 488
814 502
437 286
296 211
772 306
264 305
84 146
636 967
953 407
195 708
983 295
750 22
163 88
515 143
459 75
294 733
297 207
155 783
320 435
873 585
140 307
547 885
783 555
533 315
328 701
52 811
771 934
41 818
120 725
264 218
47 762
230 686
549 671
379 389
678 552
861 307
79 372
295 870
349 735
667 332
498 657
409 167
561 994
581 345
693 959
714 122
518 503
293 860
185 502
95 799
26 818
745 858
549 106
266 971
835 675
30 53
145 677
198 225
776 757
897 238
202 236
992 300
114 263
520 542
595 66
740 620
742 888
908 413
2 659
507 860
454 965
313 80
366 962
693 995
614 253
246 29
503 451
47 830
856 208
142 685
416 780
263 500
201 496
494 128
498 648
797 111
486 581
692 176
693 46
180 602
250 337
499 95
847 596
920 838
170 109
297 611
76 700
448 12
363 596
35 179
273 876
237 51
2 367
275 311
487 475
152 426
816 428
580 413
227 847
412 81
291 855
286 718
809 150
417 168
538 937
354 695
565 278
959 909
268 560
549 220
533 711
521 858
901 329
375 220
239 738
693 598
321 152
943 845
891 850
965 593
411 389
514 683
509 352
753 959
347 938
594 966
891 166
815 969
256 97
286 807
32 834
430 765
586 162
866 279
418 221
622 56
20 438
918 237
952 309
246 207
890 428
789 875
456 82
607 194
296 54
151 262
77 532
354 590
352 51
300 99
156 741
431 566
942 767
551 364
366 932
992 467
114 78
349 554
831 634
136 990
871 478
584 189
88 898
493 203
567 993
456 934
196 735
24 543
349 603
922 655
584 424
533 768
450 306
369 13
125 575
200 309
58 969
572 904
58 191
998 171
151 917
906 442
283 328
537 544
911 464
768 66
548 971
213 855
643 915
153 479
428 620
844 783
363 797
108 421
335 516
608 75
530 118
666 426
721 79
652 348
867 954
390 538
981 653
951 351
355 73
296 182
995 289
208 925
172 179
390 254
446 572
32 427
964 620
922 99
37 315
749 939
157 475
548 312
64 33
10 488
27 538
238 946
820 35
586 807
474 765
821 939
371 934
386 52
650 728
54 189
389 463
501 105
528 303
13 798
180 424
16 467
414 914
716 841
535 917
625 996
257 971
206 95
100 584
763 940
162 372
69 519
982 815
822 560
624 279
181 990
465 9
38 258
186 395
967 765
964 501
890 592
390 241
512 962
841 685
704 401
92 388
328 966
298 488
331 808
334 516
522 781
465 939
91 122
46 301
410 796
693 361
262 754
471 367
54 317
684 778
982 558
298 995
815 846
431 717
583 602
833 868
403 539
723 654
443 432
83 248
785 427
395 309
961 582
931 565
626 30
809 518
125 948
148 91
976 940
846 261
460 623
464 208
306 32
782 900
656 244
44 463
74 505
547 976
133 213
997 640
579 370
456 653
637 36
867 17
748 105
839 834
825 938
625 773
275 530
108 28
58 577
652 814
70 45
636 380
230 128
712 927
136 602
876 197
758 98
550 642
410 25
663 97
459 888
540 634
171 249
818 795
842 468
982 195
430 252
638 545
107 996
330 999
510 948
24 635
357 955
443 716
604 480
274 607
963 754
978 950
182 325
185 227
761 171
208 574
831 380
246 377
960 808
431 409
548 594
71 792
934 981
830 568
331 608
369 693
341 511
120 781
194 729
311 171
302 99
301 741
858 173
781 860
237 224
571 93
664 414
376 804
60 356
354 476
241 833
872 1
66 949
656 232
659 165
71 164
697 525
58 702
220 833
404 467
337 167
741 406
716 990
544 168
597 657
766 358
175 517
548 903
952 957
35 388
39 268
408 667
245 66
745 425
375 738
230 670
712 830
512 170
986 811
533 645
571 574
237 281
435 729
257 125
569 722
579 629
357 872
298 988
491 16
301 780
504 468
214 535
140 654
288 271
383 641
678 619
861 137
54 332
499 773
854 9
347 634
62 874
648 984
603 232
508 167
508 424
237 106
302 905
114 503
276 602
522 261
337 73
770 864
139 136
360 843
325 365
453 312
846 8
537 269
20 193
920 772
995 870
71 187
85 977
860 535
548 576
145 325
284 712
202 587
24 946
719 537
691 283
471 270
285 566
329 939
664 997
558 162
633 406
62 877
726 382
748 175
533 39
431 962
860 752
455 838
385 535
834 525
869 211
67 530
672 912
50 403
63 40
509 153
255 94
69 643
4 939
411 811
867 344
406 436
446 207
457 932
818 473
964 264
499 653
452 111
418 542
663 809
238 109
536 964
594 176
432 505
725 613
484 546
674 165
549 834
89 617
453 926
611 136
383 902
422 530
165 176
226 105
710 892
114 640
726 826
140 966
62 352
377 423
279 449
36 762
934 322
755 108
60 699
277 171
832 329
872 891
321 959
246 159
47 943
198 18
625 262
533 405
916 3
148 440
222 148
885 311
258 925
320 455
579 43
981 262
433 728
567 512
948 518
879 786
39 43
273 506
772 578
673 527
17 25
689 946
890 508
48 75
541 289
431 34
452 808
531 20
474 349
257 782
198 496
132 304
499 792
25 845
722 925
156 795
527 329
537 49
195 807
324 319
58 793
960 42
442 696
22 505
625 208
155 213
102 171
410 768
819 122
360 928
711 942
90 329
273 799
50 323
481 604
102 497
514 391
110 155
456 707
477 879
20 889
459 382
419 351
460 13
478 436
364 736
890 355
598 56
88 612
837 921
587 634
457 855
885 155
695 623
73 804
845 883
494 340
705 94
243 907
887 370
429 538
985 848
965 426
307 822
930 841
608 692
625 746
310 268
155 607
335 316
355 31
980 809
659 846
181 382
606 103
307 279
271 261
772 929
534 576
314 633
551 276
499 575
119 805
409 926
230 872
360 566
71 423
369 209
871 227
649 657
318 613
45 211
858 980
90 972
732 51
881 975
354 637
678 484
592 971
661 879
612 585
421 517
685 899
119 182
835 353
625 584
195 734
486 446
342 147
35 159
146 573
842 686
221 834
2 972
536 759
460 906
195 981
960 990
950 218
580 980
304 679
637 123
802 615
140 834
803 729
597 486
93 830
254 726
30 558
704 333
80 866
815 778
27 877
624 585
891 618
784 864
926 893
606 19
606 612
510 345
314 914
331 236
794 166
457 241
867 920
853 476
500 855
947 563
929 680
456 53
439 33
894 240
292 635
77 774
710 891
833 424
248 808
483 572
172 38
230 406
37 259
342 170
681 199
459 32
367 150
424 56
886 599
996 358
137 884
523 517
492 553
783 993
695 340
313 78
601 604
956 170
172 433
681 519
748 424
289 642
27 183
788 887
456 760
662 792
746 633
495 569
245 147
978 856
320 749
652 294
302 813
211 677
233 490
711 563
140 607
170 382
626 572
110 405
349 505
972 989
755 279
444 660
580 512
374 436
303 333
68 905
609 605
895 882
52 696
952 81
151 248
937 387
874 408
719 127
465 760
278 883
392 958
120 472
357 794
564 166
732 653
269 905
586 733
842 406
492 137
323 778
295 905
790 187
6 905
777 522
637 776
121 701
727 124
529 29
820 511
454 118
714 19
625 97
474 649
110 102
735 699
149 708
956 52
354 995
703 386
316 356
216 508
746 93
246 302
530 52
549 163
643 792
326 868
310 535
96 378
57 353
541 105
559 382
173 207
600 325
359 228
125 556
843 833
953 334
926 916
982 519
758 33
995 849
118 479
275 346
345 993
690 919
492 405
897 940
878 796
277 988
614 672
540 259
523 253
119 372
411 551
251 804
107 629
394 171
571 34
269 891
273 206
950 115
100 7
541 871
673 630
301 845
13 696
163 799
412 829
591 80
16 963
182 399
412 326
385 274
918 932
631 949
816 469
764 928
984 118
567 685
659 235
471 466
299 497
883 479
666 497
390 917
374 930
634 864
357 780
981 279
465 733
623 261
507 877
553 701
376 411
807 880
296 402
276 851
832 670
657 759
299 537
321 993
581 584
433 543
186 596
35 783
74 862
420 280
630 891
224 846
481 763
164 887
320 167
104 756
968 628
90 939
951 922
898 89
282 911
149 839
594 11
278 352
316 13
536 870
379 852
894 302
548 869
588 186
806 321
431 553
590 472
369 244
708 875
961 646
4 28
706 113
267 984
768 542
217 8
540 868
603 984
400 754
737 191
866 423
973 577
21 852
425 59
444 190
427 158
102 971
377 133
303 190
489 617
553 892
842 530
559 926
367 904
167 449
621 57
615 892
136 966
557 994
284 428
250 51
713 168
30 813
253 259
16 904
936 173
477 211
227 138
119 573
814 519
909 838
324 186
731 362
953 353
937 804
383 665
4 962
717 219
561 751
853 366
543 939
876 65
651 135
456 652
861 510
863 398
901 274
221 469
762 767
64 518
502 585
525 647
734 333
362 346
571 991
129 94
148 238
294 325
701 795
664 732
748 667
816 176
906 801
51 925
430 243
529 733
968 75
694 762
183 356
53 605
934 309
274 346
439 99
866 717
703 685
371 908
62 112
608 348
961 743
416 501
674 421
582 602
397 778
362 124
703 39
861 70
310 500
737 88
920 722
244 984
444 464
412 438
964 763
752 796
418 351
678 322
175 577
822 620
223 962
630 390
277 102
81 813
724 4
924 25
891 419
157 496
108 926
341 846
214 180
750 945
507 993
643 118
278 410
171 131
158 488
583 574
275 169
547 636
490 596
601 904
579 175
523 751
596 891
195 662
1 261
215 28
702 989
974 921
116 967
944 960
62 543
295 34
871 625
583 171
810 8
156 252
100 83
155 469
339 560
945 957
873 680
894 573
716 888
201 413
167 688
494 736
426 506
282 976
82 981
710 532
681 833
485 432
2 585
385 826
93 218
282 835
230 533
185 425
857 528
432 822
161 232
931 905
52 617
255 535
716 491
457 818
187 706
494 962
26 332
816 327
504 226
763 64
980 887
893 600
643 512
528 894
41 255
918 463
744 190
741 696
755 302
267 142
748 496
823 56
381 36
586 834
607 680
565 158
940 436
974 824
409 721
691 966
835 749
565 412
342 122
922 75
825 729
2 484
69 518
132 236
336 949
502 917
82 201
9 127
944 249
655 613
486 47
234 930
960 56
611 3
719 55
187 142
495 91
960 473
227 55
304 67
247 168
229 621
160 935
360 980
859 103
253 135
883 707
202 577
476 177
24 214
263 473
36 653
146 652
763 928
397 671
234 651
897 332
971 5
809 373
651 165
591 725
298 531
777 137
429 593
585 840
614 866
285 685
529 993
164 885
775 80
878 608
699 700
222 24
367 538
867 197
676 605
265 368
834 989
979 617
964 508
662 500
197 326
723 411
164 187
866 576
715 407
705 147
959 440
82 497
546 578
764 269
692 911
518 259
966 751
641 520
994 824
383 508
221 497
459 913
331 932
669 408
47 235
339 122
800 504
267 188
303 671
144 124
623 124
273 458
359 645
242 40
403 387
723 279
383 519
923 809
263 200
69 936
820 240
100 268
897 707
92 497
627 179
292 680
331 296
39 741
775 173
524 537
942 760
429 987
269 423
676 121
970 576
93 985
976 792
223 32
891 66
724 877
504 851
67 249
656 389
488 66
514 841
409 749
479 927
182 145
682 966
310 911
357 596
405 882
243 472
954 958
156 289
748 784
234 288
491 505
71 919
239 538
529 153
847 620
498 727
498 707
439 698
835 141
102 875
765 799
659 516
549 365
201 700
313 281
310 307
755 111
609 840
829 631
494 879
62 595
501 81
157 644
324 48
674 900
713 423
271 891
456 3
972 97
22 813
595 687
817 959
730 802
160 467
87 227
456 776
581 267
968 566
702 883
205 265
741 727
953 856
935 415
156 997
273 764
533 187
554 208
790 145
638 958
649 361
305 506
194 941
770 543
69 32
930 847
974 994
76 86
224 183
928 698
228 647
62 602
354 41
353 325
669 858
491 103
772 955
20 192
294 419
886 295
222 721
71 525
339 94
742 813
664 972
303 142
360 560
931 740
843 909
616 121
457 109
859 742
59 289
146 539
763 210
516 888
30 183
714 613
505 940
310 807
345 378
552 126
452 511
758 796
597 103
234 29
663 168
936 649
515 716
18 780
536 828
536 753
354 91
922 131
413 396
279 327
450 822
641 180
470 317
995 570
717 393
844 535
296 432
556 176
974 264
939 358
263 928
584 919
197 774
634 874
76 729
60 543
795 807
946 892
48 655
865 221
983 780
777 754
199 185
658 990
588 265
36 94
732 30
829 476
405 757
246 118
229 977
224 803
965 402
397 309
843 224
681 162
683 193
344 709
136 177
616 550
257 816
47 837
798 647
450 817
379 267
764 644
290 934
534 23
683 382
115 797
459 616
260 18
725 919
611 467
853 253
247 130
835 981
712 841
692 618
532 105
842 500
551 330
55 940
739 551
884 79
465 516
430 720
139 816
601 253
485 4
283 841
360 589
624 255
91 888
148 962
676 680
792 261
146 107
43 576
71 140
843 1
377 603
564 350
164 355
693 102
88 396
142 963
625 667
592 525
114 983
922 728
320 676
27 385
690 345
836 392
430 499
583 219
641 880
978 722
161 782
529 742
237 464
213 61
383 588
441 461
42 373
242 874
551 633
560 506
834 162
528 889
710 218
431 80
676 350
968 879
308 208
146 160
738 572
334 766
265 898
690 110
286 637
569 570
658 976
364 671
678 66
627 236
662 904
948 657
559 696
890 563
114 202
713 749
738 832
421 332
901 103
595 68
523 241
279 98
815 481
530 838
69 346
472 642
731 702
297 453
787 128
281 958
536 896
149 594
540 391
578 7
689 581
599 517
410 475
433 135
234 231
973 568
367 762
813 476
302 840
829 446
924 564
580 761
9 657
764 224
730 944
945 511
169 700
526 962
308 78
397 873
475 445
956 740
790 180
77 236
732 455
102 769
656 304
220 629
85 614
658 145
125 555
715 448
67 949
992 587
238 687
157 768
614 283
246 860
70 818
238 998
546 539
226 709
565 728
306 576
234 997
435 796
330 177
812 972
155 499
690 145
230 350
301 686
395 442
770 684
625 401
1000 420
408 917
358 545
689 402
47 635
251 916
405 804
169 717
549 15
363 412
311 637
158 1
997 537
101 596
375 15
158 126
641 694
715 505
148 507
510 998
169 794
626 968
703 221
62 47
823 170
222 43
891 807
817 842
360 54
198 970
530 797
359 995
58 488
269 361
21 671
44 638
119 769
374 252
897 991
766 615
1000 875
108 995
180 496
18 64
160 525
310 2
60 284
657 868
297 917
923 306
924 444
304 797
47 191
527 700
656 112
950 647
19 925
384 63
737 391
630 747
622 111
595 801
616 37
320 610
961 532
835 325
35 985
17 855
144 458
199 218
669 545
613 370
37 529
931 295
589 989
12 822
651 928
889 685
657 57
490 833
160 613
474 45
493 255
828 166
334 28
444 191
745 347
449 822
212 278
712 876
251 376
16 478
405 779
816 555
293 568
844 952
369 386
611 927
117 804
458 574
741 186
407 239
716 618
726 779
516 809
32 227
587 524
415 127
861 528
588 1000
384 635
918 957
405 348
267 835
638 472
71 670
610 598
580 868
404 424
392 859
745 435
950 600
85 152
487 227
363 17
849 985
863 562
37 747
725 819
776 789
321 399
708 813
466 688
285 599
363 347
711 581
683 659
661 812
422 399
580 959
902 133
526 784
688 838
120 960
658 176
179 560
589 793
54 17
310 346
292 241
95 305
371 344
314 343
409 448
815 541
245 874
926 624
111 644
918 851
281 759
187 925
715 563
627 131
114 288
556 655
206 138
264 706
27 942
377 754
233 803
979 406
280 915
367 798
806 195
431 708
371 649
683 788
777 772
762 176
411 514
321 722
859 733
216 857
110 465
935 544
853 64
976 543
260 882
990 966
636 470
11 150
869 669
534 827
873 141
110 783
724 699
256 95
32 174
986 747
683 562
316 524
423 808
834 516
652 515
237 957
709 393
656 720
987 635
490 177
71 321
681 744
359 471
39 280
43 150
590 422
979 344
410 414
13 957
782 821
839 497
20 188
334 735
878 930
310 127
58 396
845 838
814 831
908 686
446 782
583 315
676 367
913 843
951 840
788 350
184 452
737 306
84 736
379 372
510 988
763 168
359 854
696 351
720 966
682 773
164 598
920 253
80 943
867 621
656 797
673 923
585 617
676 206
100 533
295 757
809 670
935 319
38 620
557 265
228 628
581 509
139 550
229 611
431 620
17 307
531 508
460 603
491 542
263 19
202 583
385 173
369 683
170 940
541 352
304 502
865 19
27 137
913 844
606 414
571 424
697 853
775 265
666 396
207 497
977 754
264 814
634 949
587 832
69 933
500 826
253 958
90 448
143 126
412 675
60 889
630 718
595 399
689 675
691 630
390 684
430 884
514 965
548 500
433 874
571 374
573 476
921 107
133 778
6 8
924 240
836 677
837 809
161 81
951 809
146 180
626 496
865 680
385 617
426 602
722 799
946 862
800 61
394 457
179 927
74 869
181 634
718 560
934 605
974 19
134 578
432 532
595 731
653 752
654 929
856 932
626 636
510 94
41 88
534 803
523 38
172 136
893 647
605 584
626 408
573 42
913 600
278 819
635 615
357 858
251 165
676 962
256 12
454 890
988 665
5 620
205 971
495 781
250 687
614 617
401 875
744 173
691 934
284 272
50 248
231 710
420 254
676 849
771 168
904 445
426 33
806 242
724 581
814 255
898 778
251 92
998 877
587 109
885 187
897 670
836 977
674 449
179 207
524 436
839 801
879 8
20 646
607 578
791 545
205 702
421 833
116 111
541 218
101 509
