862 827
578 361 998
43 277 503
747 839 -457
380 783 -179
257 442 -682
185 492 -45
290 190 -837
379 500 706
306 383 -396
438 101 -506
800 285 -469
123 525 721
461 398 -372
570 190 -18
758 807 198
66 582 902
507 226 389
29 726 286
40 368 -337
67 58 648
859 251 8
393 584 -214
147 796 450
68 742 -412
333 720 -179
69 307 -807
198 440 -410
830 155 5
329 342 896
410 21 -567
37 385 -839
263 59 -295
514 621 -181
713 252 -408
45 431 247
622 139 465
403 167 -720
483 850 238
315 378 -815
443 172 137
360 43 -760
278 425 34
30 795 351
462 711 -649
841 345 -495
16 240 257
459 674 430
94 453 61
786 499 629
230 308 874
208 504 -420
647 707 -62
699 642 412
628 538 -112
443 822 645
611 823 197
551 218 181
645 426 147
103 312 -350
655 200 -889
401 795 -163
22 571 -22
63 404 656
668 669 164
533 144 122
512 212 696
152 194 458
280 661 898
343 304 -879
9 267 -440
549 722 -49
167 485 907
819 829 -335
327 784 184
616 600 -820
832 224 549
407 249 -22
658 653 177
234 472 -384
457 171 -365
54 422 -688
680 786 -451
191 403 -234
234 477 -896
571 664 -658
549 262 802
747 336 -253
266 698 603
55 803 -488
147 852 -9
549 29 -269
384 420 468
334 524 809
549 227 456
412 575 987
702 592 662
763 327 -847
153 242 838
487 95 636
294 655 383
475 433 462
582 120 -367
452 327 364
439 187 117
240 414 983
68 828 -363
364 609 -196
196 165 959
106 422 554
697 114 707
438 467 247
452 737 -110
648 229 -609
413 143 -538
739 26 653
81 82 150
366 459 -999
656 382 403
119 12 -243
662 326 -835
733 133 -660
854 736 48
685 560 -305
11 271 595
608 471 -914
389 388 166
724 1 -541
566 666 -412
253 546 -632
829 513 -338
160 726 -505
299 847 -957
39 693 53
201 611 -680
705 154 126
36 374 -910
393 560 570
694 312 -244
720 817 803
765 538 -650
764 83 334
142 737 629
640 583 720
662 458 -763
330 527 435
93 170 178
653 17 -192
302 247 -527
137 294 -24
13 668 131
666 596 449
90 400 -127
73 582 -97
199 466 -361
405 219 -228
603 489 -685
84 692 -194
255 816 370
684 449 -712
362 566 -732
794 73 -868
730 167 -352
686 53 857
65 490 -31
86 165 -138
720 499 902
512 435 -136
554 855 -400
752 146 -617
517 188 319
771 190 -286
212 37 -69
475 553 483
384 125 -581
675 178 -892
585 254 305
100 719 334
309 491 553
477 112 523
816 380 738
369 102 -819
323 549 744
525 77 468
475 542 988
760 316 -829
279 171 74
580 674 791
634 579 -911
725 17 420
347 335 -716
610 598 109
381 656 463
642 3 -476
430 258 626
580 553 206
385 214 -221
136 237 -679
750 743 -457
668 91 -254
561 169 -457
532 94 -220
796 659 565
433 288 515
164 508 153
226 62 -678
343 680 -482
515 584 -368
837 501 119
335 727 28
684 341 -596
260 527 833
455 395 295
96 49 -808
837 512 -991
445 22 36
727 508 -838
85 515 -446
786 246 255
37 185 -427
851 94 -982
812 367 944
26 861 874
553 114 647
121 105 -900
161 831 -705
580 218 430
715 368 670
98 240 454
620 424 257
11 627 -578
127 370 -701
740 653 -622
19 4 -334
732 314 574
433 857 203
1 472 194
228 288 -819
711 710 -583
652 157 497
200 402 620
723 120 -893
460 843 -860
517 195 -831
432 173 675
119 359 940
227 124 525
189 543 -96
269 643 827
841 303 -721
318 300 -842
253 167 -738
127 416 590
181 672 -968
653 472 242
708 315 -350
220 83 -145
176 28 -932
32 92 133
806 696 558
425 82 -343
582 321 -603
250 632 -648
121 165 -892
198 253 167
165 749 502
96 610 663
290 765 -312
642 760 523
665 512 202
559 703 546
729 65 -579
420 648 -887
719 266 -244
576 139 542
226 710 703
768 342 80
353 341 521
703 282 44
516 124 160
512 83 -508
171 166 778
421 179 530
708 148 311
170 431 572
638 331 -532
862 574 821
742 682 -444
202 36 -863
338 313 161
861 819 805
630 504 957
563 228 539
337 424 569
381 608 313
775 30 108
341 410 243
540 707 659
729 162 363
403 488 -886
73 507 990
804 662 660
579 434 366
417 55 568
204 398 -800
641 845 814
721 508 546
305 460 -883
408 839 249
279 847 68
355 293 -945
574 723 83
128 642 -445
734 834 -864
847 301 499
612 662 859
332 683 327
483 725 -196
478 273 679
120 42 565
545 217 194
834 171 -978
330 219 -699
110 686 -685
406 526 343
459 3 466
563 777 -384
661 605 455
745 439 -369
603 331 802
832 463 -978
331 224 -882
304 462 536
256 789 -263
777 767 153
61 796 27
152 590 355
784 568 -6
376 859 923
240 38 832
386 679 3
756 42 -566
533 706 -102
558 155 -826
40 585 -971
136 593 4
7 458 13
228 796 -279
656 140 342
189 743 365
501 801 419
789 776 -170
770 188 -962
795 841 -391
487 427 -642
820 835 -607
141 568 -389
662 385 -523
811 410 -237
519 439 -607
704 792 -28
143 328 805
523 718 -42
174 449 926
97 807 883
465 396 -926
235 119 788
254 544 -970
340 496 -883
630 593 -778
169 119 -231
731 773 -269
216 190 -120
216 774 -969
671 85 -326
49 178 -997
189 422 -818
171 257 984
802 224 -16
8 193 -28
283 679 -753
855 818 441
716 146 403
730 498 802
373 145 182
452 584 -811
765 254 -890
113 427 875
198 407 233
675 38 -726
194 663 761
277 252 -502
249 450 -565
348 818 -513
823 218 966
378 356 -474
780 563 251
765 373 -299
316 488 192
492 4 -695
23 772 528
207 530 -700
130 711 -127
613 211 -381
214 634 -812
381 190 -971
90 40 -546
76 479 232
262 319 -795
842 298 -748
679 806 -239
854 204 -260
460 671 -238
637 688 -263
797 106 762
805 394 -151
5 366 -263
68 266 -322
453 504 -44
170 318 118
578 742 -593
25 605 610
417 729 99
819 238 939
524 265 135
588 176 -19
617 558 524
442 359 436
123 508 -173
305 385 -239
730 32 862
469 653 740
486 859 836
359 578 549
613 588 -77
384 173 -694
31 383 -913
156 93 746
220 135 -350
31 811 194
246 35 -514
794 654 803
632 861 903
179 545 397
516 452 -177
793 729 742
85 415 82
204 690 -687
501 6 -935
758 170 -958
755 390 -197
366 666 -944
809 607 -57
331 295 -20
338 485 -436
399 634 595
580 608 439
289 435 677
443 780 -275
599 591 -767
468 456 792
349 450 397
184 51 818
597 616 -599
97 759 -411
208 838 497
428 509 547
846 647 -843
286 805 -928
35 188 -201
127 254 -790
440 20 388
741 555 -75
531 87 589
797 596 -407
642 277 -656
827 69 653
306 318 -465
730 665 682
372 560 -392
425 204 -251
564 31 -446
678 797 111
176 689 -787
347 58 509
720 750 476
259 646 668
18 700 761
166 368 911
816 320 202
102 746 -197
372 109 -424
147 627 -92
291 195 -739
593 775 -328
187 166 -140
93 49 -907
667 520 361
267 764 728
829 66 589
612 167 441
198 724 -50
109 305 -164
607 351 132
132 364 -372
359 838 680
862 536 544
287 549 -369
693 537 -429
601 81 605
636 667 -27
244 204 -609
845 860 525
450 314 -872
51 47 -113
862 560 731
252 103 -784
829 844 893
664 124 -42
504 770 -70
66 418 -213
17 400 79
22 610 901
500 20 -891
399 312 492
817 99 -362
306 191 -614
732 815 -854
277 187 291
287 400 -938
660 709 810
139 541 320
608 405 -255
862 503 -226
737 403 -793
745 214 291
800 141 40
30 103 951
79 361 -11
393 726 -462
173 351 -366
438 468 -647
811 412 -863
169 227 -451
282 733 645
558 197 -166
709 180 -902
544 816 -136
145 490 516
572 256 978
365 853 -83
274 92 59
23 407 -25
482 341 332
377 57 844
756 807 -85
117 782 -282
408 209 53
272 519 -190
260 779 -154
778 133 349
718 281 60
46 514 -798
46 500 -799
539 414 29
295 717 515
188 522 -812
495 409 -31
578 340 -559
762 91 163
278 431 -183
21 519 -764
205 746 166
421 351 -914
171 339 -20
127 170 -12
484 544 -616
33 136 576
804 758 605
429 791 352
645 704 931
235 169 -916
687 30 -149
217 553 -915
697 766 846
539 730 667
117 338 35
501 29 -740
793 54 780
621 822 -754
487 250 507
209 9 573
682 714 -950
270 316 437
321 147 -802
425 811 -777
232 430 728
141 517 -768
38 251 -808
73 80 -147
222 820 -215
416 566 999
834 773 885
746 449 -928
265 91 988
361 515 915
139 445 703
709 656 -727
385 342 321
707 413 96
171 454 -36
480 485 -810
756 837 -930
585 507 287
524 160 -201
257 203 -531
828 19 94
828 790 279
104 862 849
128 557 477
777 17 -761
661 279 -14
390 69 -406
30 696 -167
601 617 887
638 687 -126
242 78 774
68 158 -121
624 341 496
267 172 -619
400 68 -492
465 228 856
535 501 -337
449 146 -667
371 729 -606
183 743 760
586 481 -66
364 571 633
659 95 111
538 456 -974
599 421 -343
619 748 -747
328 470 29
537 466 131
236 770 763
616 206 128
535 811 78
547 187 -53
425 237 -614
824 193 -909
848 531 -769
616 444 1000
364 830 513
472 79 -199
113 712 -978
773 544 735
798 161 -200
730 310 354
269 735 838
175 123 128
225 610 -99
742 47 -635
805 246 -902
598 831 -929
599 611 132
38 140 -215
512 171 -70
330 816 -349
444 263 862
798 25 -76
544 721 -215
632 820 560
275 595 -808
370 337 -415
702 564 -903
561 574 791
683 296 -326
540 621 591
584 861 -619
766 25 -294
832 454 665
63 508 843
591 233 561
358 520 -449
11 622 0
248 226 421
189 758 -72
368 53 428
192 589 -475
469 229 -846
164 51 -590
186 742 637
166 856 792
148 363 158
137 46 -318
690 335 915
367 430 721
175 414 -161
352 188 477
201 27 -250
396 41 713
737 34 348
519 395 -792
42 124 816
402 804 -578
40 145 -748
565 802 -287
686 846 -369
344 175 -839
587 11 -275
143 654 435
297 542 314
291 845 660
161 775 950
40 666 669
843 64 787
573 727 912
576 608 -199
57 636 256
731 508 459
525 543 274
24 666 349
14 591 120
704 849 586
22 538 -890
190 108 -771
766 451 -121
516 23 748
625 182 -168
444 649 -999
31 817 -447
710 418 589
196 192 259
276 389 84
808 492 664
464 764 313
384 152 -263
488 617 -452
709 431 108
776 670 -959
131 820 -380
65 648 647
68 222 -107
52 22 40
543 200 595
686 143 -185
284 376 877
735 323 -960
517 379 538
148 660 -414
556 816 687
71 514 -948
271 209 634
189 657 -355
463 280 -625
498 801 -225
857 485 614
565 500 505
632 803 -654
638 382 -641
494 766 211
256 670 -841
238 269 -690
721 700 483
593 316 533
803 413 362
477 383 23
839 128 -557
210 596 660
486 513 913
270 661 -815
442 789 140
662 682 -534
340 847 -439
430 750 817
776 556 -307
685 277 132
203 370 -146
259 479 824
718 844 319
637 827 597
669 48 -989
615 849 -324
566 550 718
82 167 -908
6 795 195
771 260 -722
17 339 265
673 38 752
185 725 -410
279 296 825
470 482 -763
750 405 166
47 500 -41
128 248 907
655 730 690
452 746 500
757 415 365
61 666 -347
457 72 690
720 147 892
630 773 822
46 172 922
227 591 172
683 761 163
613 756 -829
505 689 -937
174 453 891
543 84 -812
743 747 -728
196 412 448
719 379 195
811 634 -771
305 185 -73
11 227 -716
494 620 -618
421 6 -270
362 647 -185
767 343 829
345 546 -429
502 700 -268
769 62 940
124 418 601
547 826 -728
447 141 -48
230 350 -273
322 374 -344
417 799 -450
