1000 9902
157 102
668 732
271 994
592 841
247 483
285 194
91 799
552 795
544 667
601 606
911 35
91 908
114 487
5 84
833 371
83 780
85 431
449 74
13 585
402 64
701 527
208 767
338 834
448 270
856 699
692 33
964 718
716 159
574 5
79 617
669 783
957 402
730 271
551 303
238 542
97 922
852 798
834 353
400 937
610 216
593 910
889 279
27 992
925 967
490 506
594 708
645 472
95 401
577 434
562 294
468 261
736 541
365 651
75 794
244 876
631 656
27 782
49 330
323 631
452 785
900 410
787 760
870 891
466 117
528 504
736 379
475 441
480 57
45 47
840 265
509 162
457 991
774 524
903 168
245 664
780 181
540 693
983 926
569 958
733 243
831 602
12 414
285 32
290 24
76 553
318 762
904 366
340 866
452 356
717 304
220 712
902 386
299 219
396 867
552 985
95 637
688 137
1000 139
980 929
530 740
270 411
534 968
95 642
21 747
831 30
234 734
845 430
775 455
268 991
371 233
967 863
657 557
111 485
575 106
269 451
227 845
19 228
425 221
296 648
160 414
753 49
290 785
761 542
763 248
503 445
621 250
633 724
959 638
853 487
175 207
657 196
855 697
658 151
622 668
109 951
516 9
922 800
795 82
340 125
657 85
325 239
370 968
611 794
23 120
83 469
980 77
853 313
999 269
767 391
880 233
387 341
266 622
874 475
953 808
515 81
149 819
776 515
45 898
118 728
508 572
642 116
201 156
365 913
54 995
590 721
721 614
376 805
998 10
429 261
237 700
971 113
705 972
457 580
560 819
451 181
194 529
37 837
620 687
389 983
396 545
612 623
388 593
318 662
867 32
51 825
672 887
659 566
931 317
717 468
590 98
98 853
134 4
427 10
67 35
893 243
290 286
841 768
225 819
637 142
565 849
768 253
842 930
593 104
986 41
894 918
499 475
920 855
782 381
826 513
20 440
403 304
42 16
705 880
119 2
104 361
663 614
628 564
450 668
514 777
341 681
740 301
898 415
834 310
505 244
692 136
986 621
643 452
662 608
844 323
57 663
729 133
583 38
306 78
36 827
383 76
459 692
389 705
486 847
718 682
420 41
921 452
60 249
46 231
70 153
788 796
623 967
883 662
296 870
465 593
942 29
488 654
272 255
275 816
455 870
496 925
25 473
439 631
654 512
970 893
975 460
228 583
687 440
675 384
162 309
201 265
422 867
410 519
283 831
12 471
146 865
20 826
685 952
102 842
793 151
361 220
738 116
876 805
707 785
101 2
46 637
86 702
234 485
881 614
167 923
704 717
63 218
926 92
949 229
937 677
869 414
212 887
836 361
358 925
958 940
557 561
25 672
389 79
782 430
358 876
695 679
368 748
60 658
643 561
892 183
714 691
731 371
899 543
592 27
359 567
531 72
859 471
856 323
520 471
227 385
434 221
625 54
904 685
403 554
874 863
545 981
735 496
758 485
928 473
763 273
302 143
31 567
770 933
349 176
648 345
892 746
681 407
83 397
357 534
641 545
92 325
199 547
535 69
656 813
728 837
984 751
107 435
676 237
469 873
443 130
878 73
796 646
710 964
90 725
318 586
2 927
340 327
279 617
837 463
965 154
345 769
841 900
980 271
101 324
29 743
859 824
72 86
110 498
366 856
771 638
6 217
813 231
409 673
30 211
837 737
785 846
474 505
465 138
690 965
694 5
982 16
670 79
76 484
332 894
172 791
565 792
694 948
555 350
189 564
744 149
953 672
11 480
163 701
882 281
792 299
251 61
706 245
263 654
394 587
717 847
960 972
317 321
509 135
195 637
967 779
610 516
368 359
919 612
578 38
1000 364
666 901
425 113
309 586
51 203
269 128
473 797
271 470
39 538
561 446
632 747
635 409
430 365
341 286
553 414
776 187
69 729
79 831
830 605
356 972
692 614
89 719
511 160
774 481
761 189
338 278
379 666
239 554
360 681
525 403
219 598
330 453
334 389
408 523
905 981
102 161
504 432
534 18
600 394
421 103
110 543
684 282
405 373
950 125
655 503
63 828
708 39
836 124
395 382
418 181
183 503
258 938
335 680
307 759
574 539
851 287
803 683
860 250
377 1000
393 115
964 6
471 670
365 119
761 850
835 363
30 651
142 961
380 340
808 765
798 351
334 939
530 278
843 805
424 373
388 464
359 639
597 143
598 184
208 342
108 460
628 878
493 646
743 554
106 336
178 158
22 855
761 383
62 628
546 354
838 405
198 116
737 612
488 230
95 500
898 586
453 532
620 85
201 929
885 87
169 496
482 586
451 553
822 552
514 281
974 919
847 399
723 149
82 247
528 485
970 838
607 527
187 80
25 109
466 233
344 219
278 215
54 992
625 868
679 597
176 94
585 502
167 656
115 99
741 763
413 816
343 435
133 657
929 338
696 579
309 496
526 756
786 346
501 463
908 791
119 473
603 404
841 527
445 609
851 738
621 520
746 525
4 672
665 618
425 397
9 206
871 497
216 518
577 359
523 469
981 881
359 957
74 575
824 441
756 739
556 667
796 426
726 47
949 324
255 205
682 65
613 727
528 871
85 14
369 492
863 19
403 529
874 888
729 27
218 528
2 453
598 311
356 678
361 980
622 697
149 731
109 922
990 61
205 859
444 193
942 320
491 852
307 331
115 658
903 559
45 707
374 689
947 283
417 804
828 46
188 845
10 701
317 559
46 87
987 759
590 528
296 758
559 335
567 888
234 46
474 593
684 602
332 663
666 83
585 1
659 774
73 373
790 998
666 194
138 315
183 281
955 224
479 742
885 623
944 127
746 167
710 522
292 695
538 683
333 29
320 900
506 947
547 955
472 767
107 347
896 97
91 23
347 129
725 988
851 529
730 834
659 450
369 474
82 577
588 507
463 331
171 253
802 313
911 201
995 344
962 967
209 467
959 672
599 330
485 614
790 869
829 705
653 531
599 315
179 436
951 38
131 313
939 414
722 802
714 914
625 53
386 665
939 559
160 310
771 374
390 832
83 686
396 241
497 660
805 27
917 945
634 47
54 290
121 80
377 62
809 233
719 362
106 71
460 895
652 772
562 403
945 281
382 184
81 723
546 895
943 995
927 302
783 778
898 32
992 203
554 718
520 626
996 771
619 492
512 930
822 643
261 753
697 361
548 183
586 846
831 544
281 380
873 506
909 578
289 857
625 957
992 408
868 571
452 258
536 373
379 610
367 113
152 126
10 100
198 897
641 142
77 60
258 886
522 155
704 810
543 291
582 719
622 360
364 552
915 840
437 404
890 983
871 743
18 317
21 582
831 117
815 592
503 4
967 885
569 62
850 985
679 1
333 581
317 320
389 819
537 27
35 915
420 607
207 689
354 199
339 617
801 268
219 215
311 663
95 108
275 745
217 246
861 549
633 574
80 586
355 320
122 61
78 158
431 159
821 611
165 975
709 514
819 126
143 952
600 79
675 543
260 994
148 953
150 95
723 779
465 527
727 851
874 485
537 369
571 463
199 518
984 716
344 555
862 749
870 200
942 197
429 398
395 2
750 786
931 84
969 233
128 903
755 696
462 110
120 129
618 128
522 253
968 431
290 167
914 941
335 917
282 236
252 425
883 141
423 470
211 520
965 415
894 271
375 878
15 297
309 12
20 209
973 21
333 979
670 15
491 222
157 72
470 241
643 897
94 701
185 391
61 556
688 282
433 909
365 118
618 614
221 855
117 614
227 250
817 804
16 490
269 449
750 138
678 871
692 7
913 310
291 742
952 172
679 267
922 524
613 515
981 47
106 683
359 719
929 588
252 637
550 60
610 779
399 964
657 186
472 384
496 262
207 344
724 374
190 526
797 108
625 479
679 766
847 360
499 534
830 638
271 30
336 841
547 605
173 186
67 971
729 506
783 733
823 256
37 411
610 335
975 69
797 869
174 220
55 60
257 144
168 469
116 43
616 979
486 237
125 762
555 844
558 433
926 309
949 636
32 356
181 482
71 978
755 603
202 911
21 73
885 394
337 236
266 160
766 135
785 496
949 487
650 266
651 95
862 773
407 416
171 3
228 112
484 986
217 705
159 738
903 288
117 99
99 741
393 110
51 582
142 951
623 190
829 684
39 409
354 429
482 342
506 336
415 894
125 570
143 399
330 642
372 981
375 438
636 793
144 593
625 8
553 315
408 998
299 931
294 666
210 609
988 101
658 249
677 171
754 590
350 413
784 815
92 716
18 747
630 116
761 139
652 366
853 731
14 583
454 382
420 442
296 872
425 516
84 783
231 104
583 471
190 749
560 612
876 498
415 246
73 491
594 831
64 738
407 626
374 963
103 259
434 556
864 89
370 430
760 26
319 507
943 669
513 348
72 60
992 509
704 545
870 498
393 718
195 182
50 751
717 357
665 442
775 69
188 378
752 952
215 24
237 960
972 693
224 693
445 531
160 941
955 574
629 651
43 24
108 962
336 360
826 449
702 372
480 781
824 648
786 979
860 736
369 912
958 173
781 716
833 875
692 473
674 892
877 931
237 4
815 413
619 756
691 739
503 321
344 502
416 963
553 646
317 29
943 313
378 29
700 706
593 534
596 403
887 364
250 987
447 901
228 784
972 430
796 220
445 298
653 837
670 829
187 735
773 572
316 57
729 272
692 908
899 106
558 813
118 868
689 538
549 150
787 737
203 594
314 697
315 224
955 432
845 159
317 562
512 820
505 722
434 750
552 21
404 938
427 635
136 892
671 788
326 563
898 208
367 301
776 684
101 497
358 480
567 244
823 110
400 704
298 631
606 153
214 547
287 829
533 181
572 281
559 897
438 298
811 972
190 411
3 920
798 218
871 512
693 288
803 288
25 652
494 109
536 474
669 295
564 563
582 716
363 850
734 871
863 513
630 820
96 539
406 834
479 776
778 497
47 596
157 20
655 789
103 888
776 467
698 296
739 924
465 943
320 574
483 218
956 71
431 346
330 587
882 908
555 126
648 676
309 770
407 477
651 547
251 199
420 600
403 362
178 501
339 616
446 268
295 883
952 145
803 580
458 358
829 341
776 95
260 176
389 980
570 691
499 756
558 764
415 741
587 28
201 681
643 286
434 868
213 978
638 409
614 552
644 892
59 436
477 989
26 183
410 22
448 205
156 566
654 301
503 873
586 431
509 492
204 484
607 375
754 745
828 96
847 260
116 306
978 693
886 298
853 659
177 146
362 158
605 370
735 723
921 307
245 358
603 849
816 750
383 757
300 239
250 666
749 836
736 237
55 119
457 988
59 112
48 239
121 431
234 246
736 92
555 752
955 186
519 341
613 394
704 506
542 910
651 390
194 520
447 334
30 162
590 618
298 762
560 153
907 396
604 242
399 280
440 359
332 781
663 971
924 713
565 713
68 791
333 437
427 176
879 158
347 377
845 474
669 172
543 663
177 794
470 97
57 188
441 861
669 93
873 930
739 800
954 549
734 170
593 700
655 59
783 118
923 595
434 272
108 447
443 546
668 57
946 439
929 579
435 134
421 487
24 105
813 933
960 359
523 887
195 774
914 296
628 932
353 130
411 928
309 688
801 762
5 922
965 796
913 881
844 911
439 485
25 337
524 781
407 651
410 157
230 298
960 674
337 432
782 134
163 76
150 346
444 611
157 630
623 484
250 702
953 527
810 956
51 147
375 702
139 36
177 489
141 654
566 758
720 669
37 845
135 432
907 91
232 455
33 682
768 803
841 723
509 933
940 33
986 355
811 788
834 687
795 784
237 876
219 481
205 142
964 840
345 658
589 104
887 315
39 11
639 998
604 619
311 907
76 12
938 179
976 2
821 230
697 424
17 112
204 965
852 524
464 709
157 328
504 483
820 34
714 749
803 820
661 702
498 742
203 333
568 42
877 224
847 952
563 182
374 122
450 522
513 367
36 727
644 22
611 93
64 136
193 340
681 47
415 322
402 586
884 593
176 560
874 427
247 703
193 779
947 285
993 495
645 686
188 847
904 616
428 375
286 580
396 444
515 78
258 445
656 568
245 315
326 980
82 104
654 146
480 339
233 125
408 31
506 846
694 141
401 810
427 986
615 389
966 817
645 636
357 274
656 611
270 423
147 152
647 287
483 336
963 986
894 550
310 599
603 144
395 966
661 496
310 710
725 685
194 423
242 411
958 61
283 231
342 838
882 204
78 892
706 445
543 786
587 482
734 343
535 642
611 864
79 518
136 338
778 993
643 115
240 102
293 228
520 56
739 396
807 170
364 842
523 348
451 820
783 449
255 86
991 354
477 185
23 76
706 718
176 589
839 814
309 815
202 433
403 890
45 805
212 234
994 584
240 723
944 721
214 983
361 353
918 37
372 103
637 557
177 87
965 246
987 578
733 122
291 475
989 144
827 253
186 239
408 349
870 189
232 609
214 689
855 35
789 169
383 566
171 654
867 893
448 733
397 139
550 882
223 690
371 967
814 711
926 413
824 579
732 468
418 172
463 705
834 612
707 782
142 607
193 335
24 597
793 505
176 469
12 438
971 530
38 943
965 21
886 675
647 259
25 528
523 305
392 269
730 983
786 933
392 99
807 121
721 248
523 398
963 748
857 456
240 454
807 974
539 660
606 407
27 440
247 178
344 467
308 310
735 137
499 881
5 370
427 682
27 198
139 768
74 343
825 501
934 177
57 611
614 933
528 560
340 246
144 809
52 674
623 693
58 803
790 464
614 820
260 983
725 133
946 242
921 951
211 240
340 468
801 846
549 56
435 504
22 168
478 446
214 896
784 903
37 485
455 922
886 346
870 895
482 532
46 397
110 520
529 853
219 939
703 344
97 459
44 342
323 665
270 944
767 850
239 277
612 785
519 711
578 806
581 26
747 302
915 682
488 827
674 590
651 164
279 767
266 138
361 8
56 602
598 155
751 474
614 45
851 493
524 317
873 101
985 931
417 159
971 720
627 146
720 464
457 654
258 937
105 790
427 34
449 750
466 580
306 925
660 188
254 575
686 648
327 666
864 590
892 20
910 687
569 495
847 616
882 94
310 543
636 17
449 441
583 762
893 446
380 343
878 466
717 332
959 716
385 869
61 780
647 517
816 527
781 531
587 332
991 230
811 260
575 487
852 600
907 809
71 68
545 290
965 616
468 976
285 742
363 266
164 457
169 85
346 277
448 12
568 365
87 815
117 273
607 180
40 198
701 47
297 313
406 501
834 496
742 186
529 390
938 639
70 38
719 447
460 818
391 496
246 890
192 303
903 919
35 299
456 372
349 407
874 729
758 893
294 716
27 671
340 718
178 289
935 981
296 684
923 601
317 746
980 414
339 270
505 634
187 194
500 827
951 156
703 559
315 358
297 919
963 306
357 239
569 591
825 693
883 107
884 208
524 289
381 456
195 109
877 633
876 844
312 335
904 730
232 41
906 97
85 614
964 319
281 535
786 715
290 282
545 354
29 945
669 286
599 93
52 256
289 210
273 565
271 38
117 806
741 188
100 52
69 963
506 751
198 745
15 45
91 859
39 411
597 477
707 373
820 188
783 40
290 623
916 655
576 680
96 802
483 98
870 574
65 70
873 703
40 900
839 39
917 809
500 389
248 598
680 107
308 725
364 212
404 707
545 559
74 65
663 251
867 388
939 883
373 211
321 568
231 21
514 329
668 418
182 507
292 111
511 357
831 986
154 72
619 116
784 975
895 451
823 358
23 894
779 708
283 533
303 393
161 66
956 308
483 774
763 802
529 942
90 620
555 682
321 236
157 458
729 871
695 78
970 603
132 792
594 95
453 752
789 118
833 814
509 309
68 985
294 399
176 298
68 872
416 281
459 349
521 426
797 429
623 111
915 158
826 463
204 495
816 745
583 557
747 963
570 968
955 798
354 335
669 4
392 112
551 769
179 264
830 105
616 149
247 169
657 981
363 436
456 786
329 612
192 462
133 124
991 62
317 27
890 335
764 356
506 84
126 661
473 773
95 154
903 985
243 943
725 127
766 837
506 199
469 305
201 691
678 143
29 612
723 530
740 604
235 924
204 657
600 118
528 755
470 542
584 531
857 841
1 533
255 38
844 577
629 501
515 28
500 46
727 825
174 171
505 720
194 763
318 790
796 642
157 652
712 733
270 981
453 289
550 913
349 368
6 947
686 177
581 37
908 347
214 694
231 876
417 400
290 158
367 412
318 624
211 640
747 466
715 816
422 530
668 990
480 751
814 708
928 883
972 256
855 296
840 95
132 805
219 10
551 688
633 632
525 896
414 193
842 772
682 561
778 108
910 545
548 630
988 621
256 350
815 748
200 555
406 819
264 968
816 661
692 264
12 906
786 821
779 45
735 490
826 594
789 590
139 880
42 69
7 641
178 517
765 607
434 411
972 159
277 959
259 732
332 318
722 882
905 210
715 199
403 733
514 717
588 990
769 860
790 614
331 335
919 326
122 56
711 32
409 669
553 386
317 953
278 261
987 997
783 548
951 582
931 804
348 697
956 952
408 766
761 208
836 646
788 865
186 332
229 8
323 634
306 372
533 531
218 920
936 480
758 790
135 795
403 7
715 609
922 141
574 310
500 945
139 173
837 30
106 593
921 83
979 837
696 529
283 842
822 285
181 395
951 187
665 86
994 199
154 981
393 699
413 808
380 829
148 171
21 419
559 935
980 712
530 831
802 184
125 239
396 905
965 241
94 902
590 11
955 410
12 761
204 337
212 836
780 758
731 96
113 777
204 416
928 612
464 445
262 768
66 385
583 612
245 142
352 34
207 216
973 372
702 306
351 416
877 981
209 399
483 248
601 957
380 336
697 402
75 290
67 813
111 480
104 33
766 130
542 362
34 581
553 691
579 416
94 365
847 817
230 797
302 638
844 453
636 397
961 39
504 566
435 136
661 890
103 840
355 353
198 688
677 180
532 649
916 808
919 219
335 272
463 587
657 72
903 586
643 111
840 597
701 927
712 362
248 281
692 582
255 254
760 436
830 716
391 256
675 653
19 901
559 263
249 802
954 683
380 524
418 785
311 94
25 113
887 779
144 108
789 383
495 146
923 713
393 582
528 135
846 499
78 25
245 1000
232 457
395 257
237 584
163 829
901 631
256 618
279 883
67 409
461 145
824 491
518 147
25 606
484 965
930 235
398 301
407 551
369 387
243 406
336 212
552 477
696 788
237 140
274 150
807 913
998 693
245 190
342 201
342 226
294 44
956 589
792 406
955 866
329 641
428 802
248 889
434 306
571 991
599 770
403 533
207 539
722 973
28 254
486 614
213 182
226 779
325 940
308 670
437 830
576 998
524 638
156 858
749 309
641 281
257 565
780 36
601 454
649 121
913 962
697 987
334 692
173 266
657 453
415 477
287 930
405 343
813 314
61 437
616 788
600 185
468 425
130 206
7 452
796 703
489 239
71 653
337 291
229 277
325 258
163 251
847 141
313 788
110 475
954 69
333 136
888 193
208 476
765 133
693 600
163 985
355 545
45 421
907 470
394 239
693 457
793 247
688 199
205 176
455 359
116 637
655 292
753 432
381 623
39 41
261 127
246 599
281 849
726 365
606 174
199 295
790 910
938 149
558 346
88 672
913 465
346 792
511 742
407 299
8 963
53 605
804 909
695 832
330 820
701 259
60 397
977 603
652 713
320 354
321 991
892 402
160 475
161 630
1 985
551 257
169 3
813 858
106 750
844 668
916 881
403 926
265 897
605 585
930 917
550 458
938 632
795 17
945 396
947 202
739 364
478 448
481 108
395 828
362 185
662 978
46 119
763 739
396 418
36 137
371 314
297 675
235 475
92 96
666 179
98 561
512 597
180 963
218 872
426 591
19 633
638 62
803 455
842 547
811 859
63 775
979 646
545 558
323 106
197 589
806 885
372 549
323 251
55 720
591 610
918 726
891 492
357 280
276 786
868 916
265 7
157 17
489 545
328 609
441 838
151 759
423 882
578 696
569 66
588 362
950 577
644 404
534 768
460 245
423 963
906 491
359 961
513 539
74 627
467 939
26 766
208 757
317 461
726 107
838 625
105 883
877 21
317 62
339 730
921 46
909 282
251 294
434 250
930 727
914 176
109 828
19 428
919 321
577 106
995 935
965 515
30 876
71 128
931 540
17 204
60 941
61 283
463 155
426 934
838 61
823 395
36 975
965 932
850 487
287 222
991 614
98 755
376 17
249 773
158 585
163 85
700 148
884 937
611 595
103 944
338 53
582 208
736 224
917 405
480 430
44 231
963 834
54 904
970 513
935 529
910 383
423 381
405 210
867 923
964 39
767 946
73 642
972 538
534 369
393 779
159 468
879 453
664 138
721 943
663 964
661 535
689 329
928 527
548 516
882 378
223 438
519 133
155 958
138 160
855 45
432 589
345 476
623 49
242 108
894 142
599 40
768 134
473 384
113 921
223 340
208 947
187 93
78 348
178 599
403 282
578 404
579 853
445 167
517 23
683 819
509 175
83 608
291 746
952 176
921 807
479 301
28 155
800 100
35 657
705 57
212 479
599 289
148 839
667 609
536 717
991 279
876 85
495 729
97 154
630 108
746 633
339 69
801 872
625 428
724 80
675 652
123 859
453 198
127 947
348 956
442 297
724 199
675 285
676 34
36 193
893 804
174 339
949 727
864 433
991 888
116 166
74 666
281 143
102 977
504 320
488 965
34 337
460 478
798 375
391 967
33 687
915 569
309 330
220 315
464 237
45 320
243 83
216 894
983 763
396 942
77 111
560 642
8 586
637 23
90 202
349 891
206 668
1000 704
380 468
656 905
399 893
772 539
369 386
480 869
933 616
756 438
240 433
868 51
797 233
527 384
216 442
678 820
200 755
437 746
955 869
5 406
14 156
385 284
96 915
597 317
268 735
360 520
702 268
705 916
78 918
118 195
305 450
265 539
985 132
226 32
890 11
253 729
571 700
420 192
793 618
596 345
390 1000
658 141
142 397
669 629
933 398
757 202
792 962
905 677
11 626
31 895
639 234
698 664
14 581
692 778
831 964
779 617
62 887
387 750
802 714
178 368
788 905
975 37
448 982
983 638
822 696
344 743
285 433
20 738
422 778
224 13
558 102
817 24
763 804
750 703
384 253
85 606
188 543
709 171
675 23
125 436
197 967
453 621
441 365
872 583
711 950
694 128
755 914
901 711
612 521
320 921
537 647
802 225
287 635
533 127
772 985
354 760
100 500
691 811
234 638
701 922
851 645
364 592
899 756
773 211
26 872
95 474
411 830
513 574
53 365
480 913
739 834
100 776
375 406
416 967
4 734
164 557
166 151
703 372
601 150
144 945
382 737
880 820
648 97
681 255
365 638
27 29
401 475
415 658
914 367
554 774
828 233
114 785
387 501
912 340
259 965
199 648
362 242
266 532
260 540
745 750
818 98
31 851
400 919
917 670
24 547
810 718
631 570
264 813
841 172
36 138
663 511
897 670
615 998
909 923
788 540
789 325
425 76
340 631
926 574
473 505
28 980
840 242
159 354
833 438
236 855
314 249
409 683
525 557
15 675
586 557
203 643
129 804
849 149
996 332
727 236
217 611
646 914
228 165
273 610
509 588
298 951
25 533
427 217
427 189
657 571
916 355
579 235
962 225
800 780
233 555
472 877
720 51
99 398
921 129
389 830
156 223
657 550
70 637
416 116
590 657
104 423
892 320
437 595
421 126
114 704
942 560
49 903
950 787
293 52
459 788
57 388
360 751
435 223
737 611
758 475
822 804
161 883
292 451
149 582
60 103
948 253
394 366
331 904
892 891
71 566
24 575
406 185
762 347
358 166
505 754
501 322
490 102
788 577
145 577
274 871
258 352
923 638
762 458
512 899
909 959
382 443
590 764
811 753
611 675
957 915
64 558
266 806
728 581
660 738
289 655
762 659
128 779
115 141
479 660
564 846
211 670
505 957
695 176
592 639
37 806
23 759
427 918
489 337
767 514
539 354
389 350
987 111
347 204
811 189
808 965
682 930
4 714
194 200
569 492
91 880
844 146
114 435
667 678
963 804
894 972
952 83
346 814
476 913
534 813
60 281
65 206
446 349
907 989
89 192
660 755
511 697
792 555
276 644
1000 334
185 887
787 240
327 219
57 531
277 834
264 339
621 243
997 886
654 901
288 404
151 79
965 887
252 856
805 222
808 206
900 742
226 383
981 509
221 56
598 638
250 711
819 383
433 8
297 617
407 756
980 298
234 52
89 975
148 388
885 371
297 762
136 824
690 323
159 4
572 867
96 44
884 61
666 232
707 540
305 304
785 750
769 225
594 118
426 516
648 350
45 302
820 724
660 381
309 329
170 526
470 544
959 699
124 344
821 302
950 368
251 839
751 18
475 799
560 487
502 628
319 902
726 438
845 506
792 250
684 403
265 94
582 923
570 819
782 754
579 163
251 18
859 339
181 835
311 820
333 520
762 650
152 274
806 201
790 706
900 134
77 515
61 926
815 373
969 957
588 913
977 654
762 876
947 978
251 481
269 194
770 553
678 102
579 767
141 272
588 887
780 503
80 678
210 749
389 714
1000 983
269 932
571 556
258 151
792 963
390 632
230 379
423 699
549 253
364 501
274 909
371 435
861 43
763 729
823 355
182 361
206 355
338 107
910 557
653 224
435 723
497 714
411 668
188 937
997 653
465 372
103 318
909 967
495 176
97 353
336 743
427 816
817 104
432 202
825 613
738 746
479 748
98 781
267 792
529 717
419 421
348 453
115 498
261 458
462 325
530 773
214 506
142 583
966 821
842 751
548 844
522 225
246 907
392 390
191 30
435 739
402 803
647 283
337 894
858 168
842 961
996 30
138 968
402 965
385 817
947 739
285 792
398 41
977 968
463 589
998 868
734 712
79 191
848 827
665 795
407 154
28 173
545 893
982 298
950 820
754 397
860 248
654 56
431 129
382 419
199 869
662 519
420 150
863 130
576 964
886 33
652 553
134 976
946 202
515 867
130 287
175 381
583 144
197 469
678 364
383 510
847 303
780 468
569 932
729 388
567 241
734 151
538 162
576 17
116 330
158 595
1 308
112 529
192 409
68 356
126 54
400 694
384 299
421 832
7 395
580 479
647 979
335 959
798 317
367 14
629 935
703 608
552 598
517 748
367 127
779 161
599 800
440 319
793 509
962 476
545 364
67 224
124 503
472 592
933 717
56 783
440 430
647 383
200 558
789 730
263 234
389 172
926 446
552 682
597 402
299 691
428 853
344 296
159 967
532 291
368 414
131 394
139 869
904 138
784 575
74 339
990 989
278 329
596 444
388 281
156 877
357 778
595 819
93 454
572 405
772 167
45 611
196 977
17 194
45 430
314 516
779 978
856 411
502 437
469 564
842 62
645 593
49 322
137 274
840 595
969 433
93 25
295 765
633 124
245 334
282 504
639 50
988 234
576 492
922 136
390 354
961 678
376 130
414 356
456 58
612 662
993 245
277 52
334 63
653 441
875 745
733 203
736 81
538 971
816 153
564 847
765 218
505 956
981 583
262 74
67 446
250 1000
245 819
836 394
858 334
513 953
327 513
475 818
703 890
228 90
484 44
67 220
401 528
423 131
725 527
372 729
912 932
513 859
754 17
830 458
526 342
142 968
750 29
989 967
137 200
674 929
714 754
198 419
218 485
810 33
259 317
332 349
578 5
283 163
691 734
378 239
485 777
108 436
311 753
916 981
890 130
958 302
292 258
925 133
689 658
65 408
339 873
140 334
466 640
714 807
365 581
891 645
822 769
678 293
350 314
191 942
148 679
985 763
264 652
390 556
671 693
103 55
36 124
686 18
728 772
126 255
746 667
930 929
586 817
953 530
805 529
628 404
884 62
926 319
818 412
512 543
710 662
715 876
422 974
383 293
871 865
242 861
849 323
135 316
836 95
233 934
877 629
16 588
953 349
243 381
464 126
82 709
765 448
802 74
487 894
627 483
522 93
389 450
333 577
94 643
111 291
909 883
638 560
640 447
734 947
91 863
510 903
204 86
8 359
842 342
949 476
673 587
865 785
666 802
811 471
303 211
551 393
593 659
958 405
396 343
435 120
610 950
904 977
347 685
31 714
665 218
204 538
28 360
101 980
736 247
958 479
921 547
259 68
558 936
207 314
27 299
50 67
386 560
217 466
753 640
718 690
738 52
536 871
888 665
743 293
939 269
710 54
434 885
842 118
602 429
371 434
326 958
594 934
280 738
153 148
83 215
822 702
96 90
286 151
887 481
654 699
287 950
549 431
217 172
171 665
172 118
763 937
641 409
551 698
551 371
521 867
585 34
577 815
29 652
11 129
160 709
124 270
860 186
384 29
495 401
206 988
172 148
284 638
357 400
72 256
769 494
431 42
851 65
161 94
113 837
629 960
137 469
983 386
270 347
290 685
418 470
772 761
76 222
96 740
103 931
954 631
649 451
82 858
321 178
55 162
646 496
761 764
229 618
762 798
18 916
94 187
383 155
956 801
500 485
890 45
685 575
60 79
67 875
782 780
417 872
144 224
421 668
28 376
79 976
425 729
154 57
608 564
878 804
477 149
425 618
504 45
486 77
183 39
330 425
573 379
282 276
784 190
516 525
774 537
944 308
176 910
784 205
513 257
107 678
570 338
42 530
573 605
903 204
392 758
853 829
488 799
608 112
111 935
955 261
613 481
264 756
154 620
194 593
121 759
555 424
385 336
779 160
538 38
76 284
132 542
538 569
449 694
693 347
345 453
642 747
828 18
77 902
673 803
725 618
583 636
363 729
552 772
647 655
262 857
775 603
683 187
99 432
866 959
368 415
593 330
298 358
907 768
322 352
285 620
164 579
66 339
187 930
39 701
652 744
675 857
133 473
190 650
193 358
729 84
378 938
730 391
714 768
515 817
791 900
740 234
800 313
654 132
178 69
491 22
588 696
516 173
370 989
408 706
766 583
123 963
896 855
325 131
219 640
291 783
753 584
93 231
206 446
712 543
340 320
892 885
333 711
366 704
37 480
62 781
379 951
72 781
519 685
797 779
286 272
625 528
664 576
701 571
927 693
727 575
287 128
805 717
646 707
831 589
922 427
500 851
251 607
1 319
812 110
263 294
603 275
306 775
613 150
7 797
45 490
957 520
204 333
42 368
208 136
644 556
787 310
842 951
61 549
206 566
869 478
599 37
13 642
638 533
13 602
403 430
5 46
887 238
9 43
216 417
751 847
75 294
902 967
997 459
123 50
91 528
683 820
242 476
597 321
87 708
786 183
463 277
311 752
493 749
518 646
832 409
597 151
784 540
51 47
344 35
587 417
758 988
331 367
652 611
662 216
1000 622
195 780
640 911
970 138
813 560
45 582
965 885
731 895
236 311
538 505
83 476
727 927
675 544
396 7
623 938
257 975
346 494
712 571
646 250
767 31
243 801
483 896
121 371
135 34
608 875
258 322
770 425
223 979
3 554
55 481
64 524
391 947
299 630
483 719
216 978
231 513
293 882
522 376
564 723
536 518
582 620
640 227
362 707
328 847
293 963
664 233
43 164
523 158
82 706
615 492
357 460
927 944
713 636
287 529
185 59
223 407
564 497
985 604
329 896
401 499
937 705
129 524
853 9
778 435
570 817
807 475
609 797
276 580
886 543
578 324
725 659
711 416
566 429
234 842
532 373
535 852
223 218
725 260
467 620
821 785
125 676
221 549
556 546
248 893
795 723
189 56
762 874
605 752
843 39
607 6
723 637
814 420
620 403
947 69
325 825
736 752
259 71
902 856
828 1000
83 267
451 751
680 983
454 486
465 888
652 357
451 636
287 258
453 22
556 104
757 120
575 811
779 618
819 349
697 614
360 508
989 21
227 774
68 258
641 766
58 280
25 81
375 747
836 783
103 312
382 497
240 306
329 569
816 211
124 664
471 165
516 840
426 486
742 32
106 270
113 538
94 790
975 666
959 289
484 135
716 602
453 652
826 246
962 502
670 63
263 511
67 6
432 953
552 922
403 8
691 861
945 637
86 913
323 289
752 669
308 139
973 167
167 240
557 552
685 627
742 620
963 849
88 565
696 820
125 614
517 842
983 472
735 854
22 747
302 587
907 999
307 243
167 423
616 297
433 569
961 957
952 875
626 382
926 953
496 103
313 695
359 268
416 696
291 564
296 158
494 865
445 291
122 400
568 298
507 726
540 608
670 951
896 844
783 636
140 117
866 885
887 937
948 851
419 7
149 882
672 917
418 853
555 892
470 409
3 469
775 883
244 423
427 641
500 969
893 782
16 856
879 719
555 907
451 488
852 644
81 774
618 39
340 993
173 213
935 766
737 339
341 685
401 776
882 451
738 895
150 721
662 70
871 89
318 294
377 874
194 880
659 486
842 912
347 274
369 510
371 664
905 693
118 542
351 331
442 150
981 832
817 679
178 687
432 643
667 979
77 743
63 762
583 669
420 583
169 833
621 123
413 540
398 186
977 996
460 471
252 593
666 573
305 611
511 117
758 478
784 735
786 261
258 170
101 858
466 329
139 20
123 962
364 424
2 167
311 339
171 804
701 515
357 561
250 451
235 157
457 235
923 450
362 40
14 945
282 361
756 434
917 401
837 426
362 970
58 67
43 413
685 102
119 686
10 302
211 675
750 628
972 534
275 702
993 981
388 615
775 117
194 946
871 972
728 543
76 434
936 659
593 233
497 220
722 271
11 438
12 837
699 517
679 505
688 274
858 110
507 116
968 994
977 884
302 673
138 910
433 790
901 99
226 839
784 392
997 458
263 890
782 286
901 516
882 826
296 425
811 378
777 446
65 124
626 311
536 563
177 699
961 498
355 279
691 337
257 691
593 599
614 891
663 896
209 846
568 371
330 42
402 463
852 171
636 433
247 547
675 594
253 674
810 611
297 332
279 228
156 529
196 582
912 159
876 224
862 113
558 876
761 96
335 61
752 903
158 542
254 423
758 830
148 528
586 671
561 265
300 827
165 559
611 627
261 672
568 798
291 409
645 998
577 976
135 24
176 87
965 345
557 127
689 399
233 27
250 923
570 506
519 455
579 360
543 461
547 902
642 910
368 909
534 640
438 277
702 614
33 397
15 277
401 609
613 26
194 184
289 212
555 145
667 521
333 291
794 791
584 383
488 276
918 459
479 222
857 266
273 508
436 131
754 130
5 994
369 224
260 81
833 305
941 838
160 69
209 648
943 301
138 644
433 540
517 408
421 51
630 307
577 165
133 399
209 793
725 424
973 855
577 86
66 981
536 464
538 427
832 132
724 402
283 348
140 195
886 50
108 207
127 125
19 710
904 640
562 484
11 630
999 185
179 908
491 878
295 822
481 180
33 771
418 735
2 30
990 471
701 640
102 151
31 153
988 172
718 626
785 574
126 104
127 689
980 268
261 533
764 762
28 972
142 420
276 438
684 475
315 664
409 32
621 816
807 415
555 590
718 14
759 934
154 697
752 944
803 268
647 707
305 87
299 29
726 388
394 379
699 710
472 631
789 850
403 11
87 930
738 954
1000 205
695 520
39 36
133 47
318 101
755 405
397 618
74 969
795 571
243 742
688 425
639 784
696 932
661 618
938 33
939 376
928 247
105 666
164 553
407 536
783 912
596 564
248 666
445 64
48 822
468 935
38 465
169 6
903 983
47 109
344 28
139 917
41 92
351 955
335 294
229 609
602 615
956 914
939 708
11 517
999 844
875 194
870 166
568 666
733 288
770 810
18 711
936 94
790 297
463 51
176 723
166 678
244 130
923 505
193 708
858 898
675 328
846 426
348 96
934 731
352 99
957 538
136 868
466 23
214 857
362 68
21 183
776 852
818 467
288 215
399 622
994 300
429 323
812 132
98 812
673 970
266 96
638 946
90 876
863 875
76 399
167 800
518 637
725 790
941 697
998 298
896 70
823 693
314 487
997 98
753 454
146 748
864 953
194 619
5 167
598 530
617 151
534 938
160 273
267 709
327 461
809 598
555 118
406 932
212 627
30 548
713 998
734 536
535 985
940 228
223 29
65 151
618 813
910 103
622 941
255 652
437 607
386 707
494 544
813 808
84 292
622 796
273 51
56 317
268 370
369 906
264 581
298 390
378 936
472 429
438 646
640 933
923 54
609 355
498 462
329 245
992 531
737 615
22 816
667 13
904 713
249 46
377 225
306 159
913 909
788 879
491 153
918 510
484 141
575 797
391 282
527 606
790 164
295 766
72 783
438 194
6 518
387 512
818 356
379 806
498 4
219 977
129 457
242 594
421 865
119 824
279 647
656 486
824 776
920 283
115 145
318 534
814 891
747 436
788 98
971 888
23 755
63 806
525 589
361 130
470 812
509 778
972 614
556 101
977 56
959 376
640 136
346 153
642 602
57 490
369 264
834 736
856 806
30 471
242 105
226 610
904 47
858 111
542 477
726 174
138 911
912 822
588 139
401 311
826 624
155 666
901 98
128 707
333 608
338 906
566 630
682 83
773 952
99 63
584 945
914 126
660 622
478 65
136 386
835 512
655 309
515 670
937 732
83 640
52 78
848 417
398 945
682 260
60 144
279 118
853 349
433 290
288 555
576 190
313 968
746 610
306 131
796 571
788 771
884 756
991 560
690 29
603 772
33 893
917 722
19 907
667 823
762 379
858 890
31 164
289 589
269 192
606 808
948 878
581 262
940 868
23 960
787 446
724 819
339 279
432 83
174 361
758 534
617 642
445 803
234 210
219 170
590 847
974 46
73 673
943 887
902 458
741 370
299 163
413 261
263 260
466 912
858 446
967 752
200 316
320 801
871 576
964 294
52 408
859 24
77 629
920 900
940 319
247 271
699 724
472 523
215 877
181 941
293 547
403 95
596 972
264 823
8 16
769 584
379 771
935 197
857 265
517 229
497 426
460 314
501 418
431 395
179 418
142 90
361 290
464 588
132 892
52 835
145 167
368 40
334 877
83 559
65 456
504 600
179 64
307 439
863 170
477 891
979 489
585 594
911 593
625 498
352 378
776 460
960 121
559 451
306 167
790 253
404 552
144 421
456 407
55 145
465 735
597 606
671 827
31 152
34 428
897 874
400 846
900 907
816 326
102 103
719 988
900 794
462 431
923 683
638 4
470 906
186 125
685 941
817 253
859 838
99 158
423 401
264 614
724 676
926 56
30 13
731 128
293 997
811 872
212 359
394 376
604 801
830 173
271 451
312 225
333 875
523 269
247 275
11 497
761 935
388 237
885 937
928 298
88 567
986 16
935 233
441 526
961 455
999 651
835 442
412 409
677 364
964 877
808 477
717 531
117 327
264 367
619 525
503 638
203 652
166 362
157 997
264 510
880 78
239 837
700 313
494 982
539 192
390 969
852 236
526 357
354 784
748 77
734 8
614 610
117 10
926 958
286 537
718 572
439 37
794 212
664 712
170 810
814 19
400 141
822 750
20 540
183 32
225 234
455 681
159 75
73 398
77 494
478 887
318 1000
29 587
598 900
620 964
471 218
719 944
116 155
634 600
986 262
653 482
505 932
346 352
889 703
168 692
560 246
318 714
647 496
586 598
254 952
904 722
239 76
811 967
72 319
200 372
684 222
484 52
215 932
57 62
459 382
405 909
155 601
907 726
877 860
698 305
376 326
556 823
398 374
39 831
138 1000
656 869
199 257
111 469
354 362
688 598
942 436
899 612
705 821
781 632
428 992
296 350
204 895
575 344
902 760
503 429
288 290
622 797
404 518
753 914
347 833
153 612
939 517
852 802
253 144
468 43
637 181
454 2
807 522
334 980
815 15
619 902
840 889
487 206
326 72
553 20
990 227
538 480
612 456
762 130
525 166
896 810
354 456
774 847
650 841
482 957
433 231
227 948
311 194
149 803
975 107
79 38
102 930
605 250
954 434
584 361
679 428
98 636
715 393
464 365
126 86
219 976
71 851
93 823
422 855
633 354
543 181
858 697
823 69
922 438
837 313
270 730
220 301
607 165
150 512
431 973
200 257
699 825
208 252
602 399
114 202
684 194
333 428
163 70
251 815
198 874
350 561
61 546
461 456
592 78
134 638
470 126
20 313
901 464
705 759
545 110
170 508
731 263
180 7
74 526
440 998
367 595
118 478
338 907
913 403
625 547
976 317
705 785
684 920
338 794
964 249
273 909
352 898
260 157
173 806
565 438
16 804
218 515
535 706
661 899
930 723
151 985
783 400
606 237
787 981
292 413
720 776
614 712
245 155
374 305
250 259
772 612
182 612
148 828
865 294
295 959
743 317
197 425
927 50
541 864
391 377
374 723
912 32
732 929
571 485
936 166
349 495
558 221
926 304
728 776
28 923
345 932
876 384
607 624
492 580
766 467
842 387
880 594
609 116
93 795
353 694
428 32
768 653
412 423
651 248
798 377
177 369
966 947
384 551
897 88
521 724
171 351
129 871
350 755
9 281
416 615
616 354
86 793
490 202
205 133
450 44
214 189
786 594
401 496
985 179
85 320
640 435
414 546
365 80
761 891
262 630
375 27
587 659
960 282
381 678
536 883
973 482
955 891
924 234
483 106
416 945
274 435
437 613
648 252
721 474
205 434
703 350
356 587
353 297
35 802
911 781
109 877
574 201
649 790
874 879
946 336
292 700
556 161
814 427
563 233
993 260
823 905
544 825
245 127
356 824
486 891
876 183
435 395
329 140
738 48
758 183
151 479
410 87
545 656
984 368
72 618
823 457
439 448
412 707
372 559
332 827
598 782
513 392
97 267
559 190
707 622
525 289
619 394
768 762
659 639
399 532
440 603
242 667
243 343
825 616
183 274
42 898
48 63
358 732
56 538
546 900
845 806
257 261
241 435
919 912
367 215
224 591
941 740
85 514
360 31
747 669
414 892
143 166
589 178
376 745
727 84
566 354
825 36
73 783
536 177
590 356
575 240
523 413
356 186
621 370
948 476
294 284
492 298
256 616
557 694
282 664
464 267
318 250
503 170
967 795
933 903
436 353
899 523
133 207
619 750
360 987
204 852
959 964
303 96
751 614
40 872
407 6
838 302
531 306
865 396
671 747
282 860
908 952
692 999
681 114
538 397
792 949
762 111
321 611
89 767
842 7
970 80
255 46
278 115
529 215
323 604
932 20
515 4
195 275
295 724
760 499
267 654
211 61
69 39
718 428
295 677
975 7
779 280
175 719
513 404
608 790
124 584
2 770
578 805
617 857
410 623
339 447
606 554
552 716
76 985
771 440
922 450
347 73
415 128
426 360
80 182
893 222
90 797
556 18
669 301
172 779
525 777
858 230
198 783
592 838
609 632
494 234
243 422
164 794
769 744
73 811
458 571
366 416
114 393
21 587
963 846
745 481
893 401
252 287
841 51
164 873
427 510
904 288
688 599
304 233
850 230
380 443
433 893
576 744
481 684
354 218
928 21
947 883
219 966
468 965
952 778
660 571
114 589
69 116
209 871
178 238
394 947
277 522
350 432
762 16
529 401
970 229
607 232
311 319
154 502
249 44
979 832
966 121
288 624
383 409
116 260
84 986
654 426
892 881
150 197
596 125
27 650
908 17
187 900
645 894
172 276
245 762
750 793
534 46
903 159
180 942
564 868
461 899
633 466
502 31
600 517
251 595
712 991
489 458
237 604
613 529
129 70
498 96
430 753
968 184
352 927
898 607
883 7
228 240
524 389
108 862
966 886
381 462
55 525
862 840
775 276
345 293
454 641
237 783
733 650
458 716
542 432
472 928
720 134
169 896
207 888
707 384
7 184
251 12
218 383
865 776
556 683
302 535
485 675
972 187
991 233
4 101
132 50
619 989
265 663
566 743
95 181
691 338
819 137
696 188
754 462
424 415
795 176
669 663
728 205
156 846
31 610
287 500
757 846
61 199
248 434
9 628
361 629
214 858
199 697
257 594
752 589
88 56
922 932
649 548
724 488
27 840
315 181
876 370
325 500
865 7
663 460
940 727
7 296
311 486
562 33
504 105
567 784
144 458
533 928
989 190
258 350
701 746
44 307
896 465
77 437
993 788
924 549
976 545
598 418
23 672
817 215
266 395
819 769
789 89
992 347
719 792
613 293
664 53
48 483
108 832
733 139
935 272
328 156
76 288
43 41
157 33
177 931
143 242
716 272
894 732
39 61
132 353
151 711
726 345
618 574
929 57
154 478
428 651
216 385
114 587
717 779
612 39
706 60
817 893
912 675
269 282
270 13
535 515
132 22
725 497
817 974
450 657
293 101
5 689
744 661
805 410
679 433
593 944
832 360
445 973
265 621
654 209
531 390
715 485
273 138
919 247
762 72
710 152
931 733
40 58
994 167
799 466
508 887
364 499
314 680
810 725
885 63
577 742
358 145
912 13
126 141
133 21
680 249
241 997
761 20
278 950
962 927
893 757
175 554
883 387
738 386
576 297
387 602
49 111
15 950
516 677
442 54
842 567
92 186
664 811
992 392
884 142
560 204
655 759
471 22
312 389
129 209
21 483
101 577
555 464
99 556
726 411
102 673
436 989
988 642
534 530
367 839
171 88
688 334
526 610
320 595
888 68
293 709
740 178
461 399
890 515
105 637
201 187
626 9
574 825
840 276
575 64
852 751
942 829
912 880
714 676
491 853
520 373
385 932
170 434
189 374
905 189
429 679
782 213
325 598
682 41
275 963
385 981
375 284
801 493
397 474
435 91
667 260
133 480
490 585
515 728
455 757
27 18
464 840
446 968
353 192
880 223
719 382
765 572
45 795
245 616
514 290
272 185
37 503
173 247
893 552
395 133
54 666
330 466
814 896
27 606
305 144
815 369
453 296
741 581
339 465
994 909
509 1
590 794
793 52
578 802
46 712
818 417
819 968
107 554
224 782
561 129
998 350
820 650
380 897
592 537
920 32
402 270
548 259
16 649
342 966
648 746
205 251
280 302
564 518
18 904
324 735
371 997
901 361
725 629
998 523
233 643
217 774
824 282
399 92
78 533
782 407
716 431
373 572
707 308
605 993
877 124
130 953
459 47
391 783
122 879
251 321
331 233
540 995
855 111
624 820
539 317
776 217
212 451
235 994
643 267
471 927
256 945
32 841
459 666
26 267
227 646
563 32
729 200
378 806
757 794
593 777
761 223
469 502
487 89
254 316
995 777
774 845
560 761
779 601
363 994
874 489
568 552
849 669
207 31
374 612
124 911
801 934
508 558
909 457
914 767
93 900
442 140
81 580
888 436
172 277
779 489
482 669
566 42
571 185
366 551
422 853
115 229
244 391
46 373
429 275
180 943
326 677
613 447
418 87
293 857
827 497
100 341
962 536
880 156
358 741
548 445
129 793
516 915
899 18
746 370
927 987
452 505
54 349
916 40
20 229
670 123
817 485
86 866
971 552
523 343
651 666
33 199
696 769
968 998
971 441
75 332
721 210
164 909
942 778
160 206
342 186
548 881
952 90
741 70
204 191
481 518
338 905
602 486
513 639
164 541
75 426
339 529
925 746
643 585
990 784
169 50
776 102
388 340
924 422
412 370
34 800
476 573
623 102
227 341
225 58
545 936
782 943
435 256
308 562
23 25
135 707
579 665
130 89
875 254
372 801
1 571
727 887
23 142
473 427
724 489
232 999
528 308
32 547
749 618
292 125
754 768
776 418
268 198
487 466
913 767
579 839
738 268
558 227
12 195
15 812
433 978
594 847
900 914
82 123
120 58
699 979
569 891
897 956
680 316
202 544
422 881
791 472
559 620
708 362
304 16
585 481
646 672
99 853
975 284
822 97
522 357
744 429
906 900
195 87
90 803
719 648
462 739
979 567
211 929
470 190
271 955
807 213
493 136
422 396
523 371
617 364
721 318
743 953
670 369
521 231
886 899
803 150
764 491
602 506
341 22
808 597
165 216
347 749
540 948
759 32
597 197
393 453
782 105
855 525
490 963
911 783
182 949
769 866
175 754
482 464
155 79
800 152
195 862
469 291
736 774
614 795
830 804
615 566
545 948
263 847
131 119
407 962
696 439
554 957
59 265
153 892
874 414
691 252
782 677
469 758
733 329
400 931
314 681
245 415
600 130
429 40
352 972
953 854
940 692
82 204
597 603
477 429
85 972
193 798
750 921
870 24
141 598
222 475
399 534
625 819
440 605
756 35
137 515
284 854
107 577
181 458
453 597
680 423
702 804
759 781
300 456
70 826
751 345
319 265
556 153
849 161
759 930
323 6
324 341
897 299
717 490
755 11
332 840
280 211
851 540
137 580
725 75
753 478
111 220
544 543
946 863
547 644
196 799
982 622
996 454
271 12
953 93
226 553
675 196
38 505
108 581
695 693
437 677
494 302
242 319
403 555
632 651
895 742
675 769
255 519
151 968
139 896
476 711
574 24
422 229
977 594
674 594
416 846
844 262
23 355
942 655
943 434
636 928
179 161
472 469
348 568
886 56
467 218
286 866
532 842
883 802
240 992
155 863
305 804
658 864
550 338
58 628
67 123
691 216
692 519
605 354
736 511
457 242
633 105
158 602
965 106
69 37
896 623
913 711
608 697
382 52
444 591
136 872
434 629
932 500
477 433
499 105
651 292
375 714
266 778
385 506
885 421
577 924
548 267
555 529
58 913
889 486
820 651
361 170
826 36
917 203
872 314
543 385
429 858
548 489
952 915
711 723
534 672
665 275
780 708
318 153
967 586
988 615
256 296
313 169
355 802
637 209
48 537
363 620
878 61
466 295
708 516
566 622
833 253
464 632
873 748
14 92
973 239
825 401
652 742
9 892
995 395
50 336
765 951
624 821
571 798
539 316
407 36
691 489
785 380
839 225
532 767
631 835
191 802
88 193
877 447
936 431
593 776
192 175
780 352
748 428
594 582
757 138
357 572
305 977
987 669
880 843
855 170
80 899
430 827
92 430
774 620
761 842
983 574
729 651
14 805
456 33
77 399
991 783
409 877
449 808
447 749
63 456
774 398
522 511
443 221
686 330
747 424
43 986
557 167
546 344
177 731
362 745
572 548
7 795
640 140
489 746
110 250
78 340
480 995
941 554
30 475
570 180
458 714
811 194
609 780
995 361
273 727
458 605
5 40
597 462
837 779
640 345
617 447
717 869
555 86
773 19
783 78
968 709
611 335
670 564
786 49
271 395
735 214
388 341
952 52
415 572
94 117
61 84
889 339
839 197
863 195
813 554
923 22
338 458
344 839
478 502
939 768
559 43
174 15
878 887
610 465
23 254
370 733
577 649
318 837
871 43
709 412
488 528
237 196
966 261
331 830
871 776
62 930
232 533
197 857
352 158
304 17
713 187
438 460
333 154
188 739
121 704
983 800
439 978
812 72
81 210
779 145
323 45
332 805
579 508
211 928
764 151
627 941
51 548
155 115
76 177
385 700
370 296
542 402
603 128
803 962
226 757
616 21
778 268
731 356
548 918
199 202
97 640
939 275
613 840
373 755
851 959
772 433
278 560
382 597
725 511
577 444
212 294
484 515
883 119
273 110
40 911
147 693
633 528
389 528
875 447
145 52
952 964
165 57
579 366
448 99
63 833
757 800
226 168
856 15
639 268
288 587
566 914
884 677
792 971
649 582
745 761
62 749
876 193
89 356
201 79
623 980
487 993
315 211
953 853
400 819
664 736
644 606
336 945
408 478
962 925
455 685
672 911
710 971
811 672
41 688
25 91
300 171
963 509
211 256
235 390
572 799
702 858
386 412
417 539
758 630
393 616
676 813
491 673
935 720
573 675
354 943
945 772
324 455
827 312
404 479
833 827
689 319
319 204
17 854
768 906
508 27
881 535
773 407
993 641
850 778
959 444
71 477
353 229
551 870
140 224
310 944
295 36
261 212
125 911
200 570
475 736
5 223
613 906
693 98
772 375
748 630
597 885
750 220
346 750
29 491
587 257
454 888
852 923
982 290
730 315
951 849
454 139
881 189
536 624
477 810
151 169
1000 541
819 195
328 596
662 543
754 532
740 838
459 752
886 57
154 366
844 946
729 242
130 279
496 379
646 226
278 135
117 101
248 492
639 288
72 570
70 101
420 124
352 282
410 182
853 642
205 595
645 758
206 468
995 483
219 603
576 408
634 642
525 497
844 996
585 94
180 806
235 469
462 28
763 987
432 31
50 930
950 241
37 696
358 789
140 695
931 132
83 42
897 20
63 777
674 382
90 873
555 417
997 28
447 63
750 700
72 291
350 718
410 959
531 697
368 601
302 720
214 248
713 655
320 523
488 337
531 919
968 603
551 104
826 601
868 252
797 168
289 629
322 200
256 742
596 742
999 683
964 830
311 741
739 246
977 701
246 474
526 184
2 492
320 299
302 331
288 405
558 632
635 263
523 630
676 451
666 729
799 519
47 354
838 43
344 795
199 615
58 521
353 673
633 923
631 608
488 678
175 398
331 34
951 377
679 814
480 90
905 885
527 714
344 569
2 963
809 465
499 471
978 122
392 397
620 917
876 559
98 313
719 995
302 417
444 707
710 674
880 697
220 442
21 71
479 671
318 539
133 686
794 744
637 408
530 818
710 588
437 216
778 164
542 149
525 985
17 798
327 761
534 617
190 307
318 452
108 1000
560 209
932 828
310 632
255 365
561 542
801 111
363 698
34 886
508 378
384 617
977 878
834 913
360 888
673 602
753 199
590 466
702 136
902 958
654 979
172 671
470 348
255 734
5 457
227 121
943 279
781 408
692 21
668 14
27 190
155 101
710 401
469 269
553 346
511 902
437 815
403 627
169 445
9 744
799 709
360 417
517 320
866 98
246 485
64 40
231 148
839 205
476 349
519 859
114 846
540 278
637 790
514 377
832 469
900 638
23 249
287 164
254 425
515 65
240 535
97 114
263 290
723 162
634 331
612 297
269 746
879 559
664 564
154 794
432 72
974 689
572 884
367 360
986 713
205 34
335 974
546 411
153 977
590 848
112 831
223 873
153 339
779 3
30 139
676 665
608 63
607 931
189 826
794 716
209 36
82 298
465 178
23 90
398 604
437 60
276 254
595 920
100 474
944 160
34 952
789 824
994 826
977 168
851 755
530 568
309 227
521 267
685 520
265 69
840 458
659 149
169 993
761 895
852 674
890 605
24 204
288 17
679 255
493 936
331 85
830 121
722 670
407 280
814 137
726 62
341 20
913 371
949 341
971 133
221 574
918 929
562 602
467 482
263 997
749 8
970 503
56 267
311 557
919 274
188 280
961 24
688 880
250 65
312 612
385 682
48 663
617 420
156 685
413 747
224 475
334 528
230 737
966 53
144 252
634 397
525 234
461 516
107 7
735 649
6 673
49 386
903 450
83 223
410 373
395 235
258 848
646 608
188 930
390 290
304 175
124 544
606 664
20 859
301 54
520 675
824 709
343 503
163 885
662 265
962 559
600 704
909 672
16 529
372 460
681 769
371 871
671 378
656 705
894 369
167 907
918 705
134 208
878 197
626 802
163 544
310 945
377 960
638 709
507 69
878 180
7 39
94 615
43 935
924 804
542 399
467 819
104 151
911 222
416 84
705 691
798 676
178 533
126 935
125 720
825 266
667 928
203 170
928 13
711 274
900 99
460 426
83 609
123 352
915 358
118 37
644 59
100 780
144 826
610 197
916 772
757 914
500 493
959 678
981 346
732 720
143 949
992 525
790 432
297 381
887 640
144 558
213 945
385 79
916 935
571 432
663 384
310 117
685 456
687 270
528 397
438 248
370 738
707 987
701 636
727 674
214 851
250 648
23 985
782 148
681 562
645 919
614 208
616 290
231 864
234 132
608 921
699 50
205 261
571 963
499 24
944 443
802 825
589 415
600 732
450 479
379 495
766 201
645 228
737 453
25 961
102 753
285 399
217 617
977 439
256 187
789 783
636 197
981 631
251 774
358 990
72 79
55 602
459 373
6 378
65 990
483 379
360 256
650 185
318 11
670 316
319 854
69 911
855 864
108 683
532 325
330 637
721 260
596 880
835 268
964 680
346 707
348 591
356 440
985 40
169 219
744 833
448 398
47 158
175 85
602 291
160 754
772 25
713 244
575 724
192 995
680 888
994 8
499 922
325 250
805 32
280 166
68 992
326 220
442 425
850 474
832 113
210 829
232 797
11 278
202 4
918 99
277 345
689 809
211 477
954 447
903 266
874 246
163 47
348 241
893 209
6 907
137 968
429 272
362 821
200 40
272 469
571 43
383 985
976 569
375 841
124 735
200 183
816 97
543 470
842 733
147 257
129 798
741 425
561 819
11 350
276 842
445 621
609 573
103 829
42 267
302 825
998 554
142 806
311 949
592 949
958 132
541 100
262 655
699 978
285 806
858 24
142 977
369 253
170 486
99 468
618 677
924 131
427 477
691 696
948 9
398 238
146 127
554 384
296 400
134 740
737 552
122 142
506 33
624 708
643 586
165 178
223 479
153 730
833 72
321 924
361 863
164 510
256 993
503 826
959 617
295 775
862 124
221 364
277 554
350 400
667 126
120 641
268 440
514 455
382 769
164 116
666 314
300 524
981 387
909 102
473 660
156 353
685 511
334 727
139 487
766 762
288 783
453 203
236 717
609 173
662 913
75 713
150 229
686 27
908 49
233 337
824 972
128 963
951 461
594 842
477 326
304 132
442 30
229 374
249 520
822 465
515 399
749 975
196 144
551 542
334 330
303 558
319 170
855 484
592 740
403 135
370 238
475 921
656 629
328 710
186 748
168 943
78 438
212 876
934 708
4 656
526 565
104 188
425 334
860 868
356 274
673 48
985 326
144 674
18 135
751 875
739 851
521 228
727 587
152 577
728 480
321 94
280 770
549 734
142 92
346 699
271 507
995 10
463 617
338 763
238 817
156 904
322 416
740 734
733 86
66 957
598 874
622 734
348 599
682 339
792 815
190 586
840 807
911 558
537 969
934 837
115 757
520 153
253 607
895 144
112 257
24 931
455 501
813 669
45 819
136 529
999 182
287 266
951 307
662 962
149 32
206 510
693 1000
732 898
932 76
112 495
295 700
504 393
486 41
544 440
847 224
797 319
11 986
825 514
591 239
407 173
428 1
141 676
220 355
722 29
318 720
802 133
768 797
695 242
717 278
98 862
594 483
12 550
287 620
474 101
920 119
25 917
897 25
858 271
695 400
111 217
336 29
462 621
463 911
46 876
180 422
589 62
191 230
215 764
454 604
365 47
338 957
65 787
160 9
492 182
990 717
256 540
973 703
463 599
744 983
658 411
640 690
476 706
477 695
8 175
406 765
373 838
583 983
365 482
938 842
83 721
122 85
122 41
568 323
218 708
754 530
611 103
494 873
524 534
118 85
853 430
749 269
815 75
240 995
520 181
773 557
151 393
598 466
434 959
240 882
213 805
409 203
62 655
906 936
398 653
295 723
886 328
858 909
69 34
108 435
330 478
595 422
617 561
10 464
780 44
234 114
270 531
914 806
96 127
263 23
211 286
654 668
928 608
876 596
146 803
383 548
186 96
996 529
101 371
34 172
201 421
385 318
252 839
577 770
140 512
254 930
852 233
586 675
997 107
545 378
727 86
324 731
272 950
103 747
503 103
15 507
254 751
256 474
184 269
460 154
579 212
48 540
967 869
476 896
739 794
264 68
877 687
198 445
146 24
369 161
540 840
777 394
299 570
1 896
952 160
964 447
134 648
361 866
251 306
456 906
714 60
293 57
153 622
43 590
890 231
875 377
268 509
58 821
374 303
545 625
287 428
938 286
631 717
291 232
417 771
914 473
862 419
899 439
524 792
980 170
103 5
345 343
74 41
758 867
540 466
393 131
909 803
550 607
55 215
221 203
723 121
687 402
514 36
76 885
444 733
693 706
71 766
180 939
931 213
953 621
77 285
957 793
121 553
508 383
519 475
902 481
465 84
104 788
604 415
641 73
551 970
517 566
572 551
422 698
807 975
177 553
622 421
967 851
695 427
988 727
238 434
132 507
702 227
319 919
589 117
147 222
858 118
593 387
167 176
503 248
512 151
472 852
553 557
735 317
332 653
414 746
536 908
763 29
982 505
179 508
861 744
134 884
925 663
808 411
863 191
494 694
1000 599
785 125
568 379
18 868
554 818
807 548
44 740
649 990
344 493
175 334
415 351
308 941
457 429
593 873
334 677
939 773
580 837
942 420
134 379
529 1
594 553
847 489
595 256
740 895
782 636
348 944
774 700
741 935
136 672
126 229
20 895
408 372
172 501
562 173
230 7
741 665
758 617
210 211
90 525
716 841
788 334
571 54
774 361
388 700
279 785
263 236
50 763
665 430
11 236
30 24
828 957
722 344
816 925
929 210
73 900
453 445
9 364
247 260
48 710
46 849
937 712
973 186
759 361
264 830
180 114
570 966
536 202
241 68
4 800
207 859
494 385
189 365
597 336
84 389
837 975
941 770
696 127
166 103
169 129
543 815
4 213
813 873
679 425
476 541
142 295
464 865
88 13
770 943
933 33
292 447
98 506
540 197
763 500
165 792
170 942
836 707
653 51
523 251
395 783
123 898
490 387
73 185
899 399
244 182
84 799
785 276
148 572
221 130
144 299
328 216
702 974
941 26
696 522
343 256
115 161
775 919
906 834
965 293
768 879
860 29
594 81
229 506
675 144
663 176
876 791
810 388
812 47
389 266
816 42
52 468
438 530
629 746
426 257
47 723
565 786
552 899
755 188
494 208
556 955
461 313
686 722
302 775
66 692
254 752
898 802
811 15
740 191
748 440
379 1
416 245
646 351
354 321
247 14
435 505
804 803
34 559
5 514
709 874
412 400
392 277
829 321
957 140
28 160
138 672
400 455
710 35
741 151
217 777
531 312
814 583
481 413
778 867
515 876
494 985
558 978
995 660
467 79
819 482
69 271
261 957
153 860
944 625
374 738
321 534
468 355
823 299
715 738
199 525
794 876
188 866
335 253
796 609
249 884
841 158
362 61
510 77
58 338
274 887
426 798
278 855
954 264
77 487
477 397
785 311
489 71
742 515
647 172
650 656
228 996
46 717
910 870
692 436
608 10
385 317
597 467
730 533
837 735
231 576
533 54
524 415
86 744
903 313
594 343
78 380
264 664
816 933
548 19
111 252
34 767
665 640
152 365
545 490
531 811
109 491
698 312
368 683
440 40
632 572
917 322
588 159
882 956
855 979
514 957
986 878
950 973
811 265
26 707
652 787
374 147
342 893
53 454
971 79
839 710
635 58
565 347
640 526
515 682
96 583
921 711
994 407
614 852
557 967
355 371
799 738
411 165
704 618
179 129
74 425
957 114
509 90
946 229
305 747
322 651
93 332
865 275
187 267
443 869
5 918
37 739
819 510
130 105
166 619
103 4
31 827
782 609
36 67
150 223
547 345
883 465
352 7
685 187
278 883
245 708
743 69
789 365
276 272
98 998
63 584
158 852
965 364
877 229
241 642
348 354
893 922
822 414
437 180
237 792
890 896
470 804
328 861
521 562
295 139
722 373
11 66
177 209
104 932
102 659
716 551
146 697
589 227
76 314
411 551
360 509
609 926
212 953
859 210
57 204
699 653
297 994
887 224
906 289
356 376
622 119
535 900
586 543
973 503
183 633
878 332
237 444
60 475
208 718
216 201
661 795
443 562
799 817
195 916
52 742
970 289
116 834
387 27
481 340
123 667
417 972
35 621
640 921
951 523
774 450
352 548
611 190
539 141
329 153
790 382
900 746
649 558
391 481
303 757
16 477
783 486
663 85
41 958
44 523
432 365
736 443
384 448
192 429
589 754
951 463
931 460
187 98
875 817
268 663
270 162
3 532
166 960
278 654
742 419
157 503
276 641
875 718
698 205
571 73
519 425
135 416
484 262
746 177
348 501
498 422
708 117
251 738
712 112
142 631
128 1
574 602
77 98
104 896
157 138
604 853
732 258
788 28
828 813
32 997
835 27
564 507
301 747
234 670
953 68
574 692
647 696
974 376
618 568
488 285
414 549
206 505
899 647
77 725
820 131
338 336
806 362
39 281
219 141
939 279
230 322
774 5
47 882
48 948
773 900
811 337
155 469
363 789
200 990
666 971
668 109
694 932
765 360
131 237
919 156
634 453
563 238
13 241
71 319
148 872
258 248
222 185
424 240
652 392
926 827
903 579
400 9
53 833
259 222
482 909
139 436
156 590
654 501
895 99
221 16
166 691
229 912
232 855
528 420
754 944
206 634
279 481
687 484
395 236
370 695
555 778
385 54
719 55
442 280
998 74
249 697
358 501
577 907
581 963
619 272
837 361
453 592
149 183
633 396
50 581
681 774
760 777
464 198
963 172
410 820
699 870
350 726
846 251
410 935
251 895
158 217
696 736
916 493
367 845
495 376
99 675
280 327
285 202
531 782
726 383
803 994
602 54
751 792
535 863
910 780
834 980
895 493
422 104
265 320
195 515
92 98
277 797
189 225
820 389
796 727
40 879
44 911
84 376
144 829
108 6
623 673
183 628
443 747
355 423
69 381
805 9
663 191
296 23
792 956
687 53
671 592
49 705
168 209
814 168
887 562
925 785
53 982
130 53
680 611
633 108
942 76
529 857
144 505
163 423
951 390
366 674
978 480
318 769
961 726
410 340
140 845
414 372
966 321
453 274
366 525
702 50
295 563
405 95
906 660
504 278
233 184
123 453
557 45
802 820
634 604
253 22
914 966
633 424
245 946
266 105
570 443
183 508
11 311
739 10
668 755
599 933
216 690
640 84
949 214
575 656
695 502
413 828
757 397
603 95
753 334
374 115
540 676
480 826
656 229
18 186
977 740
264 70
906 413
51 318
108 309
968 686
331 361
934 455
716 139
903 925
117 690
191 587
123 257
179 329
100 567
763 337
50 476
899 155
22 862
387 79
389 741
726 694
766 995
343 790
933 504
361 531
732 550
805 190
540 445
444 266
802 660
676 173
948 650
866 815
941 191
338 148
298 398
624 325
573 404
477 383
903 263
615 761
889 871
235 42
235 437
690 291
598 952
233 148
180 949
273 366
897 987
150 681
629 798
125 15
662 308
242 813
849 339
243 252
595 787
462 286
950 499
637 5
293 933
977 64
426 198
980 957
926 163
512 75
751 114
682 919
609 925
77 863
134 152
104 67
39 163
825 101
989 938
756 663
646 149
52 82
825 214
882 929
989 987
379 233
526 894
341 124
327 57
1000 193
429 745
303 176
820 462
344 447
326 371
114 537
978 834
669 767
672 77
527 193
765 854
736 880
205 299
95 195
297 152
500 433
312 571
921 595
574 311
246 196
35 509
473 616
202 406
221 410
211 122
80 838
212 195
469 732
680 117
738 151
852 403
590 383
912 24
508 729
288 770
384 449
451 427
33 769
182 265
440 984
214 670
859 599
35 57
664 935
978 59
854 878
146 873
128 228
384 158
258 635
244 272
742 51
985 798
453 524
93 565
265 441
134 89
923 996
48 410
540 746
845 139
668 644
650 395
979 573
931 446
366 1
4 524
725 582
285 229
789 693
756 568
759 363
171 130
894 177
29 224
251 944
664 257
848 46
317 293
982 57
143 409
833 302
282 575
138 571
570 550
683 781
796 36
544 437
249 433
124 733
252 572
382 759
915 334
735 49
972 293
516 833
406 327
863 435
658 84
705 23
134 993
28 380
527 842
26 764
416 518
666 746
403 768
706 763
690 212
433 325
643 214
938 518
961 943
690 167
254 163
343 591
73 191
511 277
667 893
795 288
687 374
210 546
512 826
32 692
475 492
941 135
875 911
452 980
144 301
533 973
738 413
870 134
183 216
620 985
167 720
719 935
854 906
199 6
606 578
6 225
561 158
64 914
202 908
324 460
673 598
242 885
621 646
812 41
775 183
231 410
742 825
981 607
394 353
33 423
447 354
67 128
458 527
440 14
809 924
427 376
963 858
88 512
802 324
234 770
753 306
990 545
230 458
758 425
659 34
346 747
847 841
593 346
756 818
8 80
636 216
820 23
217 126
425 9
8 63
195 915
986 938
143 659
899 785
701 133
329 239
361 788
826 1000
658 184
454 31
494 858
407 911
48 688
106 608
123 578
190 272
45 643
946 78
250 323
865 358
847 306
82 254
98 271
540 346
724 47
67 996
947 328
70 233
509 327
92 337
206 773
206 473
244 148
409 121
605 237
400 788
52 624
794 76
407 563
211 434
694 429
292 913
442 98
885 318
335 484
29 264
817 54
289 79
992 60
901 926
629 736
923 654
963 365
214 561
430 626
768 845
336 335
689 461
263 310
637 399
505 796
289 991
641 98
549 126
755 124
668 861
245 802
570 213
752 982
324 695
552 952
902 26
890 844
671 491
315 777
825 991
128 377
792 144
218 101
560 348
74 896
771 555
717 234
276 912
830 475
941 994
648 133
289 283
678 799
535 866
772 336
811 506
260 396
686 974
217 41
218 274
710 195
874 909
148 358
737 939
473 192
165 154
41 388
259 349
579 900
765 945
329 385
493 654
41 21
341 298
469 485
697 578
64 193
193 562
280 608
178 121
877 441
19 667
648 361
79 779
460 831
762 139
628 624
59 311
645 580
26 52
192 212
316 681
865 243
585 302
906 599
562 53
106 137
948 867
884 952
350 522
889 847
281 19
634 675
463 319
641 307
770 473
404 207
704 988
499 75
229 350
899 289
294 223
516 868
793 25
940 920
387 808
102 951
756 956
432 143
396 554
629 910
816 449
558 125
88 391
216 881
785 798
493 379
495 477
522 219
650 404
138 192
301 628
548 523
638 304
451 284
208 132
778 293
742 754
458 756
648 540
497 90
956 264
462 936
66 401
730 952
468 707
825 100
700 848
57 210
935 219
27 486
543 534
745 491
431 264
773 29
599 287
97 751
593 674
100 873
770 676
203 455
611 450
904 34
257 648
832 260
80 537
373 940
339 884
502 192
622 689
799 994
700 267
744 607
66 631
553 127
19 695
576 136
593 878
836 746
675 556
404 542
332 324
966 492
897 747
572 19
594 951
175 853
338 121
747 223
714 492
805 947
940 862
63 537
448 584
802 923
675 411
270 925
36 327
13 799
205 376
864 63
738 728
387 772
997 893
870 453
896 250
509 947
3 820
673 904
34 66
336 53
778 468
466 680
341 844
604 966
418 455
368 614
522 780
494 170
995 451
748 439
356 143
673 91
787 463
132 248
151 588
803 857
878 511
592 36
246 357
728 484
212 701
29 257
179 428
311 699
117 329
302 426
89 95
810 153
922 639
985 149
865 639
496 454
260 777
100 712
916 888
714 844
966 46
142 412
606 65
443 943
905 726
875 96
268 18
990 307
775 605
117 173
27 733
830 999
496 898
577 623
409 13
136 883
257 193
813 460
873 353
379 760
90 637
975 328
301 777
504 363
837 343
954 85
718 234
336 356
499 176
7 187
428 140
223 729
258 975
958 516
405 908
686 503
928 727
927 779
508 17
325 192
458 810
43 252
525 796
502 418
397 957
629 664
261 222
190 204
746 452
565 896
961 997
147 27
150 914
264 989
873 991
216 502
694 735
934 334
57 778
613 773
147 246
264 940
412 124
971 215
40 563
611 316
247 184
692 91
291 706
973 526
214 182
834 244
986 939
113 269
208 551
140 436
790 474
566 961
313 231
678 271
999 833
925 894
514 395
642 372
226 313
727 859
853 652
754 842
585 870
605 379
788 973
643 66
705 397
28 672
619 67
837 152
839 574
311 930
442 240
723 97
447 609
124 978
286 289
822 522
988 139
97 302
374 59
607 704
372 279
263 160
674 265
802 818
475 6
422 515
423 478
405 831
305 507
275 287
556 116
6 93
656 546
180 352
931 488
669 292
427 185
356 97
375 775
376 671
5 172
703 965
588 267
684 737
631 359
189 432
171 205
564 300
713 770
75 297
845 261
204 147
976 444
117 926
262 567
159 949
751 687
939 337
118 376
502 987
599 491
695 948
990 828
744 838
179 325
305 526
216 159
353 282
830 788
710 318
657 194
936 263
353 139
80 717
134 942
460 824
616 702
693 739
797 356
141 292
70 202
366 717
148 512
131 850
715 193
137 785
429 105
267 402
505 643
275 895
274 854
719 120
780 204
139 220
979 103
607 663
115 237
222 691
818 490
435 902
525 862
42 944
775 984
867 907
580 176
57 530
323 937
200 188
20 911
573 741
868 715
82 320
101 228
157 306
485 133
55 663
688 32
447 89
342 353
107 812
716 662
797 499
195 385
986 444
167 223
560 377
890 720
946 798
584 335
656 812
806 498
661 469
720 127
266 237
190 23
271 242
575 384
66 176
364 941
342 534
249 411
835 636
428 958
217 181
204 917
353 437
5 324
262 68
30 809
445 508
678 117
204 531
762 970
523 920
230 620
106 534
213 786
986 530
865 451
563 4
395 918
179 783
700 507
814 375
357 712
781 86
804 393
662 827
221 9
171 892
61 416
743 132
586 208
642 94
723 25
228 601
870 152
497 680
850 108
524 237
428 26
849 300
777 735
897 86
924 649
7 231
46 635
677 975
141 925
855 107
147 288
534 668
858 317
775 226
445 539
941 758
513 919
306 943
34 971
788 31
916 468
494 56
538 578
794 1000
670 95
29 77
12 797
422 388
171 132
264 802
545 407
686 670
256 390
442 510
891 626
501 439
891 115
673 420
288 134
848 846
490 971
647 378
736 943
787 797
317 118
856 504
791 153
968 932
919 153
353 322
89 376
888 748
844 760
773 564
226 163
407 986
100 2
801 683
161 820
554 933
973 941
779 520
597 769
770 205
878 794
964 491
443 31
546 868
322 912
190 432
828 426
82 196
659 940
162 748
883 394
521 947
918 159
922 210
693 661
792 242
337 163
101 346
29 749
31 419
698 236
555 557
784 17
38 877
689 423
864 740
197 600
6 118
85 679
46 919
86 704
971 363
290 477
835 107
29 928
969 62
760 746
119 313
270 293
846 920
602 132
640 361
859 287
535 856
683 77
782 307
136 103
636 218
35 891
772 412
753 183
502 111
182 873
843 97
860 897
423 946
937 228
848 953
320 226
120 89
717 665
591 975
897 954
411 330
857 814
456 625
476 364
773 552
67 857
891 603
913 925
823 438
808 117
883 731
809 220
940 626
151 501
120 813
961 905
908 144
469 658
351 722
525 409
288 844
733 470
127 891
935 830
610 259
442 241
66 803
441 631
34 455
676 106
895 358
954 276
499 113
851 132
580 349
860 253
418 72
44 18
561 184
533 50
828 136
777 608
872 290
716 627
772 941
330 921
190 286
686 643
17 964
26 954
725 636
522 437
213 328
199 357
111 361
886 545
65 833
446 454
998 659
934 363
665 934
403 594
144 751
87 577
336 325
267 786
756 784
27 314
635 65
818 611
985 50
990 829
995 73
200 207
653 691
446 691
213 140
170 689
8 172
160 359
936 264
352 735
947 136
452 618
553 1
370 975
421 721
300 550
92 640
222 775
6 720
874 478
693 954
515 106
185 659
389 342
83 44
376 34
983 577
527 723
822 705
914 756
936 836
225 259
463 313
339 263
305 171
569 870
18 701
328 20
201 362
277 69
858 605
300 106
48 147
626 672
932 359
222 165
78 19
922 445
114 786
736 699
621 859
806 823
972 523
775 203
404 47
158 246
980 730
360 419
840 109
803 355
306 825
46 151
111 62
332 825
594 420
8 607
600 813
198 982
290 261
293 930
494 29
849 114
133 841
924 580
997 138
798 949
893 361
401 513
12 969
416 194
513 852
769 706
886 525
462 985
319 880
253 524
269 411
483 123
446 333
216 350
369 832
47 203
269 381
291 669
772 84
373 825
429 631
360 684
911 675
454 202
330 972
698 849
496 476
60 309
944 832
684 410
19 584
814 682
615 666
31 997
333 705
23 129
365 820
382 154
58 564
439 497
576 57
371 423
780 403
641 627
179 556
183 972
577 641
318 845
390 755
818 173
157 360
828 374
743 101
253 249
737 180
80 897
250 829
453 632
510 363
2 704
760 898
634 935
945 784
729 905
641 63
642 784
664 840
479 521
794 727
742 129
444 988
160 551
217 570
533 106
828 419
574 606
479 926
815 848
855 83
716 699
661 278
646 74
83 770
212 874
301 743
267 603
566 157
424 922
422 389
479 188
651 689
195 269
214 59
180 127
933 519
759 478
844 6
702 220
62 58
282 651
986 179
532 379
552 421
433 702
498 584
338 757
100 916
763 60
45 125
126 876
52 855
75 222
278 706
758 369
598 238
31 699
454 54
23 455
226 49
338 844
411 353
706 758
563 99
639 308
779 523
304 489
32 600
415 463
128 647
315 235
761 15
689 794
746 733
13 288
664 744
149 864
991 937
889 179
429 432
693 867
175 572
272 373
898 217
862 670
685 255
353 894
236 973
79 265
295 408
496 866
10 280
547 115
668 965
741 265
137 667
121 740
619 268
253 511
664 164
209 121
841 181
68 820
859 963
452 427
427 95
945 542
450 148
332 102
911 257
440 418
60 859
575 148
865 534
233 685
289 131
418 489
938 240
151 765
78 519
781 870
958 70
464 262
7 654
599 336
178 524
674 905
783 25
210 315
77 243
493 901
919 617
702 75
460 338
668 175
562 998
856 463
358 736
387 185
908 589
674 619
14 504
515 693
75 250
421 474
994 396
740 760
482 216
748 163
273 217
255 509
679 591
22 950
330 26
139 758
199 746
628 1000
493 992
866 37
425 697
870 613
650 857
698 226
774 661
933 290
202 316
828 472
560 678
874 266
89 998
54 656
370 541
870 214
483 437
287 10
35 101
134 931
258 284
382 974
44 726
132 856
903 61
896 309
187 748
976 995
59 531
964 76
750 725
253 387
536 331
76 444
242 916
873 14
980 822
821 374
155 932
673 807
821 487
18 404
21 751
333 269
33 49
513 847
806 468
780 276
76 241
593 409
631 353
354 399
828 808
467 724
13 736
358 819
80 131
262 565
268 946
910 449
960 66
199 138
790 811
66 323
702 390
540 838
522 713
155 480
322 371
454 860
919 482
214 203
248 707
51 32
762 219
973 641
69 460
450 606
217 377
236 435
628 767
705 220
16 359
112 240
486 830
879 829
382 895
112 335
993 458
405 300
723 801
980 176
840 579
417 758
605 349
185 658
610 437
247 433
392 980
317 609
374 626
571 322
610 292
611 581
315 384
23 947
742 297
549 391
60 767
262 280
708 376
637 334
638 249
145 639
838 849
220 434
613 421
128 139
167 874
46 605
163 899
916 67
681 834
242 952
171 508
617 92
663 463
708 173
410 872
177 547
659 419
641 252
733 622
238 436
77 970
25 599
273 866
986 442
186 578
960 785
833 517
337 694
178 754
507 2
768 360
540 644
498 835
473 7
971 256
365 241
61 792
669 985
726 42
764 473
834 139
728 442
835 638
35 818
911 829
804 663
554 26
169 56
890 146
526 156
580 484
624 842
614 885
567 673
490 759
2 379
113 420
320 90
24 846
624 135
849 870
176 648
783 150
71 517
457 177
75 268
387 730
366 606
499 443
248 121
671 987
563 706
379 721
215 335
310 97
918 864
261 547
813 118
922 566
546 403
340 952
769 240
668 994
116 807
813 135
462 463
543 34
157 355
506 839
158 964
452 289
731 539
259 433
680 535
209 28
779 136
517 532
332 862
651 978
356 84
307 552
345 413
807 207
109 830
638 721
252 116
548 697
642 674
310 604
319 774
638 544
76 57
266 78
317 897
394 570
968 667
329 659
754 180
147 990
174 517
955 996
683 982
290 88
891 994
798 594
87 761
790 578
666 980
740 709
361 175
874 851
605 574
28 257
594 490
304 652
490 747
967 367
810 422
792 933
279 169
28 495
462 330
140 241
639 311
896 895
454 465
719 367
666 281
28 542
446 821
417 717
72 520
232 860
747 47
822 543
456 388
537 669
274 781
701 658
577 620
634 375
391 230
515 306
956 448
959 360
604 498
237 759
590 773
42 999
849 509
114 797
546 439
660 435
608 100
78 72
744 274
64 918
305 476
879 414
662 496
21 488
849 159
189 854
885 745
779 180
319 247
655 617
640 222
72 304
915 980
920 126
544 954
105 328
356 101
806 930
584 314
988 516
312 93
440 18
539 750
717 65
172 569
562 788
599 339
102 538
722 890
524 32
89 15
622 931
606 484
807 823
593 751
526 165
804 527
1 814
809 919
114 605
188 308
582 885
598 267
505 168
568 330
914 202
473 906
348 562
118 940
28 348
141 91
553 43
183 736
50 225
956 928
685 70
763 406
446 838
53 928
828 106
277 476
225 27
939 835
282 66
422 452
718 521
996 939
447 541
583 417
804 82
153 64
137 843
195 303
490 131
71 866
901 777
503 979
874 45
841 956
989 364
45 212
266 131
106 450
54 34
805 682
851 484
798 189
245 301
216 921
976 883
299 230
7 809
28 709
162 178
54 332
959 475
780 766
217 738
328 517
807 151
96 545
742 936
104 108
251 911
548 753
443 163
347 400
20 725
171 206
134 470
358 816
731 310
129 758
887 139
651 585
48 994
431 481
967 243
347 702
5 476
619 710
289 537
387 148
557 944
1000 723
284 116
52 776
607 62
973 640
905 416
964 965
291 961
79 870
279 96
869 832
857 776
26 706
325 226
201 812
926 884
231 248
778 597
552 201
554 635
770 122
97 252
500 239
447 928
853 685
257 876
666 448
796 579
602 798
533 912
735 606
719 69
153 92
766 416
125 296
162 274
895 260
366 562
591 63
885 286
279 661
211 707
999 298
897 990
521 858
486 458
556 196
495 104
833 841
831 450
815 969
102 826
431 976
750 758
146 544
153 755
940 186
963 107
195 501
885 682
39 188
996 225
543 764
67 207
177 947
290 370
919 861
540 534
63 411
636 463
341 805
214 29
643 775
436 15
844 188
973 352
351 412
962 211
764 107
32 404
761 718
739 831
118 296
445 184
561 759
946 639
957 2
468 783
933 835
868 419
796 477
213 61
164 407
274 467
921 820
319 131
170 256
696 328
174 827
303 925
269 93
201 895
990 57
739 507
745 890
83 383
389 708
266 38
913 970
218 822
148 705
168 31
245 31
212 200
515 59
295 771
421 580
940 564
410 247
430 242
438 777
883 889
701 653
510 607
652 87
512 962
784 103
604 376
11 834
736 288
980 427
270 865
455 951
978 52
319 508
908 271
180 918
508 299
626 706
242 763
115 123
225 527
372 505
599 778
983 171
342 273
966 831
459 471
812 465
595 931
544 927
509 657
169 718
827 910
336 41
752 865
125 993
109 284
55 922
371 545
191 202
359 852
927 710
423 205
784 870
475 527
830 407
123 113
910 271
60 858
952 1
365 212
350 824
896 688
136 78
850 510
880 255
757 611
37 262
21 873
889 92
356 632
137 455
660 528
60 356
387 236
207 503
812 827
616 332
429 601
231 461
195 843
741 187
245 209
65 331
45 666
170 188
162 918
738 197
614 624
460 835
687 140
891 545
529 230
657 425
987 686
126 302
827 793
421 632
727 800
582 109
196 312
755 555
992 823
793 778
847 123
617 590
541 968
763 856
12 154
589 656
36 191
332 703
760 194
409 898
376 203
397 689
407 741
380 314
42 631
800 789
487 943
219 53
330 579
955 377
815 897
449 520
980 796
86 711
267 923
731 158
436 818
294 432
868 797
264 739
910 606
71 696
994 983
215 899
46 884
592 998
441 830
460 110
722 601
775 481
947 580
802 321
766 404
464 760
707 324
303 273
485 670
416 123
961 700
59 55
668 169
51 669
835 424
476 730
773 994
790 709
190 780
359 687
930 539
806 106
443 624
5 665
450 632
201 678
603 562
916 781
275 1000
335 311
714 531
287 432
531 430
40 115
903 746
749 205
139 633
467 84
136 12
288 162
766 683
163 476
326 888
936 220
535 108
277 332
940 764
613 666
211 456
572 983
476 60
510 289
227 850
256 640
534 31
828 312
957 924
941 119
357 880
709 235
529 637
310 46
8 840
486 303
567 114
570 466
309 366
291 303
339 721
334 211
997 945
584 234
384 972
72 478
402 595
756 296
868 674
744 464
281 630
154 748
103 643
362 523
219 398
57 479
789 790
994 776
246 997
707 117
581 596
929 147
364 528
474 240
497 177
351 298
281 656
450 105
108 525
694 780
989 832
39 505
460 146
260 393
984 846
854 49
468 756
881 117
700 943
966 930
846 661
575 505
770 547
48 882
624 721
188 362
191 625
449 591
369 592
668 83
852 816
377 400
412 657
431 183
416 724
516 15
455 717
493 538
62 625
710 333
677 28
115 693
32 531
325 114
254 296
92 643
900 652
685 402
278 40
300 944
562 95
378 524
59 175
383 285
72 279
957 734
45 900
182 726
737 60
221 195
791 347
725 819
337 462
654 721
180 780
508 401
605 125
666 227
361 81
571 34
646 688
822 401
751 309
332 933
6 162
258 881
548 417
343 39
626 897
219 125
383 806
57 499
233 804
150 653
82 719
300 282
376 592
485 274
955 518
497 204
774 54
650 96
531 735
698 372
226 352
323 141
997 280
693 63
56 172
958 141
194 172
941 961
526 977
764 100
824 177
61 790
392 61
32 4
251 136
881 17
854 204
587 451
146 135
496 64
283 34
912 594
765 848
757 928
359 324
605 620
610 130
739 506
575 576
763 480
984 499
507 105
514 476
678 331
442 483
705 303
118 772
653 7
895 116
44 497
643 113
351 428
477 187
758 212
870 946
589 794
895 47
35 495
205 529
499 268
110 758
846 298
838 143
562 165
567 148
490 216
439 21
993 807
222 659
853 506
324 71
876 660
823 959
298 550
194 631
984 845
932 533
20 943
605 235
719 751
93 376
872 750
543 445
456 446
894 323
271 798
517 530
185 217
846 230
918 563
189 673
461 188
692 667
157 131
582 748
345 483
769 257
733 624
593 313
739 751
223 390
224 544
467 944
254 732
590 282
955 683
635 959
489 701
858 878
476 977
750 204
920 689
575 83
759 278
85 195
285 769
151 952
302 481
263 846
370 594
665 780
960 652
647 996
709 783
577 512
991 65
868 412
800 148
305 586
288 376
550 64
937 29
548 972
605 624
217 439
791 991
848 767
210 728
692 896
396 69
614 625
805 880
383 324
790 140
171 860
64 300
582 98
947 483
641 604
535 184
900 452
171 634
953 572
129 2
459 953
206 16
48 385
818 430
875 675
487 601
281 488
136 484
764 633
121 745
394 9
457 751
168 854
436 819
402 767
918 735
354 644
389 387
66 304
38 938
419 692
649 279
522 111
302 506
194 236
453 925
556 834
507 204
432 51
401 351
554 303
366 257
204 100
759 506
981 218
979 408
134 522
930 621
606 490
169 229
60 312
868 289
288 182
549 842
109 835
938 819
540 3
354 42
763 330
675 828
127 291
808 347
702 694
800 303
32 921
269 100
535 393
349 150
79 829
89 280
770 826
66 546
395 803
14 571
541 633
84 827
529 850
293 174
309 986
516 616
374 470
723 100
140 836
968 349
914 799
185 597
112 659
186 134
564 983
181 385
791 990
557 38
210 147
774 297
977 435
206 927
513 49
220 719
9 498
194 814
820 526
604 869
76 270
739 726
385 471
798 93
51 760
103 787
85 160
733 696
147 205
4 706
474 8
958 150
206 603
688 502
755 185
285 856
214 102
727 918
309 782
522 869
463 653
914 480
434 389
934 510
393 440
527 69
195 996
914 10
852 962
886 694
951 910
259 464
795 162
190 233
467 277
505 74
882 632
210 529
65 306
387 453
559 27
671 573
446 864
809 316
59 333
426 984
338 252
943 809
842 188
275 789
93 102
791 229
992 895
305 94
911 246
951 483
560 980
888 449
83 161
374 992
747 134
35 2
823 37
84 573
595 892
163 823
661 28
755 945
591 351
205 432
707 747
797 684
689 483
525 637
142 611
915 929
129 788
556 85
21 935
778 171
962 412
101 112
916 556
972 741
129 901
370 83
980 964
949 51
823 542
459 267
117 859
167 280
137 3
798 968
707 661
318 45
212 560
928 353
894 992
860 688
687 705
688 609
891 106
873 555
530 380
753 77
381 772
888 468
367 996
494 605
209 659
891 987
41 278
951 893
377 810
921 826
919 259
653 723
639 574
397 21
861 528
679 387
616 158
122 118
361 982
892 598
822 869
753 824
628 956
577 458
724 399
967 277
37 336
689 939
35 371
201 95
120 873
690 13
286 576
895 452
794 31
245 319
227 796
803 199
586 221
228 478
721 562
974 796
975 461
83 189
358 449
606 616
809 892
461 968
386 37
275 636
195 181
68 77
31 347
996 524
861 272
807 490
423 413
924 646
137 716
603 321
586 657
492 640
38 572
590 121
612 657
849 193
703 826
392 414
946 989
711 735
33 412
129 993
849 82
651 804
105 482
271 63
879 202
682 882
369 437
847 695
152 685
617 351
251 73
307 971
118 411
824 78
881 419
900 227
223 52
354 293
209 622
653 533
251 151
731 737
734 704
113 138
921 869
43 581
265 701
814 496
861 707
933 246
393 776
8 153
463 923
856 509
322 805
89 466
221 725
956 808
580 917
425 816
870 738
157 21
467 205
862 70
793 637
491 409
151 127
173 483
302 249
965 839
433 382
969 284
796 999
799 448
123 925
400 912
280 582
465 702
373 349
653 187
343 565
684 535
222 594
942 171
11 839
641 716
179 701
456 22
917 375
576 295
944 315
727 512
732 186
2 817
976 620
982 547
315 314
787 563
146 983
11 259
216 815
604 130
567 270
47 730
41 821
264 741
925 240
