1000 9883
485 297
233 768
146 761
418 370
369 448
265 29
599 14
926 202
418 485
397 325
787 497
298 238
411 773
288 72
587 684
294 114
995 195
78 805
691 762
32 809
933 793
757 581
837 970
852 943
559 275
179 63
365 472
576 221
897 631
139 474
728 228
467 376
201 66
930 844
878 622
457 306
706 679
155 544
636 548
562 416
438 570
21 541
957 470
412 941
839 790
951 760
109 757
221 475
900 682
723 777
890 744
162 555
36 80
18 583
438 836
232 699
139 345
582 79
144 497
239 408
221 253
629 224
755 427
559 725
118 623
505 602
125 257
272 341
917 395
791 422
91 937
935 539
37 684
646 714
82 455
319 310
214 584
2 644
765 991
447 567
613 286
297 960
219 601
444 785
347 70
383 780
314 261
561 307
355 627
817 410
30 89
876 899
845 76
938 446
731 109
54 498
256 293
989 813
721 87
190 146
500 934
527 371
94 590
938 208
207 885
523 438
982 9
160 176
74 538
420 738
475 585
21 973
762 623
144 740
752 621
649 125
778 603
672 202
618 794
624 723
1 926
145 782
57 522
979 510
946 440
669 931
161 548
469 904
835 455
144 785
322 270
633 324
840 325
47 385
258 184
131 954
424 176
248 276
651 543
235 254
806 196
787 679
2 181
679 845
59 332
278 46
28 577
233 465
662 896
19 894
900 541
724 185
598 726
267 392
37 622
990 412
774 601
353 841
158 818
148 364
167 512
666 225
427 735
103 370
694 307
881 792
382 319
189 953
300 502
232 686
43 284
182 905
17 889
732 384
717 468
384 936
958 966
376 594
251 846
113 673
670 101
980 965
33 362
986 390
454 752
163 741
94 667
259 994
868 934
742 587
543 654
705 463
861 258
242 783
517 879
207 841
597 465
155 674
427 441
85 301
508 767
756 962
510 478
229 590
359 531
363 468
34 620
91 613
575 287
958 493
47 214
351 361
679 301
773 824
795 784
189 33
234 443
134 782
821 613
481 355
210 611
317 221
722 187
549 914
404 711
352 752
848 533
245 107
545 555
641 852
549 99
107 926
331 638
633 978
406 12
210 645
766 662
359 36
608 153
286 778
828 45
991 547
983 755
807 557
73 20
408 463
851 101
562 208
28 724
784 90
548 3
188 914
33 599
324 50
560 832
427 827
138 314
453 611
298 548
885 608
903 1
945 779
747 387
505 876
327 947
742 824
724 657
963 187
360 388
307 703
16 688
579 491
691 805
1 489
938 374
242 43
464 497
502 601
606 66
489 578
91 818
608 408
225 824
955 685
461 412
411 651
857 495
450 943
273 686
476 979
989 902
9 116
702 71
549 626
752 578
678 862
806 355
929 186
166 2
575 418
193 96
476 753
166 157
563 483
406 748
869 594
598 112
599 425
910 44
880 373
808 466
915 342
661 838
647 887
530 3
588 781
239 963
758 485
19 811
706 755
529 74
808 159
537 583
22 137
905 735
374 668
677 990
127 913
801 798
1 386
843 416
573 242
827 807
351 740
355 877
749 977
399 838
827 139
331 888
244 47
907 325
414 257
366 638
493 612
748 262
799 118
56 716
684 310
831 545
188 549
409 816
230 410
671 72
487 603
793 218
977 341
937 587
413 304
945 823
214 412
237 533
646 777
719 717
388 553
261 293
251 665
108 774
396 888
538 561
134 204
523 498
837 515
713 525
570 142
4 744
372 766
945 610
56 247
272 980
367 965
209 431
990 389
521 188
506 394
234 925
327 104
437 728
847 849
919 612
972 123
800 980
70 650
843 918
346 610
404 789
578 89
131 567
100 949
504 534
106 694
782 87
985 73
278 438
338 613
870 128
160 337
311 442
520 209
740 628
246 149
304 684
85 190
153 953
923 173
136 681
212 156
729 366
110 995
435 503
255 222
999 681
378 759
24 569
520 926
827 95
909 820
123 809
783 879
847 88
413 955
290 166
186 119
647 166
12 415
984 920
860 251
57 258
138 69
157 295
399 286
517 711
732 300
327 520
103 479
167 931
760 669
431 50
270 408
473 268
881 703
5 149
6 374
998 570
892 25
530 628
597 68
917 109
341 254
877 988
517 155
555 88
702 153
264 79
377 714
78 171
881 106
19 231
77 613
338 807
924 34
139 986
1000 328
319 568
326 268
626 318
536 554
188 357
420 848
203 416
169 80
389 603
530 75
161 916
465 185
832 175
908 844
286 840
982 549
515 946
848 697
867 359
207 206
444 172
857 701
895 93
74 177
58 538
149 705
97 240
452 886
794 57
577 703
541 796
447 573
802 540
667 72
478 689
798 941
270 905
575 583
38 547
991 893
922 276
564 949
780 858
966 565
720 667
44 93
896 278
879 365
826 91
555 619
977 413
9 319
119 552
409 665
449 580
86 659
566 105
324 268
205 63
152 437
206 872
542 134
375 883
450 166
821 341
586 714
509 649
88 138
815 811
925 183
837 987
731 72
454 753
569 343
560 368
959 72
392 194
502 749
341 801
582 929
492 467
372 933
377 629
178 638
86 95
53 270
113 19
55 848
721 348
759 444
583 882
976 302
423 541
624 752
217 190
398 869
644 133
717 633
521 511
669 758
874 888
986 618
473 853
701 197
350 13
246 162
531 378
770 990
352 753
960 496
9 612
480 142
749 714
499 666
286 567
197 408
877 699
74 213
115 515
650 794
832 937
116 335
490 37
435 604
628 707
757 481
561 318
837 89
499 29
846 297
918 138
98 529
872 932
644 472
863 724
172 127
859 735
236 886
384 151
737 319
465 28
360 374
505 883
855 885
629 618
209 23
154 688
119 662
507 342
683 299
629 539
354 767
981 578
450 138
618 172
200 445
848 505
557 415
7 898
363 772
513 793
199 410
751 921
788 149
755 346
739 609
96 749
342 102
234 791
787 471
687 556
47 919
229 528
612 215
835 432
165 201
622 891
805 313
610 835
458 212
904 966
924 409
709 925
892 517
493 590
496 510
408 880
227 382
669 587
326 118
774 986
633 892
377 657
138 721
912 351
343 977
288 601
932 146
491 194
974 557
534 448
792 985
614 628
652 273
945 281
984 321
37 451
295 803
382 488
957 658
282 410
84 802
603 882
710 938
589 827
738 291
487 372
736 192
436 593
119 861
29 629
776 512
229 710
841 907
205 276
292 580
497 990
777 764
150 622
444 783
194 598
368 845
573 806
664 985
6 105
671 361
345 694
640 211
966 799
146 612
78 367
445 568
66 271
157 100
858 275
307 523
272 838
534 546
207 994
298 970
336 9
342 19
807 127
298 93
171 217
512 187
90 475
364 718
78 696
716 10
821 563
294 888
283 193
969 994
456 779
420 942
38 117
558 652
522 686
340 133
398 343
32 813
929 529
605 544
911 737
992 656
118 929
709 514
113 409
696 499
594 706
645 454
739 311
170 998
743 487
212 510
800 401
412 943
253 631
14 655
329 95
735 835
439 390
184 626
487 442
261 819
410 299
912 89
823 173
220 134
317 353
233 277
451 362
876 569
96 11
921 78
997 731
979 832
980 495
448 648
395 403
949 536
534 386
662 183
974 197
759 881
98 840
337 128
390 394
620 581
55 282
205 393
850 958
519 166
360 334
819 841
34 19
271 802
147 496
315 550
190 438
337 930
911 301
964 217
177 569
470 134
732 301
241 334
350 696
78 331
280 318
181 66
497 181
33 435
327 297
366 433
761 849
831 105
327 689
583 760
739 774
226 847
47 847
105 730
803 793
330 753
173 869
66 215
623 489
863 62
425 108
358 920
293 45
701 160
558 539
139 699
47 312
605 516
316 113
601 485
930 961
46 201
126 283
978 375
456 739
888 742
944 520
301 389
732 943
605 343
67 940
466 87
589 707
1 378
55 43
561 354
812 658
987 392
953 520
500 825
626 731
111 865
43 385
188 750
465 55
543 52
379 553
34 196
162 497
863 811
20 919
383 861
209 42
525 634
233 956
877 635
768 977
721 919
703 771
82 715
45 469
300 798
360 57
512 470
918 52
440 497
994 808
190 317
686 678
855 53
877 669
556 886
270 228
229 530
826 412
359 956
56 31
957 589
61 786
248 775
337 586
32 24
313 545
428 950
595 115
880 331
368 63
419 159
226 949
92 942
329 420
153 598
190 603
709 585
191 742
839 186
53 705
982 582
987 808
352 353
949 350
352 143
321 570
801 880
787 709
93 214
774 793
296 872
61 440
483 887
373 326
857 521
799 236
770 144
954 501
918 24
524 903
305 127
594 831
707 612
489 42
770 434
461 965
712 925
328 902
129 171
78 118
6 243
713 309
556 165
337 89
341 625
328 868
185 221
926 66
859 109
876 965
60 27
627 505
973 221
519 209
446 167
30 294
458 529
55 913
208 1000
707 907
267 673
507 36
475 514
169 979
673 451
285 289
125 734
520 330
539 550
995 168
320 496
300 424
249 202
351 157
869 592
247 860
854 236
930 692
291 702
74 306
38 473
740 707
208 564
852 773
622 747
523 272
735 72
299 796
356 859
178 167
217 443
843 347
918 363
352 670
919 6
136 655
767 343
36 351
269 40
734 3
114 868
204 550
537 383
176 731
988 410
3 206
408 446
37 466
432 260
288 824
326 928
845 656
633 206
232 721
983 518
423 73
883 402
22 344
478 654
742 491
907 130
270 838
641 370
91 295
441 276
774 438
647 188
33 738
898 498
42 624
25 838
776 906
599 692
494 805
345 545
676 675
695 193
42 515
3 795
299 240
318 684
428 276
730 692
33 460
949 854
676 562
738 983
280 291
669 295
449 700
487 11
470 234
807 233
935 436
95 683
542 110
263 635
566 368
43 917
320 574
906 285
432 333
730 121
424 524
226 680
317 351
924 169
564 192
925 814
911 93
844 80
964 565
229 269
801 259
507 814
796 2
299 602
339 729
340 134
639 610
307 119
291 602
351 774
799 754
934 516
793 688
74 441
203 279
421 340
296 888
265 952
987 995
491 16
251 905
403 806
98 402
210 696
448 205
843 468
572 142
809 196
296 913
940 618
418 666
597 813
230 270
103 20
268 47
933 299
58 759
468 414
392 800
283 554
13 381
310 257
202 694
940 648
961 675
728 722
811 765
645 921
614 194
672 809
413 953
380 716
822 287
846 401
703 520
760 82
957 776
465 458
827 484
556 222
779 121
176 146
506 889
927 833
681 879
901 678
295 155
392 458
599 969
218 176
665 739
59 572
78 328
560 455
488 418
204 422
631 457
414 985
933 631
795 634
759 293
9 33
428 685
381 651
973 455
167 272
82 808
284 108
536 306
485 701
288 87
768 417
532 314
626 429
203 68
41 353
80 265
996 510
16 816
380 406
494 564
98 229
653 683
840 910
69 548
967 15
40 822
60 297
297 169
592 233
382 900
476 473
649 941
136 760
116 65
969 328
930 990
294 601
813 583
170 987
780 272
322 782
254 301
326 206
628 634
990 353
331 548
480 250
412 803
26 556
680 19
241 963
956 160
405 422
118 735
102 240
345 865
396 367
629 193
371 241
66 829
463 257
232 483
180 777
145 954
756 196
741 616
103 367
289 663
793 231
333 230
599 655
73 697
811 903
461 2
926 468
656 744
751 161
608 145
519 95
501 870
432 999
806 122
592 645
20 246
924 604
543 762
712 318
894 522
786 88
117 807
595 747
858 123
436 21
756 606
209 501
142 931
660 804
627 683
555 70
338 886
299 644
213 854
772 978
99 83
118 349
247 891
428 951
900 41
759 220
501 252
636 905
71 190
457 284
807 586
847 553
246 160
342 631
326 8
240 969
963 205
301 974
47 422
783 530
507 677
883 746
549 241
184 879
295 825
496 513
461 529
813 316
117 223
28 672
163 411
516 413
542 661
282 311
84 895
970 888
276 252
877 480
462 52
944 275
784 236
235 394
163 249
608 631
538 919
426 621
79 309
45 133
746 18
457 613
538 774
794 684
353 564
324 467
586 522
915 592
823 811
38 673
76 620
239 32
376 514
910 981
214 486
259 892
471 397
733 986
702 539
320 821
871 664
76 338
630 809
902 216
968 932
454 723
453 932
720 197
761 927
321 270
53 255
971 340
863 706
29 576
779 994
344 328
199 186
75 488
312 934
131 426
557 720
670 497
216 258
587 277
350 205
920 596
924 100
304 933
514 744
397 420
970 486
626 324
140 394
730 422
255 449
85 385
294 647
944 541
678 281
330 123
573 45
871 264
874 636
302 253
272 48
970 43
383 498
730 936
786 902
455 950
31 513
794 204
62 876
525 108
598 674
729 561
348 105
63 726
724 252
709 96
727 820
859 652
185 941
133 565
150 509
188 544
444 666
448 733
68 30
507 203
827 475
746 808
944 29
674 362
340 842
512 992
495 430
281 412
907 496
671 363
431 918
932 901
609 752
793 505
668 739
171 61
818 166
379 318
513 970
534 544
506 356
227 216
281 702
708 883
342 198
808 885
110 45
750 198
261 85
912 979
837 802
677 605
468 726
471 612
755 425
95 840
482 288
961 314
389 817
543 976
997 463
221 994
682 116
521 50
118 362
66 241
434 365
142 10
280 587
75 101
477 649
133 333
544 492
670 636
710 441
497 238
972 380
956 857
683 512
61 172
483 809
966 241
109 608
202 66
995 643
616 588
581 454
219 653
456 713
697 781
611 883
210 840
652 311
432 338
620 131
605 369
309 948
491 817
112 426
439 49
794 32
922 29
373 317
980 267
672 588
866 654
852 333
309 598
665 166
212 293
978 886
410 459
784 308
966 716
737 244
276 496
210 140
251 600
512 686
842 601
224 784
759 992
119 577
870 443
196 222
162 90
275 297
138 211
67 75
855 418
12 760
107 826
590 181
249 373
901 310
168 966
893 348
395 697
788 216
807 140
95 654
26 899
699 170
664 246
474 882
239 221
143 4
130 869
424 602
960 956
137 123
29 189
177 874
142 964
590 454
208 832
450 513
873 562
895 693
53 344
352 634
863 427
778 583
322 331
623 491
240 192
347 804
44 976
977 685
722 26
160 257
326 402
697 734
26 502
88 35
678 214
58 967
273 824
649 940
706 647
853 340
122 462
340 121
877 430
398 601
931 306
829 203
904 766
796 948
49 281
486 822
520 814
758 194
158 472
31 814
178 334
996 886
961 541
874 342
983 600
417 639
400 875
809 449
370 569
417 488
145 953
129 476
996 596
888 53
145 409
908 354
267 106
250 814
513 374
309 731
582 649
318 523
465 53
910 847
323 915
768 804
988 903
332 931
559 952
215 118
822 26
665 333
632 280
885 682
987 118
66 263
901 298
295 15
854 724
941 537
510 816
795 680
982 190
693 57
986 53
470 386
695 607
919 715
189 490
541 117
834 993
851 965
446 491
783 40
380 379
553 543
19 151
113 16
367 623
725 377
263 864
947 819
270 4
53 444
853 197
539 461
744 797
633 903
794 917
401 68
921 829
100 93
117 666
249 274
88 912
711 88
292 314
477 866
504 205
959 670
598 330
361 985
911 731
74 510
936 493
387 407
563 14
875 224
783 541
684 915
259 209
230 324
502 505
733 371
880 777
576 50
162 623
552 59
336 966
816 496
987 633
823 151
1 324
111 673
37 526
846 300
304 179
610 330
654 695
153 131
235 397
387 992
501 147
301 794
283 819
432 215
400 629
440 706
862 965
281 110
392 677
10 252
48 7
584 217
617 260
21 476
594 494
189 842
480 690
708 122
416 426
949 880
471 396
773 418
225 738
246 948
214 342
126 11
726 509
998 630
472 992
310 596
292 810
824 997
708 943
837 845
307 891
318 147
149 943
424 530
442 839
65 768
742 762
434 503
17 677
517 208
333 559
781 603
428 773
394 693
307 236
876 451
921 872
591 912
142 222
950 817
296 266
169 28
298 440
616 435
386 775
574 332
100 755
411 376
148 893
335 457
282 199
598 449
784 781
892 742
287 362
895 129
969 173
62 642
563 923
430 166
362 184
610 979
62 624
540 505
562 949
452 841
128 527
622 940
700 247
90 721
720 824
516 513
721 529
419 275
102 8
803 119
210 386
550 992
243 98
962 652
963 381
323 986
159 352
360 638
949 932
785 834
110 353
954 971
737 457
6 108
246 865
483 401
245 850
138 60
376 543
233 77
919 956
115 378
998 387
945 533
423 508
381 387
459 377
522 105
560 428
65 962
377 976
56 251
368 701
829 512
178 498
80 1
794 837
579 233
841 558
894 978
403 511
422 41
268 903
481 305
420 602
757 735
743 860
251 500
692 46
695 933
244 693
729 39
697 530
217 251
255 279
293 54
153 611
705 94
744 740
504 905
729 80
213 879
424 74
596 288
818 806
53 775
518 851
297 365
82 272
123 975
325 135
734 253
335 603
214 897
35 270
219 573
371 840
493 367
331 651
117 150
870 892
727 733
563 868
50 881
801 943
846 141
81 589
915 970
836 971
230 110
505 605
966 690
625 892
940 793
23 535
7 498
230 249
604 430
549 81
453 406
528 666
334 171
392 750
260 128
766 110
639 470
876 730
533 215
257 452
354 832
23 757
640 158
642 977
475 896
167 974
389 336
711 781
531 603
56 953
621 590
369 278
718 861
722 274
975 964
523 207
800 584
299 176
376 682
48 387
691 910
503 116
530 624
877 839
346 945
354 388
81 324
673 24
711 448
750 30
401 317
921 416
192 582
962 118
651 460
804 885
437 568
762 731
449 218
970 428
496 91
84 306
984 192
152 370
254 683
505 355
480 847
888 924
501 151
518 940
122 463
175 187
512 888
643 141
251 908
149 604
62 715
677 760
92 666
473 648
93 207
356 159
576 215
888 745
631 627
248 136
671 712
50 130
130 234
495 956
421 569
542 703
444 398
852 499
875 946
148 506
594 854
597 545
510 58
480 329
279 685
345 893
223 306
817 721
30 156
888 358
276 4
389 291
85 756
621 994
622 453
94 866
422 693
946 740
462 666
507 319
660 81
366 118
424 793
629 692
99 355
393 2
52 257
17 696
255 794
879 188
882 240
80 58
467 778
582 933
363 685
184 104
384 634
797 234
601 921
416 75
826 522
41 306
583 878
930 572
791 637
873 702
131 434
334 875
878 437
178 815
89 504
203 320
111 740
634 738
326 14
53 718
538 430
425 879
900 833
763 970
433 340
325 206
566 900
680 979
681 446
755 871
10 726
687 240
505 330
417 824
352 824
821 880
348 784
210 785
616 788
448 934
305 995
896 650
244 480
45 993
390 468
785 426
771 875
3 635
633 160
798 432
430 980
827 64
439 798
371 124
580 233
395 476
669 828
769 207
925 461
258 588
336 372
927 138
675 229
970 673
115 496
419 292
940 7
980 768
786 669
803 265
950 424
879 498
78 279
161 89
312 219
440 400
667 730
663 866
134 372
742 50
907 692
570 870
111 314
631 435
868 71
181 263
228 486
388 666
87 317
56 79
830 415
388 118
30 711
198 613
109 54
41 26
184 243
796 394
563 433
142 172
488 576
290 995
809 785
147 854
167 427
543 796
681 122
731 532
860 944
807 667
791 758
62 470
445 438
657 246
126 741
863 128
369 580
170 639
299 785
465 183
623 768
628 926
24 772
169 317
295 245
136 690
430 52
628 525
900 507
259 204
908 231
378 732
93 55
421 608
197 650
267 326
433 82
434 749
625 710
76 974
222 596
25 440
541 960
908 453
606 766
348 26
957 624
262 334
712 813
505 561
417 407
951 86
5 619
267 947
194 547
119 427
241 580
975 717
779 94
716 610
525 558
90 867
862 817
422 610
152 66
155 805
945 699
436 826
385 556
856 837
394 274
475 837
674 189
731 436
345 369
588 283
437 257
534 913
77 794
117 797
785 855
115 834
696 972
473 469
511 565
20 398
798 377
687 534
959 797
502 856
838 998
513 539
57 903
645 14
338 828
998 972
804 929
697 343
146 183
75 103
654 103
468 958
855 546
308 679
57 609
558 515
908 152
230 592
361 775
622 650
723 561
814 472
762 9
999 996
55 434
235 123
752 47
166 495
259 155
562 288
255 197
457 22
405 286
870 994
818 9
12 80
123 959
992 892
728 806
529 843
346 213
931 971
675 681
438 590
611 595
336 911
270 950
357 617
166 939
44 108
957 916
908 111
548 215
291 326
420 674
115 138
723 331
525 705
30 161
379 513
293 849
478 907
711 895
50 690
438 309
833 789
6 73
9 507
854 653
944 646
747 735
863 977
648 670
646 121
424 973
34 402
273 728
185 500
668 487
652 988
544 701
910 348
904 213
854 73
972 188
482 400
908 660
122 891
123 430
553 707
436 449
8 435
114 743
79 587
995 114
576 668
662 606
754 471
848 912
302 345
529 491
782 195
574 261
506 464
279 123
178 106
895 203
571 513
554 977
684 800
477 62
244 991
988 54
282 60
420 818
596 764
327 34
225 62
117 248
908 175
415 965
343 522
794 2
443 80
651 407
235 274
404 877
296 686
98 518
282 321
157 627
763 792
547 215
784 131
141 570
681 541
560 858
500 773
175 879
6 824
328 110
571 58
77 269
346 682
780 806
33 687
847 941
789 80
936 764
405 871
134 111
948 466
51 831
397 791
107 907
453 683
69 578
42 710
755 994
88 386
338 687
708 151
751 19
792 74
958 859
890 885
910 542
125 980
422 404
264 818
119 250
377 911
177 827
363 684
470 384
593 499
27 501
906 464
903 961
948 107
696 900
113 22
846 590
290 988
721 480
890 297
873 701
658 467
74 282
97 619
335 366
819 156
982 376
360 663
895 905
97 964
403 901
959 664
748 221
239 794
934 846
792 851
999 812
451 746
586 403
681 445
922 945
301 340
230 378
255 157
202 491
610 508
59 366
761 120
559 437
118 655
107 218
418 707
65 340
166 785
339 191
547 354
498 14
556 492
149 962
372 189
279 579
48 219
638 176
921 10
395 479
396 620
860 9
92 163
6 247
499 163
101 187
358 730
286 7
542 852
768 945
756 360
388 962
835 123
447 97
621 598
428 805
141 994
866 987
206 760
375 195
637 172
530 550
802 451
731 427
489 580
588 496
254 708
61 315
536 59
795 694
760 585
209 325
670 218
319 776
221 874
384 583
521 138
43 826
194 418
731 329
661 622
132 124
523 976
316 176
123 505
34 799
393 505
639 586
30 998
52 858
807 666
204 941
437 450
156 776
179 89
97 992
79 688
45 512
1000 931
436 68
822 856
363 101
992 627
4 507
153 935
242 528
657 394
624 78
990 173
597 789
102 349
509 437
988 534
628 701
476 162
885 10
188 878
830 645
245 363
417 692
961 601
306 586
75 740
576 399
585 87
589 647
755 675
992 191
205 702
82 75
659 809
271 567
680 268
690 669
688 415
237 527
493 421
755 110
269 725
497 930
823 697
555 455
683 266
778 106
7 844
255 844
346 40
773 277
591 562
775 331
579 90
351 455
989 883
459 200
134 480
393 170
803 915
20 399
313 387
920 661
99 398
134 627
838 999
605 1000
364 858
173 892
669 919
820 485
677 467
74 707
701 294
345 26
27 219
355 246
417 305
248 545
869 961
775 652
829 51
279 86
282 182
363 65
454 408
574 505
689 593
905 620
326 230
292 82
149 695
905 765
188 882
228 548
826 657
983 689
931 970
989 64
149 905
847 38
443 164
617 529
983 550
798 630
662 217
206 197
297 815
447 741
139 60
234 242
696 216
577 864
742 26
279 760
997 42
306 694
589 397
573 724
578 958
615 377
257 394
777 620
523 112
485 229
108 864
458 883
295 100
685 668
526 672
671 473
324 564
697 182
91 195
683 391
316 740
669 168
981 57
912 931
273 735
751 988
463 740
445 825
985 284
142 971
513 757
274 195
665 946
711 339
824 13
347 648
611 327
683 818
242 478
540 857
28 101
881 253
203 457
386 683
618 421
902 739
355 274
636 865
196 790
14 419
165 29
598 301
363 156
190 593
994 81
744 593
197 285
810 612
173 292
414 243
1 595
734 223
719 297
294 734
528 332
693 910
126 367
609 151
844 794
983 177
637 609
896 21
476 25
97 468
683 592
11 900
77 443
409 363
500 774
484 387
103 363
875 722
824 800
908 891
358 319
898 438
223 759
526 783
858 434
531 520
423 70
284 736
355 660
82 708
428 472
146 681
171 36
884 497
757 81
122 587
655 841
19 43
147 94
137 148
377 639
319 868
583 731
507 140
553 540
921 992
60 49
817 891
602 499
233 297
422 198
635 121
549 697
847 900
166 631
688 839
412 351
183 540
113 448
832 274
524 632
183 653
335 747
991 266
983 565
162 904
304 505
729 424
624 178
257 981
330 293
260 712
406 806
452 848
594 937
942 151
693 787
418 819
913 757
367 276
738 392
741 551
488 751
328 60
435 832
24 277
764 767
974 6
484 310
964 120
69 883
881 910
354 421
661 56
241 559
391 699
876 947
592 726
65 586
309 554
47 718
229 215
266 419
593 60
966 909
354 616
592 84
284 259
86 915
786 957
234 654
482 737
556 855
411 640
319 779
413 338
734 942
310 730
460 211
479 49
469 107
807 951
187 790
359 701
736 956
262 515
153 644
167 456
464 963
887 444
451 939
857 940
626 431
970 373
44 259
245 167
859 683
815 428
640 885
112 164
832 237
425 841
762 98
926 811
953 546
250 318
914 511
292 63
974 567
810 572
192 753
83 402
784 927
315 231
226 406
984 758
785 507
624 301
550 517
983 943
628 301
349 476
819 950
46 484
306 433
788 541
723 448
137 933
304 82
950 249
861 466
759 3
8 854
216 220
941 410
634 604
414 42
452 249
290 12
646 881
940 86
545 777
335 556
290 127
629 584
46 928
110 215
458 860
989 592
7 847
356 115
817 455
466 751
603 466
930 190
768 13
950 768
294 313
955 593
579 93
268 860
949 115
346 984
422 477
551 632
270 161
19 99
802 888
152 512
30 545
569 611
678 893
166 33
254 153
540 886
243 878
49 821
783 146
731 709
525 505
408 948
601 241
984 231
986 957
558 513
429 947
601 98
450 590
986 556
203 266
117 448
890 64
675 948
982 528
179 805
550 500
587 6
701 120
903 732
27 873
466 331
84 110
417 885
70 73
109 749
221 467
629 470
371 506
144 90
163 454
421 514
799 317
869 230
67 755
641 288
824 223
580 307
232 577
362 972
384 166
332 548
405 208
153 367
559 563
30 167
660 346
509 924
803 974
521 692
977 426
998 320
581 824
987 241
186 336
336 461
983 101
217 638
726 431
648 640
686 652
564 540
379 222
234 695
716 759
163 753
264 792
398 455
240 407
350 988
189 450
942 768
998 652
88 747
153 470
358 815
143 433
699 737
907 988
70 606
803 799
365 146
8 123
191 490
655 443
714 581
250 37
527 253
655 296
236 16
422 353
61 91
580 957
999 949
344 209
217 325
506 693
528 687
654 355
783 517
342 735
226 539
50 46
415 506
218 968
992 939
19 793
391 381
767 23
409 360
383 263
742 330
62 808
999 121
547 328
434 691
110 736
845 595
883 416
790 60
149 940
560 973
762 495
728 691
61 240
434 514
935 934
810 953
851 175
10 373
875 725
567 59
716 855
521 839
44 84
686 351
390 104
428 187
565 534
108 688
825 697
163 830
937 919
849 323
333 114
398 404
176 179
621 991
124 394
735 615
78 318
975 564
7 774
311 103
694 964
94 752
60 928
920 897
189 516
579 388
228 126
247 306
103 814
971 265
952 274
203 936
165 338
702 322
562 781
371 590
68 534
694 742
329 786
919 553
114 468
920 863
526 912
881 446
256 551
520 340
646 276
407 256
82 777
725 362
949 333
5 293
981 92
378 3
236 229
627 972
350 101
23 321
208 590
139 844
175 122
855 740
17 104
554 145
167 580
692 775
821 677
457 498
264 430
767 466
736 622
383 453
899 116
258 148
832 49
374 648
377 148
585 863
330 290
168 153
352 470
26 27
135 975
598 667
840 619
65 119
921 238
546 709
432 493
884 995
261 646
962 674
535 541
484 578
920 289
708 320
301 790
139 71
493 944
515 480
332 620
775 50
360 381
444 682
755 916
422 581
573 795
121 836
649 255
879 511
534 686
350 747
445 557
898 701
24 210
78 389
265 742
486 624
489 586
617 776
696 819
898 991
26 886
603 802
631 210
62 251
856 680
680 630
402 228
190 799
411 94
35 730
677 279
681 241
574 225
960 309
902 680
818 687
839 7
587 118
383 155
120 577
356 688
698 958
581 801
792 945
173 474
377 199
875 192
201 913
315 137
922 915
808 22
936 235
760 495
118 745
230 503
126 164
453 156
499 498
918 554
634 379
908 448
379 792
491 630
261 381
44 254
409 911
16 871
342 701
578 809
138 200
417 261
483 692
516 803
521 671
99 871
416 506
513 35
352 588
833 782
834 609
854 612
140 242
72 316
719 634
9 346
906 37
637 221
656 580
234 592
39 121
756 765
631 483
299 404
835 230
13 670
234 739
792 307
63 452
657 651
447 845
403 259
385 796
338 936
579 890
89 234
787 657
130 956
518 267
902 618
708 685
454 877
865 714
352 995
350 146
189 240
161 535
606 355
347 844
687 998
563 172
359 305
344 246
108 119
326 58
643 260
897 603
854 349
635 270
763 309
914 539
912 291
802 642
79 775
852 5
690 232
675 516
943 799
857 730
141 305
568 547
703 13
550 727
679 817
183 921
780 72
179 627
490 51
556 815
249 763
896 484
789 419
348 249
723 479
816 267
230 253
201 102
876 583
722 502
220 419
628 32
613 436
624 687
346 2
600 513
50 734
859 796
987 323
935 739
537 16
42 606
863 715
569 679
362 751
271 811
826 62
100 319
139 370
877 545
569 272
947 641
879 55
664 60
560 509
750 840
484 45
531 716
470 8
279 663
256 318
208 39
320 737
428 532
996 803
986 90
40 736
203 796
220 918
497 63
946 764
433 791
68 578
783 956
5 447
482 316
947 730
315 405
200 809
118 331
601 163
330 843
62 258
190 727
47 170
106 658
822 693
326 407
259 474
631 952
173 512
834 346
728 201
175 214
863 197
196 714
574 264
563 57
731 895
400 51
808 176
828 147
520 836
407 349
231 562
780 270
467 125
788 769
987 506
240 641
421 596
206 410
154 113
482 578
124 807
126 365
384 502
577 939
514 128
680 168
934 749
508 420
898 146
441 485
225 398
979 869
284 885
582 322
401 951
634 917
364 59
180 565
695 150
94 983
12 511
189 801
245 869
868 841
113 856
403 236
976 218
685 766
669 281
82 597
752 881
289 213
787 338
853 9
774 858
26 992
545 388
303 508
240 436
592 921
665 995
226 763
564 279
409 733
164 677
610 597
352 845
756 971
378 145
621 435
626 459
916 635
847 785
151 798
133 383
687 696
544 442
672 239
85 22
179 465
165 174
312 750
575 663
388 323
122 13
909 351
910 200
105 241
257 664
443 693
830 803
908 921
247 919
74 507
311 506
349 163
114 1000
44 727
559 80
680 891
959 746
457 66
407 820
782 672
487 800
666 441
867 536
61 433
232 877
306 312
461 422
888 376
559 295
690 402
469 973
720 849
112 582
793 939
442 187
6 968
667 910
199 759
664 952
681 638
661 1
512 764
664 807
58 122
228 942
275 965
12 607
215 160
950 61
747 345
918 718
246 905
319 87
266 417
104 361
351 535
480 917
981 571
513 785
273 532
458 536
655 175
397 619
949 398
806 265
190 34
583 13
104 319
240 303
467 935
484 339
955 898
995 209
853 211
284 82
252 734
259 372
523 727
47 253
532 623
327 157
499 776
902 681
212 419
433 394
201 694
438 677
406 455
500 486
887 282
247 635
507 726
221 348
888 583
638 392
182 553
623 893
596 239
62 647
176 722
563 926
66 730
361 730
608 565
182 472
850 398
373 291
546 887
977 797
883 490
560 259
887 862
92 124
426 696
651 289
799 121
343 301
455 368
523 428
659 667
914 976
310 201
148 156
759 794
560 244
519 12
617 118
55 876
107 852
73 964
772 952
510 659
868 769
835 88
564 570
674 70
661 429
823 367
377 580
229 939
184 36
95 950
688 596
172 701
51 308
187 820
668 189
84 436
138 533
179 408
566 516
805 372
747 129
467 556
112 611
504 543
75 232
573 490
294 842
26 412
27 77
545 904
359 304
640 932
970 151
329 357
256 957
648 495
577 31
374 471
526 464
89 677
754 657
380 509
746 513
763 421
306 158
115 594
41 859
577 313
103 13
35 309
943 269
61 505
13 374
179 626
440 937
992 239
905 988
582 212
965 212
253 194
845 574
278 460
497 656
131 516
263 3
860 93
110 548
828 675
12 400
824 758
146 926
21 430
973 550
902 489
300 411
485 145
124 311
931 267
755 79
451 151
462 643
582 656
436 794
518 168
242 25
793 479
727 417
432 577
531 719
463 835
471 288
627 438
927 163
461 458
467 885
178 704
125 15
113 925
618 622
378 267
454 940
769 608
934 410
683 166
575 412
445 167
137 206
416 915
768 440
237 453
631 149
122 135
786 52
933 803
381 998
187 961
792 605
554 152
687 788
389 561
621 240
877 997
456 958
610 771
633 738
45 564
786 470
368 233
540 233
444 54
753 172
162 867
288 554
734 51
665 414
296 997
739 347
224 762
391 494
305 873
639 242
841 271
221 53
233 921
409 187
887 992
504 247
909 254
487 470
418 699
149 825
337 425
909 847
180 865
404 873
468 139
486 229
289 575
605 113
245 775
888 59
816 296
600 623
966 546
737 298
591 179
391 963
253 456
401 839
458 944
955 485
87 65
324 373
237 980
992 311
663 996
333 449
262 967
76 315
284 651
581 683
323 183
342 369
396 825
197 655
333 338
87 167
811 43
173 293
976 505
298 29
501 562
527 396
89 176
215 688
271 639
797 150
694 518
94 306
574 120
133 382
192 726
501 340
247 303
491 290
219 431
887 384
31 692
911 344
783 325
454 197
943 3
306 68
314 587
900 310
387 413
27 930
626 891
227 555
49 319
144 21
205 948
905 826
419 817
395 868
947 403
70 294
897 762
680 246
329 866
500 71
2 945
50 901
253 138
325 269
350 968
510 267
595 227
281 367
432 205
509 977
680 419
497 553
477 686
962 725
944 104
325 433
915 9
618 482
102 723
512 283
987 59
290 457
328 876
629 738
484 23
432 954
34 962
954 787
849 79
480 918
209 296
697 419
1000 205
341 859
933 679
38 789
761 928
777 139
225 966
378 464
485 540
824 234
551 73
40 697
256 406
241 104
579 128
7 667
730 28
415 858
584 96
443 193
368 373
419 254
539 574
5 502
744 444
321 33
702 971
109 194
238 926
810 231
601 154
782 65
935 905
23 359
830 845
759 185
446 634
892 542
251 398
680 662
866 161
813 998
170 632
335 294
407 117
28 334
657 122
817 208
883 862
675 433
680 948
678 355
538 318
776 487
634 423
504 192
676 128
932 234
36 39
165 645
126 808
287 118
646 754
149 881
352 99
957 538
615 994
549 496
54 822
185 581
438 145
258 267
757 381
758 558
927 55
896 393
20 881
993 863
444 657
447 338
529 541
491 662
430 727
866 284
661 89
864 859
132 649
24 18
695 67
414 203
453 879
536 493
646 918
8 518
82 651
48 263
855 4
949 910
20 181
280 346
637 309
618 760
325 146
413 779
778 328
701 147
220 803
357 8
928 164
294 828
414 647
223 29
540 881
706 105
673 336
292 664
804 942
307 206
153 756
575 345
685 991
666 570
79 739
260 847
321 815
729 90
207 335
134 947
732 702
820 634
225 654
743 286
936 58
311 338
666 335
577 312
600 199
908 128
676 164
144 93
932 14
241 991
457 234
594 989
352 400
939 974
905 882
927 501
624 332
400 774
846 146
101 396
905 963
31 81
642 22
349 686
124 401
206 201
427 748
600 404
3 577
958 759
564 842
871 894
2 667
979 681
984 785
803 375
987 242
751 149
471 347
67 48
985 981
177 560
829 860
404 377
613 229
85 572
197 491
697 186
881 693
254 689
458 718
595 727
85 429
489 512
864 564
186 544
425 296
357 622
548 886
532 339
551 17
185 360
118 478
707 303
123 52
825 312
113 254
460 357
942 993
853 138
691 291
801 295
948 178
880 344
792 606
499 850
977 678
373 821
336 941
376 748
511 923
203 346
614 888
796 237
729 182
342 1
142 267
256 922
666 641
408 689
528 674
862 5
117 437
183 953
732 988
183 843
650 876
272 162
887 995
357 596
675 691
993 52
520 932
38 803
448 975
514 158
953 678
872 946
357 822
340 580
715 912
42 798
395 438
508 277
145 835
223 866
918 966
831 611
816 184
121 572
837 286
214 778
495 126
905 15
850 923
941 368
413 261
64 377
317 649
57 405
885 691
764 804
102 647
910 624
90 215
586 864
806 973
95 602
793 442
777 797
262 855
391 625
603 31
307 586
471 711
725 544
872 44
66 511
512 205
677 653
74 978
208 841
350 959
782 328
811 699
769 579
365 226
460 314
578 501
27 377
670 413
639 716
25 66
259 282
929 758
334 877
192 838
788 572
247 992
909 349
527 210
967 344
749 414
805 412
164 276
130 644
916 859
455 31
494 843
235 937
370 832
319 399
240 961
884 554
222 177
596 358
852 200
11 536
583 168
17 143
400 17
845 984
176 552
429 154
909 144
72 617
89 525
408 427
316 268
818 202
451 527
396 436
628 725
711 279
685 378
387 715
997 568
177 35
869 568
589 670
877 2
702 967
885 339
724 855
909 963
714 365
20 862
6 857
82 499
211 749
665 16
777 718
480 730
156 914
29 649
251 537
90 905
767 625
607 920
774 237
668 864
449 574
46 904
565 664
432 812
396 847
664 199
556 45
685 847
299 28
577 863
688 332
401 477
864 525
471 600
240 466
129 671
369 50
939 234
584 823
303 259
269 431
713 969
740 406
317 419
299 728
730 140
843 999
56 435
294 989
725 407
217 224
326 322
477 814
722 939
672 124
764 6
89 478
52 726
291 566
862 163
221 297
477 863
922 764
156 692
16 271
605 579
416 553
45 434
994 218
973 886
174 976
247 746
197 465
326 255
18 708
771 30
614 610
821 305
191 995
305 944
592 412
809 352
519 565
866 883
23 810
653 175
770 77
476 46
97 423
816 403
679 521
227 804
500 669
68 352
605 7
310 429
955 56
573 489
153 486
447 716
803 124
107 667
881 844
453 443
400 569
315 596
233 856
371 94
451 531
64 630
319 262
349 517
287 804
825 645
550 874
992 402
497 980
684 440
261 409
565 587
267 824
517 744
993 568
372 547
409 607
410 768
488 32
270 536
237 923
879 28
868 771
174 980
617 5
466 757
627 476
403 38
388 818
564 427
674 183
837 921
324 620
219 701
998 417
511 563
464 505
565 176
945 496
591 972
209 582
450 680
476 680
536 985
772 556
925 697
307 126
808 441
852 802
230 586
804 653
218 942
93 450
274 668
187 645
98 56
634 230
961 894
416 565
808 215
277 636
212 167
953 943
849 782
405 280
293 757
117 238
432 330
529 188
699 268
934 629
793 839
687 295
322 965
957 573
500 952
282 375
989 851
140 889
14 806
665 174
884 38
702 308
453 186
745 376
637 698
193 961
91 282
608 928
935 527
681 948
23 669
372 353
444 694
968 40
242 821
182 333
551 972
37 946
78 294
279 981
694 648
612 349
3 911
464 37
49 485
980 949
267 905
551 818
361 283
321 349
433 955
750 438
475 724
688 483
686 882
47 992
985 359
512 944
901 97
463 657
929 888
89 203
896 543
818 528
344 439
821 939
201 530
308 274
56 363
44 968
9 667
621 238
319 406
403 623
249 239
800 233
585 581
605 538
647 43
921 587
335 281
47 405
236 306
58 958
40 93
114 850
373 199
376 341
31 897
88 329
80 257
37 304
149 726
577 283
913 330
675 690
474 977
935 892
870 787
852 506
157 950
254 52
510 130
668 255
849 532
430 963
1 225
3 559
996 604
564 952
67 352
824 805
760 119
85 780
361 236
569 599
751 315
347 1
20 921
846 101
957 188
802 215
430 259
253 439
272 730
21 305
205 52
103 725
803 739
987 78
111 190
521 438
684 166
172 978
765 333
307 589
573 275
555 147
665 631
668 594
744 216
512 206
141 741
848 54
702 209
333 690
100 131
800 841
104 198
88 715
215 690
476 882
204 161
425 148
891 121
465 106
517 117
759 38
652 732
448 322
52 844
550 199
114 517
353 475
305 600
322 470
216 77
2 472
661 935
810 291
279 36
687 923
100 711
265 622
128 70
367 288
554 812
888 558
836 694
502 326
382 824
757 212
995 707
27 853
600 17
49 317
340 276
400 929
519 976
261 992
5 886
745 645
197 30
590 543
520 247
258 434
6 572
357 984
693 798
175 555
606 773
477 431
779 333
514 18
932 293
24 282
428 4
391 912
984 940
825 616
927 972
336 363
814 290
85 800
410 698
183 387
632 205
193 468
924 667
494 996
391 713
141 907
146 631
351 549
313 30
258 873
30 413
323 149
986 511
418 355
276 773
629 657
337 881
525 886
244 804
218 20
551 250
399 121
241 157
613 909
409 297
583 549
730 107
622 181
113 91
55 792
332 387
462 778
247 48
194 444
626 411
496 188
194 303
89 3
678 933
632 871
869 582
374 44
126 669
848 975
598 255
1000 538
654 61
895 939
108 15
65 324
897 509
257 618
442 550
614 656
406 437
227 760
802 558
296 959
98 375
260 299
453 247
182 479
329 57
790 158
337 943
536 144
515 149
191 253
153 116
515 290
684 667
372 159
928 941
20 883
917 491
974 244
189 900
116 228
944 391
284 952
883 186
647 199
318 715
360 349
659 202
422 613
3 773
704 694
544 859
734 626
284 459
232 151
470 881
311 967
574 619
622 375
418 391
939 43
65 986
753 254
273 132
950 331
428 707
510 963
907 951
838 985
674 918
969 798
109 19
575 458
835 409
530 185
288 180
861 649
661 765
354 77
665 875
598 168
217 195
861 570
228 627
541 456
283 504
235 995
930 833
787 952
130 333
369 537
852 146
305 753
322 689
70 51
334 580
140 133
568 696
793 725
978 683
407 889
267 266
141 301
236 749
310 364
572 119
442 284
633 7
463 390
514 184
382 82
224 906
757 430
328 652
410 417
823 215
992 81
497 661
573 524
102 44
620 553
324 126
290 186
733 198
931 200
167 736
918 824
613 432
832 569
997 849
465 448
727 424
528 210
732 2
293 858
354 856
710 585
684 44
778 185
963 127
730 670
967 671
270 501
362 634
111 165
424 805
8 548
266 356
51 710
21 123
901 334
341 785
858 109
821 103
907 578
251 12
734 619
403 291
12 681
502 959
982 117
711 329
146 3
210 155
596 767
338 596
104 393
805 277
496 83
403 513
373 819
100 605
853 121
568 391
765 177
914 143
787 871
424 415
153 583
80 545
173 636
675 966
469 497
681 57
934 805
369 517
596 332
355 502
249 95
122 471
288 557
843 285
738 45
888 642
784 845
692 590
951 723
352 463
914 274
157 810
253 897
624 283
261 280
847 403
633 35
634 332
841 481
603 951
516 562
205 751
357 820
488 957
250 708
931 125
325 278
988 122
680 315
850 810
883 340
348 727
927 983
685 54
119 798
874 113
430 563
125 425
567 54
608 77
441 346
738 704
281 257
985 789
638 121
31 341
234 355
613 293
564 735
655 512
713 610
510 607
561 859
64 861
158 251
683 328
280 357
302 998
893 375
807 171
199 502
7 547
124 171
78 428
916 289
403 462
197 699
557 593
318 223
48 559
535 914
528 303
375 395
345 76
454 798
293 404
943 302
449 190
696 233
606 428
398 881
183 344
637 968
792 700
110 919
868 495
16 22
420 888
807 636
921 693
44 828
460 617
282 889
738 144
352 653
364 582
236 279
353 21
303 581
761 316
501 640
691 253
932 241
348 1000
871 460
97 40
814 245
36 157
644 604
346 121
831 850
720 139
15 769
272 379
216 721
444 537
150 216
276 450
97 379
698 14
504 355
529 566
798 289
625 909
258 580
977 356
45 268
963 281
31 329
458 979
572 611
121 847
555 464
39 195
367 214
450 107
277 160
501 832
467 976
945 736
488 85
821 445
548 603
716 786
464 494
66 430
637 165
217 810
751 941
717 205
320 557
484 880
433 962
217 859
546 678
518 401
441 675
596 849
58 276
911 66
184 251
856 746
78 731
248 814
999 645
881 46
222 486
518 691
756 858
117 724
924 126
545 887
764 381
947 903
643 414
514 38
776 61
127 789
652 592
264 273
504 630
992 667
493 578
316 93
870 668
283 396
639 337
370 272
919 27
26 166
546 913
139 589
965 841
69 260
400 751
680 951
892 306
662 891
865 365
645 615
945 277
249 896
253 984
685 459
278 995
779 650
654 638
676 18
842 230
935 775
707 700
524 94
905 932
49 58
50 981
127 705
386 499
297 820
319 435
84 532
824 879
915 664
572 801
570 462
516 808
385 314
906 972
154 617
215 64
971 814
625 925
557 213
480 599
778 130
708 71
871 565
177 521
307 742
949 859
107 840
823 694
663 809
400 394
682 969
4 733
647 373
355 803
764 221
982 140
17 606
185 480
461 435
523 440
801 62
195 731
33 148
342 158
803 920
954 532
938 113
21 955
78 644
687 542
782 262
490 888
159 973
943 369
1000 345
922 703
910 106
643 621
277 823
957 149
303 7
509 410
397 510
787 842
810 290
921 764
518 558
726 845
862 157
536 761
352 710
745 913
709 758
31 542
197 290
880 108
643 152
947 302
195 64
874 166
314 753
81 666
559 389
440 839
97 80
278 911
126 197
879 521
112 188
738 475
832 796
918 324
966 683
206 204
561 451
448 644
379 680
453 867
806 943
609 479
883 808
295 430
354 998
816 159
449 986
251 594
547 1
381 235
589 390
928 680
512 343
785 805
985 515
609 697
93 584
635 629
765 54
587 826
812 393
261 157
981 471
786 620
894 533
199 449
77 933
631 450
890 712
617 368
677 662
865 926
532 93
349 840
747 898
881 404
94 459
895 703
95 39
702 21
977 522
282 576
501 380
914 125
109 135
937 164
280 342
298 470
628 824
627 871
957 42
72 658
179 150
236 413
355 536
899 241
592 397
424 47
111 771
942 305
981 277
878 903
594 666
334 673
762 164
525 200
981 390
801 864
767 437
623 945
628 589
554 616
684 943
757 111
554 545
65 926
304 419
710 95
692 766
870 785
121 374
184 956
118 581
358 468
625 791
188 627
780 847
249 523
175 887
418 8
236 775
297 925
390 98
940 20
163 422
618 394
67 384
472 752
13 524
294 409
721 899
833 713
975 562
724 754
788 23
683 331
492 433
368 623
644 370
920 822
178 736
512 192
130 863
954 605
226 756
816 598
781 732
341 165
783 50
877 947
296 506
169 780
591 785
122 820
13 899
285 958
659 113
668 225
999 753
800 41
810 158
518 615
207 482
725 97
892 502
530 17
571 839
535 736
541 399
778 835
709 573
446 557
839 174
680 845
771 406
539 146
31 41
210 740
83 270
822 999
810 579
397 202
875 107
801 780
399 963
992 845
828 35
51 160
960 235
482 611
232 850
488 764
979 860
554 735
884 890
6 562
98 691
563 679
470 687
969 220
147 331
223 941
166 920
851 332
324 724
58 404
336 734
747 493
750 577
685 938
358 722
819 796
847 939
699 242
738 852
320 913
542 860
817 323
360 498
950 417
129 833
95 554
650 421
691 819
360 1
324 740
551 871
774 2
632 93
413 442
307 939
473 343
915 168
901 389
117 768
32 338
824 650
320 153
553 976
492 292
545 20
269 428
97 685
351 112
855 759
963 626
910 399
640 703
40 987
97 542
313 585
132 11
460 424
189 230
155 442
1000 653
30 199
184 474
488 154
192 933
579 563
1000 540
361 786
584 859
574 378
88 229
326 99
204 651
911 417
818 907
247 743
583 137
239 695
889 102
799 433
231 51
491 846
577 705
465 687
671 651
174 177
241 896
587 202
83 249
818 380
766 414
611 655
228 617
872 261
418 961
210 404
789 190
84 27
324 427
721 809
138 83
12 632
915 633
25 963
450 368
342 322
698 474
935 475
45 757
392 425
802 396
752 815
90 138
203 921
129 990
428 558
216 604
488 449
272 962
630 691
228 387
677 874
712 496
301 358
755 434
623 34
479 18
456 716
415 826
252 648
949 286
311 885
386 556
406 555
796 487
566 116
469 249
644 179
616 266
325 986
612 443
53 913
960 279
164 303
772 174
313 839
633 698
575 571
62 586
857 770
666 728
207 248
482 969
382 886
130 109
666 331
818 62
512 893
268 35
552 110
127 902
475 417
57 182
982 868
399 680
974 820
709 73
68 327
20 674
799 88
837 405
654 885
381 121
275 596
78 11
154 987
319 295
305 413
200 181
98 685
113 596
936 521
371 940
119 602
764 941
176 142
655 558
927 821
295 143
501 918
444 919
232 245
657 602
424 807
854 757
471 319
823 522
385 592
209 372
364 656
189 290
664 288
722 554
686 881
835 345
892 158
90 384
492 364
184 197
973 507
613 852
155 324
321 124
75 429
386 560
341 393
759 95
16 127
544 404
101 427
364 965
117 651
317 89
454 974
526 151
31 735
514 679
273 19
607 40
924 470
800 236
359 339
772 130
467 146
984 488
628 991
365 719
648 287
408 548
745 797
67 809
339 76
467 3
527 521
308 849
438 896
109 193
29 458
527 702
261 571
839 632
220 200
511 475
820 491
637 633
908 55
90 546
548 30
362 9
650 586
408 369
837 504
125 310
549 436
951 96
699 11
276 296
978 62
896 656
379 695
271 631
977 382
437 140
202 771
439 978
262 186
345 613
276 253
333 508
715 161
134 247
617 49
194 770
232 209
146 673
115 316
868 966
264 684
462 531
925 137
977 848
206 532
816 760
449 481
912 903
621 651
323 472
756 955
949 436
837 281
977 843
69 857
730 5
753 236
458 448
477 548
495 94
523 592
599 293
986 858
15 212
130 638
95 26
801 455
108 407
252 958
701 358
891 775
212 405
624 893
877 357
718 923
809 989
743 636
107 230
658 156
342 643
454 73
495 663
39 929
832 153
64 51
980 1
321 792
676 282
640 784
245 605
365 691
370 799
596 209
500 174
41 918
806 831
154 95
762 296
782 597
348 921
149 856
480 1
867 623
111 682
77 454
519 755
634 721
854 774
466 191
999 491
50 958
805 574
441 267
755 20
72 41
551 691
515 489
440 717
21 112
393 761
232 303
430 700
349 948
371 868
108 785
159 407
578 529
775 201
781 908
302 5
712 247
828 821
319 930
301 723
930 261
109 266
750 281
661 403
721 136
411 453
492 293
420 730
402 61
869 353
156 204
398 49
899 524
937 449
26 736
722 645
616 128
304 962
691 750
986 830
829 324
545 885
910 63
881 189
826 790
386 875
494 760
528 960
356 761
251 389
92 903
829 38
714 870
252 809
364 307
563 119
641 897
948 571
788 848
308 922
149 666
667 213
376 400
286 541
35 287
221 120
227 987
546 881
5 197
876 436
589 813
715 638
420 338
538 221
978 484
432 384
306 425
749 851
254 115
349 325
611 654
921 257
453 190
970 1000
362 976
589 527
145 894
96 236
225 456
353 755
822 447
292 586
923 824
319 147
512 333
659 526
453 729
239 72
849 140
194 987
330 468
792 28
636 291
929 133
492 619
165 426
186 678
704 855
462 587
518 344
463 336
38 810
76 249
313 281
649 407
426 24
233 530
52 114
859 354
858 818
790 928
39 340
227 204
66 82
985 440
293 473
481 617
578 57
209 698
672 190
963 593
934 82
204 891
834 222
446 648
593 653
93 429
957 4
955 914
909 353
397 77
532 760
352 728
207 330
688 918
507 648
805 33
878 856
634 452
796 987
245 627
841 230
931 51
477 242
551 714
338 152
339 145
361 329
288 849
130 140
760 129
957 569
968 450
344 680
823 208
736 250
757 348
171 585
210 241
266 815
646 285
146 777
617 826
547 3
543 102
777 522
779 116
961 536
157 312
107 921
436 881
897 225
367 155
75 217
608 369
699 938
938 430
370 92
581 578
967 553
536 125
77 931
146 348
368 184
259 519
260 468
812 681
688 487
782 369
187 398
844 26
521 201
184 394
941 860
30 517
95 241
744 813
728 434
963 589
322 351
701 321
815 973
818 671
88 896
721 866
574 160
723 614
120 529
136 278
249 243
253 715
344 217
923 233
853 344
306 45
515 931
22 948
757 252
919 190
463 65
836 749
212 199
430 122
749 616
733 355
326 827
697 821
634 472
157 807
913 765
163 490
455 882
758 841
390 695
373 485
888 124
884 919
656 552
172 507
154 426
693 695
828 750
741 667
667 552
392 806
465 400
653 469
12 291
361 71
93 648
719 884
833 941
685 68
79 469
796 893
909 700
987 164
842 609
38 694
323 44
819 388
413 35
894 676
972 790
954 889
557 428
318 480
983 502
877 655
242 134
225 956
47 531
599 198
603 131
566 309
246 753
86 110
19 163
983 489
264 26
119 18
930 215
180 150
490 440
191 96
973 623
763 39
17 471
273 470
365 511
368 45
277 877
446 576
862 200
94 86
98 13
170 654
999 977
684 731
516 221
221 369
740 884
848 517
482 799
129 535
451 724
641 520
588 767
803 521
504 244
980 113
975 190
729 439
718 549
19 829
171 866
239 553
690 58
140 991
509 280
435 685
520 581
802 563
234 17
897 877
22 334
922 200
729 706
803 71
309 658
185 924
187 250
888 93
124 663
145 631
552 724
510 412
3 668
8 818
685 936
941 318
158 56
31 330
73 576
738 850
333 14
6 124
394 146
488 201
287 621
237 946
204 317
367 211
650 50
264 841
697 418
589 63
794 885
180 835
711 492
621 828
972 24
576 503
411 776
565 167
650 505
786 852
255 513
847 845
712 664
229 658
344 452
914 48
386 761
499 864
598 128
411 86
599 441
326 327
330 906
22 972
530 258
117 322
924 488
86 455
913 121
221 292
379 349
188 403
896 980
231 892
489 101
642 379
455 532
224 342
206 426
278 119
568 527
314 843
666 484
705 394
230 495
858 908
714 424
559 704
763 877
117 719
144 277
698 932
432 46
120 116
653 396
729 734
180 982
471 209
556 345
79 284
689 120
907 1
340 1000
159 340
326 719
718 253
712 54
987 236
617 127
255 369
693 306
125 176
567 281
99 182
647 481
73 862
80 110
1000 47
99 883
51 543
968 973
570 769
972 941
80 253
355 949
854 457
610 677
169 825
797 167
708 518
363 511
270 89
41 375
574 939
846 652
744 818
502 966
1 897
700 517
907 393
98 211
355 224
838 767
730 284
970 271
994 409
957 3
705 42
365 386
227 314
30 859
970 158
679 634
772 168
107 161
131 945
773 514
631 754
376 318
490 330
139 507
195 53
44 436
629 804
923 475
338 153
603 943
303 565
384 401
899 338
956 257
10 503
637 708
49 91
18 700
185 619
629 864
686 217
928 973
818 497
642 131
699 94
287 584
48 380
851 267
301 854
891 359
124 735
200 654
859 788
509 915
592 676
579 373
465 85
376 984
192 119
713 511
148 484
698 13
516 926
276 219
6 68
372 524
659 410
471 328
993 712
133 847
156 480
564 485
674 101
252 89
568 658
830 352
142 806
109 526
27 482
962 219
820 173
553 558
56 18
332 455
333 538
49 264
924 131
321 114
468 775
398 238
221 985
422 208
209 677
302 394
308 287
188 373
892 493
28 285
108 83
347 977
98 473
745 882
282 144
675 603
676 480
697 971
1000 884
161 506
308 851
58 554
645 700
315 201
724 91
474 951
448 854
656 139
639 72
983 762
951 348
935 891
621 659
546 694
585 132
70 332
137 923
120 61
961 665
11 15
824 810
343 466
241 680
850 2
323 470
381 140
238 367
348 507
431 371
495 388
801 928
513 99
642 905
545 119
868 881
905 813
270 469
197 667
327 732
297 702
195 374
380 170
734 809
237 239
661 381
649 349
423 862
955 245
503 44
730 912
473 489
278 888
920 680
575 40
977 841
411 815
602 86
506 355
126 904
894 790
539 555
155 290
269 278
731 663
414 705
878 362
842 343
369 874
317 10
910 33
911 776
36 630
420 789
661 817
494 738
961 31
892 497
566 886
274 334
334 998
524 626
959 653
819 22
268 304
197 342
291 913
174 958
467 176
705 316
215 361
196 673
912 242
182 500
364 495
550 148
117 161
448 946
311 523
295 700
41 549
173 32
837 73
784 75
141 450
698 897
484 433
723 46
559 668
788 684
747 340
710 856
785 567
241 763
439 786
577 949
671 71
713 341
920 345
495 43
958 689
996 460
558 335
707 883
928 868
910 820
893 68
949 978
717 278
512 705
737 440
776 960
133 741
355 557
942 583
449 560
565 738
432 802
979 827
676 525
208 185
731 55
539 888
872 511
105 464
983 405
198 695
131 183
114 414
264 985
581 894
356 167
284 388
855 863
590 408
556 728
192 619
490 768
768 456
271 303
243 668
230 838
821 893
511 891
522 698
943 462
772 239
805 297
556 172
113 265
938 842
578 245
193 145
122 41
361 791
213 862
182 775
459 754
687 954
190 614
396 225
777 191
701 106
758 101
56 977
66 675
754 756
225 2
978 704
61 380
615 821
533 514
610 407
577 710
745 612
67 624
452 958
201 250
365 951
421 997
452 520
582 224
175 714
125 267
197 142
415 219
756 147
281 163
376 223
604 479
788 662
202 615
811 543
24 379
485 20
286 223
471 65
475 2
662 298
978 151
349 822
584 226
681 892
461 252
389 367
472 614
233 869
128 503
332 149
349 775
981 630
11 386
638 663
994 995
21 741
834 792
318 441
467 865
108 739
131 190
194 850
446 477
113 122
935 139
726 244
414 654
167 577
75 386
94 354
95 975
316 936
373 681
744 819
247 128
29 461
179 480
620 183
388 380
652 737
494 973
470 32
484 914
709 609
965 759
627 983
350 437
628 602
282 189
874 563
50 433
602 578
714 152
463 111
374 350
804 361
93 254
25 735
261 914
153 825
101 723
407 884
69 117
36 66
275 778
921 316
957 710
406 180
27 641
254 2
990 406
258 375
445 793
638 356
851 778
475 320
171 587
723 486
745 354
448 664
267 124
36 439
239 136
492 788
328 973
863 807
8 971
483 555
547 914
968 189
660 211
298 590
483 440
769 301
691 876
124 45
368 583
649 288
996 73
63 402
321 343
566 942
360 235
935 222
579 176
561 621
191 318
138 626
638 621
218 376
790 834
256 597
565 158
317 720
330 737
882 818
938 992
497 272
501 376
428 962
206 146
565 148
916 991
244 670
895 604
264 350
908 543
446 682
142 355
238 712
795 183
463 813
748 237
990 54
972 485
352 742
939 756
834 450
663 229
60 30
425 655
163 253
359 597
75 635
663 90
850 447
447 991
383 265
314 768
7 295
487 351
453 347
348 39
497 731
996 715
84 729
747 363
231 858
435 881
280 942
478 817
979 876
139 85
215 294
508 300
971 908
254 792
606 589
868 540
172 27
118 132
301 953
711 966
533 780
767 602
920 362
661 41
591 296
462 372
910 968
486 600
860 351
163 953
147 284
333 505
869 7
409 537
917 754
472 611
567 320
648 678
218 257
423 200
211 691
693 154
198 840
436 117
128 302
186 604
155 519
265 75
161 426
734 953
950 618
242 279
961 323
337 553
798 846
161 283
289 462
553 521
298 148
209 631
853 198
212 690
88 832
42 591
879 832
971 780
393 457
674 586
92 783
459 888
558 724
143 546
458 48
140 356
623 755
122 500
892 720
880 168
97 776
10 731
836 707
581 753
781 126
969 486
788 814
41 923
116 377
943 990
303 639
934 695
847 114
150 134
357 962
488 527
604 325
434 589
823 229
699 443
441 415
495 852
214 287
210 36
375 738
84 765
743 691
897 924
992 30
798 460
840 194
968 23
859 204
5 603
974 13
354 938
137 656
529 698
181 327
925 228
901 709
738 848
81 51
515 959
926 35
636 633
163 597
113 738
739 690
944 926
506 563
582 720
234 610
720 293
773 293
901 368
967 259
709 658
459 533
564 478
713 656
751 936
845 403
665 597
423 893
247 409
513 665
364 731
751 793
422 63
26 892
388 123
65 786
813 91
797 81
513 522
700 908
916 689
404 124
811 301
852 567
853 218
990 133
284 171
982 438
144 542
52 959
551 423
844 435
614 985
522 699
460 10
284 218
934 132
616 417
28 215
930 269
753 888
968 936
772 182
614 827
436 70
213 974
969 672
558 978
726 516
16 405
453 808
131 996
811 18
377 190
91 878
657 412
145 704
131 885
741 878
188 866
795 266
409 123
476 228
435 651
241 900
295 675
244 57
941 237
763 879
289 526
396 294
221 782
166 952
466 158
175 698
684 288
6 828
119 733
814 871
837 334
15 518
435 982
866 852
724 592
46 572
215 95
542 188
393 875
176 373
972 652
635 513
85 544
105 290
294 308
705 627
579 70
138 768
838 817
216 544
648 973
869 305
156 188
753 216
790 935
846 611
575 99
87 581
697 497
57 914
133 301
341 458
566 620
364 989
551 331
247 207
422 385
217 197
916 939
773 878
957 1
230 589
52 689
917 883
867 236
631 863
559 162
66 533
748 25
456 90
550 483
718 833
439 352
482 965
211 129
88 372
182 514
553 174
735 690
115 255
724 65
469 682
572 13
176 589
667 803
814 54
211 479
763 666
747 241
639 39
884 958
602 402
318 828
870 249
474 742
22 372
480 443
372 249
767 976
52 894
774 386
372 360
413 826
585 345
15 538
661 20
998 383
301 997
264 161
876 863
793 309
280 224
889 668
447 92
405 438
971 606
720 350
150 869
548 664
842 957
510 775
204 470
997 287
820 824
200 629
42 408
117 964
119 154
507 252
803 955
77 253
478 254
964 110
795 168
570 517
829 280
703 291
905 248
503 281
329 558
757 566
60 330
182 777
348 589
222 50
129 809
521 767
476 425
259 85
762 62
943 231
583 188
587 185
504 400
554 849
173 280
430 947
439 501
357 604
893 634
857 572
966 494
571 506
898 70
628 761
109 177
150 251
633 37
67 587
24 662
435 624
851 203
107 715
699 15
183 150
167 557
496 834
867 853
524 242
672 837
965 320
789 242
758 665
651 241
979 732
564 822
820 728
395 319
257 306
779 149
894 344
168 770
149 434
971 634
480 983
940 311
906 227
475 786
428 611
678 583
242 133
372 768
983 352
860 749
330 544
869 329
734 585
166 21
812 543
445 194
672 138
781 552
32 41
730 176
626 449
990 870
39 750
247 843
643 424
700 719
5 699
136 422
763 169
184 434
347 910
496 452
596 511
83 676
790 224
250 191
966 153
948 444
363 116
899 208
496 339
424 240
727 964
672 310
197 485
415 306
454 476
594 635
22 240
417 714
589 948
71 605
348 998
24 980
173 141
598 662
732 924
421 975
7 266
541 974
72 847
684 686
131 566
561 445
210 37
214 677
586 856
515 348
383 514
968 24
879 290
804 33
560 194
813 240
745 202
357 52
413 617
181 326
555 441
936 709
423 393
831 284
559 877
547 941
198 907
931 458
237 943
185 236
119 399
998 406
655 915
787 267
699 368
497 147
298 964
9 143
564 479
51 516
17 628
843 544
73 816
460 112
412 243
734 922
437 672
762 579
639 795
494 418
77 586
778 703
598 842
424 255
401 128
424 319
133 345
174 655
144 743
838 662
51 192
235 879
625 219
588 937
806 112
826 786
520 89
459 871
44 911
156 797
605 554
329 375
38 345
649 900
191 821
819 116
767 362
659 111
117 97
45 644
84 973
657 403
787 752
704 82
649 759
600 355
433 76
882 295
868 287
7 366
90 725
910 237
21 27
550 896
598 96
132 973
187 170
188 577
798 414
822 256
755 863
993 854
667 533
173 666
86 527
825 653
822 450
153 264
285 283
430 732
380 927
385 429
699 117
389 365
779 221
871 563
450 333
487 810
825 879
72 93
868 779
320 865
180 277
96 556
963 934
657 759
630 692
21 596
359 870
110 414
837 786
984 163
308 480
597 422
299 687
708 513
587 336
245 942
853 376
695 773
27 313
264 213
528 770
558 536
749 60
551 330
496 46
973 564
602 302
606 366
476 599
463 843
505 65
291 986
256 951
331 461
151 62
452 623
489 351
382 1000
425 657
326 44
340 484
183 894
221 39
258 83
323 619
729 492
287 204
861 247
864 325
790 189
178 301
843 169
283 103
228 699
407 596
727 579
98 111
89 879
474 743
239 709
168 634
866 625
336 524
906 648
451 237
987 303
751 446
441 327
371 2
211 685
712 966
750 514
641 478
771 591
495 109
65 748
766 232
16 604
418 192
133 827
150 651
190 420
390 154
121 777
788 121
55 522
78 345
775 269
264 693
259 242
270 367
143 231
627 384
263 590
485 458
697 50
745 848
386 93
77 816
163 331
143 389
730 221
894 840
187 874
574 74
128 727
136 60
303 176
17 495
365 279
496 74
792 679
479 275
687 798
891 947
218 523
402 434
866 143
136 282
874 642
164 328
339 994
677 54
83 489
250 378
235 226
553 137
903 581
177 173
365 619
867 630
615 972
743 27
470 645
948 797
776 609
720 864
385 41
885 326
582 910
528 103
823 892
148 376
500 779
637 342
305 291
822 456
971 910
589 467
310 28
936 603
784 28
168 741
813 139
870 452
747 395
742 559
755 900
183 439
996 442
524 465
677 961
713 408
954 914
578 518
850 803
335 665
708 133
669 10
570 226
780 19
996 152
725 582
582 131
551 206
313 228
756 568
939 104
868 82
392 245
446 8
103 947
911 198
270 250
738 488
294 204
557 586
838 905
677 517
950 539
43 892
649 60
750 180
950 906
754 267
38 80
41 332
526 891
99 66
706 422
688 741
843 830
471 770
365 507
991 91
98 150
390 302
791 566
770 570
936 334
455 270
761 447
801 548
948 445
511 675
114 799
120 672
373 50
637 837
49 676
801 650
367 357
662 854
499 708
165 915
135 946
178 403
171 582
787 727
913 332
857 543
587 309
465 726
512 937
784 78
567 845
589 661
291 46
419 229
97 259
776 674
63 562
780 154
193 784
106 83
992 16
918 776
478 787
478 102
908 310
920 348
258 607
675 146
536 364
570 301
851 437
507 379
859 974
953 133
882 293
422 704
78 358
372 583
964 259
949 241
532 79
347 259
367 844
670 181
703 587
532 62
716 307
226 547
869 283
446 36
412 204
890 180
492 290
720 69
4 774
959 238
800 877
530 314
714 687
930 480
825 270
203 174
666 778
259 720
565 412
123 503
161 662
230 980
490 545
25 830
79 529
833 53
463 886
402 400
252 951
921 666
830 970
282 164
588 648
292 477
222 154
227 736
671 595
636 668
25 367
340 304
559 351
637 587
474 913
112 526
205 735
611 548
202 159
478 749
653 311
867 262
380 587
126 35
602 636
101 790
816 283
440 296
799 98
326 688
186 111
831 605
577 918
593 993
267 162
815 889
68 779
225 572
931 549
820 657
413 197
784 487
439 367
849 135
986 296
16 640
238 405
845 83
953 763
744 378
190 822
319 124
820 951
786 515
324 710
273 604
954 829
792 144
474 869
842 845
233 644
880 298
38 815
227 577
676 298
185 346
243 716
9 900
485 695
659 62
843 813
899 623
666 878
919 624
298 362
84 447
229 690
160 391
318 408
3 128
725 434
503 420
723 593
647 839
173 528
247 931
965 940
969 753
476 455
279 100
429 823
212 57
784 714
107 165
610 84
3 126
560 370
593 770
580 876
581 437
735 755
490 438
434 828
221 38
297 494
425 545
465 636
780 493
133 134
455 901
97 105
853 530
790 45
352 25
225 269
79 222
338 36
430 940
513 456
36 291
811 751
559 593
679 234
380 734
132 817
132 270
452 194
778 222
617 974
46 606
485 134
31 270
641 78
902 119
405 965
635 702
397 885
380 19
660 77
534 610
246 972
215 506
967 548
959 64
784 903
329 865
55 811
739 938
189 469
190 22
843 888
311 806
313 425
955 854
796 338
246 281
910 478
96 902
63 541
469 167
531 148
56 372
8 247
959 516
280 867
860 838
770 599
883 962
300 746
123 669
805 127
61 223
658 800
625 460
257 938
64 92
619 234
718 722
611 926
91 291
776 691
121 142
582 13
657 346
309 999
491 780
348 947
19 917
443 97
279 479
102 230
84 885
926 265
253 778
288 882
16 834
186 197
59 961
900 921
280 770
372 168
803 174
953 541
166 966
245 599
58 376
693 547
237 679
732 115
903 8
172 22
871 916
15 632
733 851
332 972
314 323
755 786
280 79
923 999
581 783
343 204
956 657
76 457
591 474
78 267
426 296
64 853
363 895
744 178
318 485
34 804
773 768
806 772
651 703
915 2
455 197
26 871
557 585
725 679
686 919
873 908
731 378
10 150
41 290
672 125
406 634
134 565
545 993
673 421
61 435
86 210
567 264
666 934
649 140
189 219
658 64
701 195
244 765
340 200
820 338
398 1000
317 232
782 914
904 828
247 536
359 450
986 664
36 935
643 217
455 559
496 676
706 619
729 442
107 506
642 259
790 139
353 926
266 575
989 105
850 305
136 883
877 583
249 718
234 26
785 410
609 62
708 294
467 255
512 601
498 59
951 66
370 477
866 566
48 89
672 867
327 777
188 669
928 888
391 792
302 225
946 83
54 242
310 872
385 327
794 557
778 150
816 45
733 552
275 368
81 65
246 901
570 231
177 630
34 985
308 232
116 589
502 674
413 435
78 513
229 239
747 946
531 897
788 63
898 976
42 94
316 529
852 707
954 803
17 660
74 591
611 316
21 784
399 915
722 895
501 396
613 46
280 504
91 596
792 625
978 888
562 635
924 118
293 1
98 187
284 366
620 340
877 323
71 140
312 186
889 269
246 146
502 264
442 559
477 182
830 602
176 639
710 252
948 513
43 954
308 782
684 991
831 920
98 268
173 350
766 679
288 732
775 577
558 179
316 298
512 775
340 672
88 441
931 991
897 723
914 659
537 372
993 138
427 620
33 917
292 914
828 316
456 155
684 291
870 50
599 720
67 291
450 425
603 661
309 354
988 856
517 734
202 837
756 300
479 583
747 908
85 700
306 500
879 38
536 504
688 147
372 676
265 166
830 329
228 59
873 810
810 198
989 836
350 978
261 67
618 638
782 415
30 640
644 388
497 415
657 535
30 531
881 113
477 614
441 560
655 437
415 944
201 636
458 149
61 984
248 705
835 529
620 297
303 15
197 878
420 809
778 947
87 789
844 113
313 840
32 860
687 90
636 562
710 329
952 625
899 42
151 425
353 206
157 940
841 287
788 882
496 748
783 882
590 557
723 140
797 877
728 822
177 16
468 497
966 272
201 154
292 807
888 80
22 408
371 230
387 525
742 299
870 252
883 269
733 596
965 216
949 707
396 709
839 691
254 145
550 930
935 944
737 169
206 212
337 347
598 958
825 574
220 432
295 422
722 78
443 403
941 496
216 963
231 528
120 223
487 618
146 914
821 906
770 652
523 16
67 428
56 987
988 828
699 819
523 97
484 67
882 680
765 462
309 24
224 872
726 475
485 359
909 285
167 223
899 791
688 270
846 979
540 650
119 151
32 401
934 406
369 240
688 620
228 317
195 588
217 4
287 745
296 405
619 673
564 38
35 816
661 792
744 441
26 597
703 445
227 460
209 809
250 55
412 330
550 32
273 20
383 241
795 139
905 479
981 172
875 345
359 328
622 694
772 137
773 720
61 222
815 53
676 493
221 408
630 158
634 115
672 668
527 534
292 101
299 234
64 460
175 363
823 364
165 578
650 994
867 632
172 303
135 878
806 730
908 46
747 222
269 740
560 991
561 406
559 647
687 434
766 473
197 834
453 488
680 292
310 99
718 284
817 396
138 304
57 547
805 660
845 935
618 99
600 746
89 643
521 706
224 718
818 994
134 95
318 648
927 790
270 559
366 148
276 132
299 45
896 25
897 368
111 192
4 526
846 781
958 843
124 77
967 523
513 768
716 265
599 220
892 74
68 516
829 599
433 814
86 890
351 610
773 112
276 568
388 18
670 392
594 598
553 670
660 678
990 869
991 52
294 940
460 444
83 587
461 589
787 797
536 539
633 537
412 998
511 333
587 120
515 743
148 900
735 64
350 486
614 787
53 78
905 507
212 3
965 715
878 568
457 508
294 537
634 36
46 142
529 80
433 379
679 654
538 302
960 116
923 376
598 570
819 315
842 120
594 521
91 519
185 575
64 296
282 403
301 469
28 691
603 893
306 301
880 906
611 522
858 805
289 614
111 691
112 627
441 419
59 92
380 656
590 775
568 995
721 692
228 972
393 172
960 910
950 159
188 670
851 454
641 4
551 569
717 273
771 649
33 308
180 653
693 830
826 251
350 725
336 387
246 922
247 375
532 73
346 36
275 480
179 588
631 493
958 871
320 695
209 437
798 799
223 273
918 225
185 316
425 365
428 864
677 551
750 231
624 597
910 407
499 512
990 833
938 932
161 517
751 616
620 341
472 199
553 404
577 14
472 332
843 335
738 123
460 789
853 282
321 633
909 88
782 798
73 200
841 927
781 631
858 999
128 610
274 992
135 801
227 960
767 218
336 916
54 770
573 510
928 935
819 930
989 366
979 808
176 11
855 325
345 644
73 661
326 705
882 641
693 395
738 880
941 685
621 883
509 747
94 811
884 393
225 796
843 624
788 215
483 353
910 678
217 781
824 291
588 260
632 576
835 357
769 535
77 666
632 687
407 489
85 255
51 97
805 359
18 91
535 578
256 876
832 395
649 203
668 33
100 931
583 950
731 579
383 220
772 829
773 874
334 944
136 353
856 432
607 902
341 296
508 195
244 933
351 899
724 367
984 20
639 380
16 358
14 753
454 392
105 816
71 62
563 88
302 44
89 545
842 33
457 5
295 797
757 146
534 85
724 77
282 88
522 289
54 716
870 32
6 611
318 849
525 445
88 406
288 872
3 431
150 322
119 927
45 24
235 438
755 655
771 914
665 187
277 69
245 625
345 426
917 21
615 280
194 684
197 911
91 388
988 910
954 10
183 428
115 10
116 881
949 789
931 310
642 959
882 280
573 958
708 172
160 906
108 848
159 596
388 906
760 691
82 611
820 917
310 627
424 958
944 798
831 55
506 742
488 293
731 483
643 773
898 998
411 857
811 472
137 249
735 329
402 664
815 353
29 428
566 765
237 329
511 830
203 505
222 423
244 667
5 323
838 733
514 703
308 660
420 846
536 687
900 432
173 626
164 331
438 638
773 735
740 518
486 842
416 620
25 716
574 389
153 879
321 545
640 474
112 362
918 406
386 219
79 926
616 810
196 730
219 619
852 269
31 168
876 507
616 782
670 193
866 673
296 810
192 464
196 504
508 442
14 777
932 308
935 599
239 314
41 749
650 709
420 257
159 133
597 676
789 254
93 641
101 182
375 32
747 396
505 873
437 148
720 528
637 437
504 114
176 305
450 176
323 162
696 712
381 488
243 507
265 253
712 338
953 523
325 396
187 64
427 273
122 603
872 177
878 18
464 282
782 340
86 97
769 607
265 296
51 379
89 44
604 661
109 209
825 352
99 71
877 204
199 992
593 541
784 303
526 123
801 584
621 199
89 462
606 293
672 475
120 675
391 432
107 111
491 557
74 124
169 211
331 615
829 252
374 667
491 861
885 5
54 692
311 31
675 68
745 515
619 502
585 170
966 345
665 194
828 282
860 88
800 19
660 451
475 143
607 750
645 973
903 217
500 874
950 156
515 152
574 32
759 772
262 114
54 240
707 951
820 559
342 319
223 616
727 72
124 483
588 402
179 401
238 528
74 875
494 324
332 39
405 733
119 169
486 613
425 364
722 746
796 357
195 856
533 706
998 839
123 27
986 151
437 733
352 871
114 378
167 452
446 637
907 789
711 267
967 157
667 353
647 975
263 966
236 56
98 185
703 500
598 266
855 665
53 655
863 242
829 62
776 182
304 695
752 53
880 122
221 430
793 328
671 604
188 136
653 82
432 346
456 336
572 102
52 614
794 216
374 534
93 270
791 309
135 177
690 424
840 261
162 753
128 897
435 831
275 978
999 787
870 161
836 849
249 601
567 195
789 197
205 318
461 916
985 810
858 600
180 588
827 495
828 540
104 830
408 751
162 66
806 667
366 226
884 283
704 641
750 324
72 299
940 356
800 575
674 88
949 210
843 627
618 604
220 530
613 69
280 423
765 266
472 975
149 637
700 847
904 348
798 888
587 711
237 66
534 790
350 867
332 474
406 945
961 270
134 608
696 77
218 273
471 993
131 506
294 922
960 578
155 480
321 24
564 76
680 577
610 926
80 779
994 289
106 846
942 577
923 321
925 653
843 12
57 631
222 91
96 561
317 189
304 708
92 611
889 303
602 588
30 839
731 864
610 83
350 334
335 446
780 281
528 706
532 998
24 993
575 768
527 685
415 391
37 401
684 588
832 999
582 526
980 295
268 171
748 762
292 801
645 867
280 809
582 906
706 883
546 540
305 170
159 19
761 27
488 987
766 50
272 460
555 743
257 440
594 131
261 592
859 877
200 190
60 660
112 922
133 662
25 821
31 267
860 369
310 854
663 982
557 303
944 188
604 846
823 748
76 311
756 689
794 914
523 240
103 826
949 54
802 571
381 436
882 251
938 313
284 347
125 591
313 417
55 804
706 188
959 210
786 772
893 661
132 150
659 965
661 693
884 850
907 861
285 577
179 450
416 784
103 226
95 190
355 261
467 447
982 354
308 661
682 358
666 611
500 445
246 169
54 994
32 863
162 770
948 421
829 102
62 146
709 720
218 809
849 981
316 398
176 569
714 549
361 668
602 834
948 874
897 744
20 617
793 815
399 631
819 767
125 348
785 435
953 689
36 243
101 467
27 528
180 998
507 120
988 77
491 559
233 116
654 862
788 340
129 81
664 612
798 357
112 782
858 528
819 778
289 811
896 253
950 32
128 151
641 409
902 455
81 201
262 38
944 201
600 667
81 90
232 218
638 838
604 850
333 324
81 491
190 215
542 8
356 59
886 40
935 107
665 579
830 263
6 325
467 799
147 113
411 241
749 222
949 300
327 392
972 67
477 571
369 146
646 260
260 71
82 352
88 838
90 906
90 284
754 263
846 719
151 815
378 19
551 270
130 742
791 767
330 995
373 796
299 905
212 414
530 7
606 298
936 306
314 338
756 297
625 284
623 761
330 112
357 665
909 50
982 616
624 942
700 409
814 145
726 621
328 480
182 463
516 507
240 732
439 468
576 6
225 104
634 222
207 40
580 566
582 108
767 32
206 368
922 161
528 40
513 388
144 289
372 143
390 282
963 484
997 37
107 682
533 826
846 435
280 912
673 591
926 267
547 114
234 315
474 330
419 455
208 402
101 169
160 725
927 871
424 846
987 152
551 571
102 470
646 789
744 499
814 559
102 717
87 123
569 744
589 213
717 480
591 443
224 603
472 581
273 628
357 678
318 388
502 673
855 231
802 465
454 708
354 488
6 289
918 450
935 156
77 756
907 903
322 253
479 786
753 597
238 825
166 42
486 142
100 826
506 497
70 662
236 170
558 651
669 818
1000 759
982 315
182 879
865 559
939 532
8 178
355 807
377 501
964 993
566 853
18 791
717 663
921 670
630 152
210 559
283 409
726 687
782 877
693 941
967 339
515 850
75 987
224 511
166 502
896 859
804 380
240 760
80 947
494 15
944 710
923 489
514 168
456 416
59 13
701 694
297 656
63 717
839 712
755 693
993 248
923 533
283 882
677 676
737 243
258 652
133 544
284 908
11 76
380 805
443 105
71 896
332 896
722 248
929 434
380 916
453 704
241 506
519 125
578 987
119 505
214 279
713 596
453 849
609 539
459 412
206 699
445 577
691 793
907 372
590 500
694 924
381 431
445 946
742 936
432 504
659 356
329 841
53 906
493 70
973 380
214 96
109 118
848 234
703 164
338 920
75 443
748 676
198 455
71 79
882 664
922 515
407 201
108 464
952 790
754 197
801 631
160 377
415 723
38 382
136 754
815 18
513 675
914 885
59 474
175 288
408 577
780 177
841 237
879 941
862 309
554 522
315 18
978 302
969 914
505 640
469 805
201 159
76 797
681 645
280 810
903 258
944 369
89 882
37 754
791 457
872 979
998 23
547 189
784 281
98 851
651 203
780 813
287 783
91 390
190 478
121 675
89 424
930 718
403 527
431 577
603 400
985 818
129 903
494 35
595 628
172 30
926 140
360 67
803 579
753 412
517 977
954 733
434 343
704 908
65 946
526 545
817 611
947 524
451 967
997 362
449 396
714 656
215 701
878 487
630 516
61 791
502 907
763 914
167 399
977 519
317 510
172 208
588 927
585 743
435 156
776 224
887 290
181 403
880 52
165 924
495 645
443 790
460 712
134 905
268 411
913 970
52 514
454 490
809 137
425 752
101 879
84 915
269 831
608 541
273 452
330 319
224 278
121 146
908 90
603 786
340 372
838 159
931 779
727 446
788 896
813 339
634 336
747 211
179 607
953 688
862 672
723 26
784 246
876 516
435 886
439 774
614 144
483 878
690 704
999 334
389 706
310 17
849 289
334 155
228 954
146 638
385 383
258 999
996 423
635 633
366 85
817 348
964 133
896 109
493 347
997 91
485 311
488 101
54 308
826 341
665 721
594 281
704 889
635 975
636 380
541 741
677 814
755 342
460 74
479 190
669 154
907 525
13 726
712 419
380 273
523 123
88 728
972 124
209 616
377 766
947 774
160 84
255 741
773 910
936 33
635 982
568 448
142 215
825 471
661 825
421 36
501 214
653 761
946 325
51 27
458 59
991 471
60 219
978 946
565 38
965 712
468 112
877 492
257 537
24 828
222 163
459 607
758 17
710 148
912 347
412 180
610 24
10 706
258 20
633 90
157 770
50 850
235 338
845 661
2 17
421 969
634 372
687 482
410 378
983 523
380 572
369 113
112 630
923 520
428 106
50 948
293 690
157 469
932 697
805 693
945 326
115 87
135 386
29 667
466 983
414 79
806 893
902 788
58 253
24 5
560 87
544 844
617 906
531 566
287 596
816 597
399 174
510 615
242 961
564 270
388 338
228 188
545 342
705 693
324 751
922 181
864 940
26 933
544 554
985 648
629 373
966 369
475 762
761 945
78 517
137 85
803 1000
346 837
275 195
658 256
256 532
611 288
186 861
578 43
373 733
265 902
255 665
91 680
421 119
687 876
523 711
429 556
212 332
104 461
252 605
970 272
40 853
222 125
804 222
886 132
162 198
784 596
88 65
30 868
434 85
438 693
899 165
664 585
994 125
596 281
745 929
356 882
286 873
396 153
645 474
373 17
766 600
969 314
454 306
765 570
540 343
580 644
68 432
197 84
951 367
457 255
735 724
779 646
62 774
374 532
571 312
37 588
281 58
966 699
793 49
576 257
171 615
343 317
842 460
777 651
119 730
949 909
237 619
142 203
167 832
769 245
564 756
600 677
530 964
50 698
472 514
537 81
987 20
881 553
932 947
402 738
349 563
523 214
400 934
432 597
659 502
76 156
8 235
661 984
821 22
788 281
555 920
554 258
972 53
829 668
668 286
355 13
986 873
74 623
971 247
80 276
69 680
290 787
442 890
387 151
706 491
853 104
451 1000
203 376
607 57
130 687
354 49
891 794
388 564
378 955
607 78
809 3
238 679
350 445
889 301
373 68
84 9
123 613
457 441
793 567
597 853
926 885
636 701
16 488
571 614
734 214
257 554
942 3
926 900
875 44
644 649
794 58
559 382
642 118
899 349
442 144
652 3
177 101
179 755
723 70
607 659
297 796
375 675
102 985
470 605
551 668
861 260
21 77
176 42
86 557
946 114
719 464
237 591
521 682
404 42
64 991
30 36
397 799
789 953
883 18
3 876
480 527
742 875
930 97
125 875
682 526
977 186
924 583
164 988
492 577
919 860
298 902
484 941
13 689
837 879
75 376
96 701
964 614
640 340
643 663
973 496
186 930
902 948
781 573
715 882
824 32
91 611
836 710
406 706
479 392
744 791
711 205
87 727
75 55
41 491
498 690
100 121
624 844
731 928
681 155
254 375
800 231
801 530
52 668
698 265
685 546
424 27
635 317
793 653
993 379
140 94
568 609
382 153
934 560
538 377
444 292
429 56
642 427
274 807
975 93
79 8
286 466
783 858
609 21
234 455
956 318
595 102
693 387
859 310
123 798
885 497
813 116
779 428
140 738
896 320
73 705
864 52
632 80
985 864
664 264
613 296
851 415
945 870
161 215
609 721
323 167
567 344
589 128
259 691
208 101
831 199
462 542
229 817
553 855
601 579
857 489
934 744
952 403
695 677
265 130
541 95
445 874
553 624
708 560
195 671
252 340
588 222
365 576
863 340
902 912
374 163
873 512
203 9
976 279
960 652
354 151
999 741
411 68
655 489
397 425
921 791
919 292
815 247
999 634
675 768
765 884
145 33
94 92
939 699
468 113
35 526
400 241
952 958
340 600
399 934
435 409
936 82
518 780
77 532
193 607
123 922
508 644
948 729
221 105
844 384
240 129
301 465
178 284
931 806
235 341
477 304
210 909
687 493
980 345
528 42
140 928
513 410
490 173
552 416
625 862
347 553
340 623
694 330
508 473
660 462
715 941
918 770
405 181
297 852
228 968
245 566
466 837
286 232
491 666
954 94
333 928
745 179
229 482
985 892
935 346
314 352
102 905
101 56
957 181
507 369
275 375
60 999
756 324
224 605
686 619
561 66
817 456
837 517
128 403
55 584
740 208
388 845
636 884
208 423
454 570
517 808
574 859
556 834
357 237
397 30
906 480
642 773
825 272
646 486
904 129
601 889
972 406
160 113
986 773
66 871
13 812
57 326
712 60
569 211
942 667
250 107
126 542
108 125
994 122
558 619
10 901
818 812
800 303
805 50
74 12
239 842
297 363
871 305
568 682
533 664
861 891
546 415
663 37
166 583
563 246
758 237
207 153
451 587
378 745
795 65
93 2
519 554
425 600
390 730
415 661
202 650
404 834
867 692
561 321
447 620
139 183
966 696
316 1
111 108
945 115
106 433
465 470
543 87
855 321
699 189
99 921
723 307
34 20
362 761
399 284
836 677
556 113
902 397
356 815
416 476
949 174
940 363
217 848
168 961
190 258
324 716
199 464
90 169
176 622
664 417
618 744
160 832
363 715
694 781
241 171
371 536
907 596
657 633
711 458
307 768
938 98
42 63
482 294
725 346
816 522
533 406
271 266
209 695
468 868
39 207
40 931
402 310
848 778
83 519
190 809
672 56
356 561
178 785
506 130
335 357
528 551
967 416
295 778
60 156
210 529
504 782
585 555
726 568
857 703
182 538
97 242
461 625
188 175
260 748
598 614
654 436
970 969
439 30
597 694
304 259
487 306
144 476
932 397
241 856
771 777
872 838
390 337
463 261
121 470
563 747
712 751
932 284
736 245
851 164
245 637
984 963
876 324
306 723
738 264
681 933
977 270
426 540
499 254
907 39
746 69
656 357
380 843
987 341
366 786
59 870
264 606
281 416
51 822
603 357
587 856
20 123
756 900
941 653
210 409
871 588
315 92
676 590
636 346
780 668
695 467
399 22
555 164
713 804
77 856
596 952
389 108
787 45
696 782
513 680
904 379
682 189
707 398
514 273
626 66
699 754
186 931
670 401
449 51
711 319
679 432
976 300
490 976
237 325
644 155
147 677
204 914
479 280
672 68
286 900
386 806
26 449
407 92
508 899
144 892
455 688
957 430
889 456
464 781
819 437
240 804
349 222
562 497
585 848
933 278
538 326
740 864
482 592
601 547
353 712
224 135
952 334
245 586
107 306
20 731
537 311
305 303
186 824
619 309
417 497
884 9
847 135
336 751
779 431
37 851
744 866
806 964
790 309
607 775
115 125
327 808
79 478
7 77
833 968
698 68
556 170
479 629
318 653
484 157
695 273
347 143
241 384
495 511
703 826
171 477
727 428
800 523
622 334
379 143
474 169
622 808
59 817
668 417
7 529
981 678
986 12
270 253
221 785
989 903
575 82
194 427
308 423
452 315
535 75
773 123
890 467
765 529
694 535
535 529
666 928
350 201
5 274
531 182
406 350
778 997
70 843
329 323
183 616
662 537
903 883
818 777
215 105
252 793
643 334
535 356
903 640
963 756
227 717
266 711
174 964
946 165
344 815
160 546
19 729
576 234
903 529
709 322
322 890
420 467
640 918
903 422
825 816
983 660
309 463
903 659
24 587
975 48
745 920
694 472
422 831
439 247
462 12
45 92
85 991
301 242
632 294
396 650
608 904
77 331
349 742
393 660
709 134
451 170
716 870
629 991
938 640
48 46
195 145
547 964
208 292
609 535
428 281
397 806
860 308
266 713
190 359
47 730
48 268
