1000 9898
929 245
68 839
397 951
907 730
362 286
327 331
820 295
260 256
445 796
169 339
360 83
699 717
294 227
454 997
660 720
544 377
985 473
696 36
680 617
535 565
443 517
502 96
543 778
285 518
881 169
554 209
817 600
208 39
787 941
325 199
374 473
966 429
487 218
472 337
606 148
990 247
404 766
222 157
163 464
597 959
487 43
399 901
951 760
735 833
809 336
77 864
830 702
463 435
84 836
244 887
382 33
149 896
301 69
563 654
582 222
875 864
384 319
900 863
98 987
287 903
56 743
951 188
348 151
371 46
305 364
91 447
807 477
333 86
600 679
929 439
732 444
56 965
310 846
918 521
246 840
120 460
48 345
927 981
622 407
768 98
876 899
220 639
243 262
266 371
643 927
589 71
954 708
86 963
396 268
590 339
613 978
206 600
623 319
414 613
811 499
300 219
511 688
169 880
955 944
527 68
184 276
189 29
62 277
86 399
74 335
438 740
240 91
324 891
667 510
351 889
338 584
688 819
781 330
973 782
504 783
620 453
657 85
326 184
457 447
791 6
90 274
978 523
746 639
247 734
620 84
213 602
761 692
788 888
718 761
921 409
687 326
174 111
358 248
303 585
222 923
282 468
54 880
736 263
325 855
75 97
297 753
90 652
326 516
510 225
941 89
140 760
548 205
626 733
550 823
419 307
385 231
224 841
498 296
101 157
290 60
342 932
257 301
831 463
229 57
447 502
552 744
798 589
290 431
544 886
686 561
343 150
950 378
755 206
429 517
871 986
741 47
299 84
941 541
498 328
690 799
485 353
587 953
454 752
223 317
766 156
123 249
952 505
695 579
238 154
798 365
815 526
69 872
986 216
350 835
852 798
847 782
463 529
339 543
161 599
899 961
97 593
424 511
922 610
481 754
366 819
282 965
445 407
964 917
398 791
516 94
754 449
916 848
888 947
373 949
544 143
601 82
620 410
306 78
886 125
870 598
87 932
92 754
24 850
776 449
944 931
585 855
396 50
935 910
61 442
620 207
178 374
325 485
475 529
45 385
173 49
636 407
466 424
987 901
325 374
86 727
720 856
143 187
524 20
720 759
367 380
724 947
564 904
286 242
509 724
242 758
940 123
797 542
444 874
603 723
954 43
573 771
561 251
580 33
199 701
811 895
522 230
209 161
713 529
91 133
826 336
898 677
96 637
778 479
337 773
911 345
105 319
76 166
171 250
471 583
321 441
440 233
919 723
77 716
552 208
173 909
503 214
288 45
821 253
751 892
60 513
955 907
991 277
652 893
528 819
356 404
13 949
450 881
846 723
249 441
692 253
256 809
403 554
867 113
214 193
924 408
911 165
252 939
681 245
726 278
843 563
796 194
653 839
139 921
649 992
299 494
728 39
912 350
771 21
844 581
657 430
163 293
331 747
261 976
944 734
511 310
50 849
519 593
408 299
462 226
376 95
12 149
234 5
749 866
718 467
224 19
747 963
428 101
931 6
551 721
988 45
145 909
111 814
548 816
629 813
385 729
172 98
618 62
391 896
949 950
181 476
758 886
559 903
637 483
440 329
371 883
551 110
966 798
436 829
192 542
426 247
691 769
232 58
94 704
366 37
151 651
612 104
985 653
316 697
613 957
635 861
431 344
414 526
648 938
958 75
227 223
281 987
621 499
913 442
397 745
240 338
240 298
965 238
265 335
445 186
730 157
70 650
184 377
520 499
762 810
264 177
305 539
621 21
804 523
143 667
327 142
813 835
975 616
869 967
728 229
548 103
144 822
493 563
259 7
785 51
108 142
255 73
2 319
519 774
476 784
852 253
247 757
231 208
567 538
382 836
970 404
960 86
927 370
340 312
58 745
956 130
81 568
86 258
335 199
231 950
583 413
396 329
508 510
853 158
10 455
163 63
58 459
150 299
297 805
823 112
628 472
77 366
150 410
505 955
719 816
171 262
656 650
587 485
439 617
246 841
86 742
877 553
659 394
842 828
42 648
700 732
997 144
768 18
375 549
246 619
906 160
138 822
602 243
113 603
242 194
31 361
104 255
655 156
587 762
390 66
553 574
436 166
111 484
848 238
556 695
264 79
7 745
644 274
256 755
477 639
204 793
118 371
672 203
981 959
229 698
964 803
222 461
102 797
133 665
649 862
799 724
761 808
805 67
477 838
476 479
44 763
169 429
408 983
443 730
752 86
164 172
992 549
724 484
482 987
965 798
658 950
680 898
364 411
116 276
351 687
182 395
790 74
318 859
819 668
837 101
869 637
913 669
92 444
330 505
560 982
7 325
409 974
871 138
875 847
642 228
383 636
893 239
561 508
700 689
512 536
966 565
915 532
573 653
8 871
371 13
944 83
215 132
16 966
505 467
20 918
171 354
100 324
64 978
798 157
93 601
3 849
671 294
726 522
668 715
713 628
55 541
975 988
10 775
968 363
983 481
161 42
792 244
960 790
133 964
342 90
734 1
649 446
185 94
179 299
180 16
623 300
471 531
367 610
763 604
815 510
372 980
160 76
496 244
259 272
260 255
669 837
415 925
307 60
71 47
627 967
631 23
675 873
527 200
776 390
236 125
536 693
22 896
648 47
448 21
786 453
349 171
739 511
633 864
363 19
663 254
682 865
995 726
214 122
835 929
50 219
88 346
16 471
172 614
741 859
135 982
671 672
272 240
644 616
943 956
909 892
477 346
558 93
210 55
118 596
410 405
280 688
975 107
529 937
713 212
35 32
560 290
38 891
854 871
675 16
931 250
608 93
92 166
47 742
929 397
547 42
358 89
522 956
845 817
591 317
889 725
146 512
536 392
76 449
749 443
422 733
411 855
501 892
601 678
51 645
656 609
988 654
972 779
630 811
640 21
551 193
845 484
624 356
975 801
851 879
138 974
741 1000
347 476
117 942
668 466
83 882
268 992
532 257
990 733
792 494
900 923
781 606
88 843
17 305
34 625
623 433
290 999
807 782
921 875
743 652
35 725
256 810
285 721
678 136
610 555
518 993
888 976
710 377
36 856
519 797
277 594
226 186
390 979
597 921
653 983
468 227
732 624
553 67
607 272
130 436
829 246
499 719
282 107
340 293
889 974
418 635
273 420
186 792
418 971
582 97
909 783
931 811
642 394
650 897
23 897
409 21
942 169
301 95
666 183
798 424
841 907
571 254
519 374
798 315
654 831
954 93
176 25
438 341
160 601
33 461
417 110
216 756
920 67
446 243
432 941
640 66
988 658
440 424
617 168
561 119
671 399
842 975
507 80
180 426
608 421
882 60
845 392
186 519
454 584
403 506
964 697
308 641
677 195
21 792
869 740
565 219
87 555
553 739
934 32
847 961
282 907
193 252
942 692
52 817
914 180
398 861
576 955
506 220
144 823
267 806
60 251
5 534
463 238
295 966
472 339
258 210
810 391
723 922
193 399
947 290
201 900
438 939
24 907
280 565
614 528
596 251
524 872
83 424
121 221
620 129
913 53
533 534
439 55
409 64
501 988
781 128
323 518
555 979
639 647
365 939
594 887
462 255
594 774
686 206
798 388
286 184
402 761
719 898
133 555
854 943
585 426
146 934
609 316
383 953
68 903
529 659
380 913
661 118
594 443
281 634
465 245
263 446
964 217
459 399
570 48
96 439
719 593
647 468
561 915
963 3
160 980
399 63
350 587
601 527
251 898
364 675
437 281
310 537
385 758
722 569
104 974
449 443
380 341
769 616
240 480
113 118
459 78
68 681
428 835
192 145
489 827
316 26
386 575
441 982
290 815
576 616
436 286
585 718
933 140
633 730
339 597
689 664
924 449
636 987
829 92
173 408
523 965
563 48
446 916
109 582
3 105
633 820
748 419
164 60
26 61
887 1000
468 394
590 565
862 318
610 335
793 853
81 539
434 697
520 522
940 883
779 311
158 816
235 431
370 394
708 358
33 570
676 772
346 419
920 366
707 934
46 756
820 719
713 281
687 311
220 319
976 965
168 642
133 656
745 136
232 341
358 661
213 470
420 715
771 710
423 75
65 619
926 102
485 286
803 761
772 904
39 187
632 389
869 120
726 467
271 36
988 602
327 685
904 495
797 124
247 421
32 314
185 365
151 547
62 74
337 569
982 43
455 105
424 707
457 781
851 944
783 96
843 960
881 21
554 117
493 839
919 431
744 795
194 356
714 639
626 291
539 376
260 143
522 614
635 467
982 356
992 740
743 585
924 293
760 215
680 833
100 684
875 238
253 590
439 345
504 156
875 127
32 563
398 678
902 587
742 444
482 623
690 8
555 906
239 621
444 407
763 691
340 736
569 794
823 149
550 631
900 898
120 74
517 69
763 800
236 992
77 420
888 79
963 415
643 585
582 439
513 348
200 113
254 772
96 162
538 825
405 782
263 224
30 245
732 503
128 109
275 750
422 579
725 874
162 132
474 402
838 643
793 286
561 842
836 452
910 583
566 229
445 389
509 684
224 548
191 96
873 857
252 114
471 720
337 610
10 249
898 965
350 914
61 709
950 88
264 953
467 658
748 513
821 251
180 245
424 703
761 762
544 336
156 110
32 36
696 11
606 498
791 644
902 551
770 569
624 797
553 279
754 400
204 945
541 494
917 847
790 567
113 489
657 130
144 859
666 752
123 545
787 624
438 972
762 200
714 87
36 63
97 63
685 470
300 677
689 787
159 597
874 273
657 317
70 266
688 923
720 29
542 752
93 988
684 673
962 799
68 142
513 271
664 909
663 705
499 10
137 563
694 249
141 727
819 422
805 688
276 66
958 674
409 679
341 676
106 379
414 176
56 556
306 901
872 718
689 296
655 631
915 986
506 554
368 989
630 901
811 861
433 378
82 659
511 250
525 787
983 59
125 815
894 729
367 854
815 738
289 132
848 117
151 762
152 652
940 413
108 693
659 191
181 783
455 160
20 387
369 39
117 897
333 580
541 63
583 676
507 177
90 331
308 390
503 838
122 856
817 904
307 577
30 591
179 403
754 293
199 439
557 838
890 357
515 698
290 891
576 956
406 377
728 231
765 788
622 647
77 855
614 823
939 667
430 482
823 628
170 999
562 293
763 428
766 605
141 166
304 419
783 760
885 291
143 857
165 689
386 190
244 158
192 369
328 145
185 744
679 904
296 719
955 731
392 910
524 79
248 72
447 616
680 341
58 457
158 397
600 396
304 121
768 680
384 161
633 452
617 847
33 654
452 208
73 669
633 437
401 181
992 276
132 613
357 930
63 143
524 403
232 137
427 176
636 306
177 905
750 318
146 728
42 281
636 86
208 33
635 906
194 417
226 733
902 818
924 798
311 81
125 533
833 348
561 717
946 597
949 366
165 319
820 122
601 857
194 257
342 905
92 971
664 636
482 247
88 34
58 966
679 616
604 592
190 527
504 786
382 190
947 144
568 731
36 344
258 183
442 456
395 113
942 405
266 666
853 710
946 104
348 818
421 682
266 824
984 314
453 217
76 900
12 200
838 196
28 114
3 407
528 118
372 535
417 489
533 779
607 670
901 855
900 830
940 771
766 32
814 796
592 376
659 861
346 416
953 632
508 272
334 129
727 442
474 352
638 115
674 601
565 700
217 550
386 692
94 892
594 412
759 634
462 660
870 305
667 301
871 584
604 780
306 896
173 694
328 728
265 201
30 459
342 489
750 474
18 499
939 121
903 980
590 434
648 917
385 721
299 375
800 816
325 763
41 23
449 55
604 649
260 249
445 35
193 10
469 173
422 595
852 994
377 454
808 362
326 505
933 175
383 248
465 795
467 309
395 560
895 797
365 558
409 364
523 992
709 729
891 682
433 342
550 315
850 883
348 871
53 994
274 913
495 609
459 657
724 105
504 12
50 168
533 589
386 358
462 133
870 774
980 322
597 987
159 111
35 85
580 101
917 351
884 998
315 421
101 476
432 71
72 174
664 946
257 108
975 382
780 888
328 903
520 141
405 781
135 404
727 350
642 576
327 940
756 510
893 133
996 429
444 980
11 283
12 560
363 984
197 764
751 197
988 793
595 937
54 270
762 141
696 703
769 693
212 836
406 790
69 952
843 641
459 184
778 45
925 443
104 313
602 459
216 258
373 884
429 706
943 999
536 612
243 940
504 620
933 67
628 877
611 121
919 144
869 817
156 700
430 455
287 230
192 210
286 399
957 462
552 141
375 314
746 547
808 23
41 885
740 945
913 610
895 23
625 631
74 247
370 670
226 410
118 660
357 612
286 416
88 423
613 946
201 200
720 936
990 456
993 100
166 830
996 781
614 340
709 96
965 246
115 970
883 405
906 740
49 157
713 246
219 877
438 9
745 293
48 83
746 118
709 130
128 219
127 573
457 513
422 541
558 345
263 199
376 943
487 933
94 933
305 38
84 298
105 160
713 417
417 108
436 668
555 450
333 400
523 160
502 521
143 179
403 30
208 70
235 622
413 393
911 190
215 797
543 579
30 658
217 937
109 395
237 86
165 375
938 139
132 198
522 842
815 451
584 543
751 669
721 410
209 590
28 6
375 377
786 214
456 781
623 471
386 712
761 518
743 690
818 711
13 807
431 40
71 241
900 481
117 339
282 824
193 355
891 884
948 501
883 900
184 602
135 741
688 922
709 512
178 72
866 410
329 204
535 388
15 213
779 990
601 312
586 428
418 554
849 790
819 599
61 398
756 221
375 682
738 338
261 817
904 544
592 96
818 154
562 269
704 221
909 516
413 519
430 927
235 453
935 902
496 823
885 259
941 113
525 370
339 483
992 55
837 305
421 252
256 108
812 113
334 213
23 288
417 159
870 266
907 284
696 537
551 933
163 636
4 568
601 668
428 392
638 641
806 637
638 71
518 65
356 250
998 569
917 95
12 990
933 630
476 999
618 612
782 357
431 377
975 231
27 388
899 600
147 799
866 413
459 977
778 583
502 977
624 727
929 417
919 506
387 157
652 663
320 168
916 963
765 838
623 600
69 436
425 965
826 941
219 41
740 619
282 143
959 715
49 648
617 915
805 209
332 992
594 676
97 132
597 863
411 491
496 742
975 214
875 34
732 937
58 648
931 473
465 762
845 599
771 780
314 993
779 297
205 726
35 9
791 454
500 827
211 712
122 463
215 272
881 796
216 798
940 915
962 759
10 216
600 536
604 32
384 61
521 684
349 603
150 532
988 822
807 338
720 350
484 117
211 919
158 242
751 17
932 989
238 444
985 601
255 795
989 781
850 597
669 143
511 626
38 838
852 670
725 648
337 575
126 927
677 533
733 681
934 396
536 875
829 698
237 24
433 649
394 657
587 360
370 827
899 948
484 536
770 699
218 620
909 141
152 786
874 871
291 533
783 660
459 731
558 565
132 262
325 840
679 527
559 406
670 854
640 457
182 584
607 313
165 790
683 729
888 661
787 394
465 964
836 733
966 72
26 31
214 968
169 935
280 670
945 220
191 802
362 102
873 370
656 408
586 809
235 397
788 749
515 367
663 703
757 256
906 848
799 47
656 311
50 538
822 452
897 51
354 920
723 257
928 855
590 979
158 1000
591 318
210 801
557 250
975 671
501 968
524 453
512 261
569 724
69 865
200 337
872 770
707 162
288 8
745 532
146 654
185 76
446 165
431 723
103 854
237 43
329 953
769 692
705 566
523 357
82 975
638 552
894 950
308 61
901 32
852 690
100 191
514 967
234 933
990 704
937 468
132 114
833 283
374 165
838 532
108 369
36 534
570 554
458 320
133 360
800 59
801 470
307 29
364 380
723 45
864 411
805 439
753 846
645 350
518 996
153 560
1000 368
710 380
162 830
697 903
762 103
193 416
981 455
199 654
75 900
334 659
641 549
399 989
398 640
331 751
90 607
389 919
483 981
21 886
818 326
984 610
417 551
434 639
214 766
348 25
599 592
874 49
54 943
236 966
112 764
298 629
318 624
410 615
361 19
430 588
195 148
414 182
955 382
464 179
46 726
51 885
768 923
551 896
57 452
275 381
868 772
480 973
472 589
131 558
953 2
590 201
591 560
668 531
744 153
530 524
893 296
713 642
328 608
504 149
755 315
977 789
195 720
109 394
899 750
95 843
756 919
638 989
584 512
70 639
329 695
292 309
21 805
596 723
155 287
692 46
803 419
531 104
273 936
716 148
934 39
717 941
282 918
619 611
602 351
624 827
158 31
887 370
140 574
32 800
659 534
587 30
493 559
226 234
154 383
890 69
197 315
325 246
575 529
572 281
701 123
443 855
500 364
545 727
331 570
667 164
292 167
718 818
615 955
357 903
115 933
379 947
383 815
996 802
693 846
475 373
761 862
278 720
102 52
267 65
140 721
825 559
625 973
521 806
189 912
760 84
318 620
798 282
200 139
681 988
189 769
845 80
708 35
836 120
730 743
660 206
974 490
615 460
201 966
557 929
509 737
864 976
7 950
40 68
85 562
117 833
686 760
647 309
878 96
751 978
649 558
683 18
96 680
170 99
940 387
924 792
233 513
414 622
644 399
699 748
852 746
353 636
912 847
956 536
848 881
759 69
605 895
146 154
832 389
599 123
619 591
112 374
887 342
174 807
895 891
342 617
767 676
283 381
781 214
50 416
550 285
24 891
300 536
463 124
926 892
982 936
767 386
398 713
537 515
502 737
398 507
64 507
528 330
988 777
434 805
934 670
461 764
633 27
337 438
409 33
124 922
140 919
110 733
201 135
130 157
385 764
371 365
253 235
572 865
286 925
7 470
40 354
841 832
1 25
115 103
607 29
565 521
984 888
548 345
162 12
807 508
488 226
640 239
237 985
992 306
640 158
166 795
774 41
137 851
745 407
54 467
242 147
946 641
47 526
877 811
547 280
648 919
904 353
412 8
621 294
624 534
385 832
652 854
303 214
565 239
878 350
97 763
687 719
304 955
857 33
493 725
833 88
505 255
623 639
572 483
627 888
477 865
740 697
510 711
412 716
736 764
689 208
353 172
981 290
126 427
571 554
572 193
630 75
727 935
10 351
862 398
224 302
633 70
117 221
432 283
182 156
383 318
119 964
64 374
488 514
756 171
849 639
906 718
840 326
234 189
269 618
257 98
170 22
956 420
23 607
742 93
82 480
817 147
920 333
115 67
873 649
760 908
302 447
871 904
219 33
864 186
521 719
613 337
635 761
337 94
814 536
807 759
103 627
342 297
760 874
176 299
289 12
362 586
751 52
399 195
20 148
354 618
834 800
697 232
57 137
647 686
491 473
727 330
835 150
159 848
398 440
807 36
845 369
579 429
412 108
288 34
40 579
520 333
630 632
21 768
105 663
986 808
700 622
187 901
702 36
562 587
860 313
576 998
189 64
463 865
959 556
909 327
86 456
221 303
863 128
213 827
396 237
235 927
610 161
335 456
429 883
502 427
303 814
420 74
370 781
176 734
374 657
541 403
433 193
787 738
386 217
406 156
468 461
979 529
953 875
519 588
331 895
158 764
180 860
516 514
486 168
641 375
646 736
481 773
120 216
980 582
715 819
183 377
974 28
957 850
262 104
229 491
910 772
343 119
56 559
552 596
455 586
59 676
320 996
323 251
237 929
898 531
205 195
355 682
318 290
928 594
121 972
780 726
678 514
206 727
373 247
50 163
903 473
354 481
65 882
993 746
393 171
485 565
454 588
169 972
96 892
260 413
762 597
281 990
229 560
882 794
352 881
226 790
298 379
981 934
640 642
74 706
551 340
405 631
278 472
124 50
286 951
648 28
541 463
964 115
639 508
485 969
967 437
736 821
187 655
494 889
173 432
47 491
417 723
23 478
911 530
181 976
404 644
922 889
260 608
196 614
353 910
917 578
865 369
760 409
727 879
876 279
235 153
272 173
554 543
698 609
945 138
802 757
359 248
956 270
906 567
45 41
389 163
358 48
508 389
895 363
77 408
371 135
758 561
500 801
236 811
76 720
884 79
564 845
634 319
289 889
864 243
180 88
758 723
135 478
48 448
447 472
394 212
72 454
660 207
458 995
55 647
976 876
149 334
632 254
318 335
375 874
820 533
752 963
34 926
717 443
647 464
940 350
247 300
621 543
432 589
233 321
759 500
627 434
260 339
47 629
34 864
769 755
24 909
773 155
242 255
83 833
427 339
468 653
967 853
346 801
498 928
318 139
854 73
213 447
469 37
342 797
221 964
556 579
743 835
834 189
268 571
142 228
347 806
888 814
960 715
227 476
249 372
122 234
514 686
77 434
326 400
40 825
513 635
514 577
330 46
196 482
705 170
580 962
569 904
665 186
92 740
835 968
710 212
676 332
969 478
623 937
737 874
407 547
921 355
413 711
935 838
24 275
561 277
943 755
420 352
667 929
923 603
853 918
606 694
391 950
233 134
841 839
551 660
168 759
557 3
673 526
415 911
720 559
559 954
917 252
665 339
711 151
997 46
543 342
927 951
734 220
294 496
349 525
595 639
623 85
312 175
712 970
912 910
512 200
569 9
308 91
717 129
249 291
846 991
351 391
136 204
319 869
91 970
536 877
352 842
423 907
134 570
502 896
240 159
574 116
959 954
817 981
394 878
934 108
542 882
913 117
239 949
511 944
701 192
353 306
227 329
620 400
235 946
454 80
771 430
100 680
726 748
588 709
168 8
222 863
406 6
545 670
602 985
487 105
1 440
996 372
700 126
461 526
244 162
121 153
413 683
340 381
111 562
168 294
443 124
11 848
301 534
671 178
625 682
241 893
439 232
79 129
462 59
628 895
955 118
484 77
739 273
279 688
401 926
387 883
979 749
266 64
286 7
609 376
669 478
46 903
285 469
290 461
309 479
517 538
845 189
846 238
594 383
815 869
450 135
72 365
533 480
256 372
921 502
811 130
315 979
526 667
928 422
357 372
102 578
379 132
333 943
697 239
897 509
207 954
377 939
963 876
621 376
125 617
384 583
688 437
782 291
730 16
913 464
438 921
459 326
365 203
131 431
868 166
959 841
484 687
213 119
17 308
39 119
74 687
961 125
356 609
56 285
610 860
368 95
26 445
355 299
607 878
160 331
372 716
255 450
978 939
952 299
852 880
635 352
306 108
149 546
520 138
460 741
634 40
946 92
305 812
801 679
951 749
183 775
683 711
614 617
830 570
546 777
247 668
692 575
858 970
733 341
678 510
233 403
938 239
112 528
934 679
277 329
11 892
395 29
896 518
399 765
98 974
54 941
628 450
189 906
697 89
715 818
479 705
461 118
262 105
10 158
581 837
358 710
986 243
660 308
57 345
756 477
871 44
343 231
683 266
25 612
446 244
964 369
843 576
792 424
864 933
61 515
647 380
406 436
266 297
506 690
110 48
294 139
422 476
524 77
569 65
882 904
593 315
26 844
192 636
816 614
606 780
734 532
91 562
627 612
189 129
818 627
433 727
584 913
3 483
633 592
8 45
248 690
412 279
415 592
240 54
238 545
351 770
744 742
450 625
126 518
198 243
326 452
274 675
904 886
988 127
801 722
81 986
624 27
36 889
20 697
35 419
552 215
996 974
925 261
444 373
842 430
654 416
947 342
475 425
206 299
360 569
596 119
390 722
230 413
106 135
721 461
72 154
879 625
537 496
138 365
292 1000
28 905
629 779
107 327
211 670
394 66
784 326
345 656
863 818
24 507
432 208
742 245
134 19
858 321
52 440
513 954
711 133
262 887
212 838
103 779
531 714
787 308
642 753
947 570
17 577
679 83
592 955
578 225
260 483
543 544
565 24
752 561
57 817
111 482
204 128
229 595
714 757
243 613
204 791
209 687
283 160
198 317
182 982
471 875
151 873
247 768
13 840
184 394
222 70
938 799
903 803
10 990
83 764
342 623
71 359
532 651
829 87
634 241
136 764
269 896
183 734
404 665
408 732
871 333
784 855
775 523
656 145
325 10
400 991
221 169
13 227
315 44
888 346
905 874
429 92
893 727
283 955
895 270
932 260
664 602
519 292
760 3
365 528
504 321
129 909
590 843
379 556
529 737
569 588
141 795
823 963
113 632
613 315
816 19
409 611
3 120
381 359
458 772
774 156
9 278
769 305
46 987
856 225
534 636
573 986
371 734
869 99
707 88
751 899
842 941
502 743
708 950
268 875
216 524
237 138
203 774
773 254
702 300
522 958
395 452
19 735
801 237
859 339
473 12
700 981
925 324
221 551
921 913
521 79
688 744
283 140
68 114
769 873
311 730
204 906
977 654
446 603
929 611
549 778
722 972
574 343
353 305
432 514
264 785
563 226
287 482
880 46
438 586
3 59
207 315
815 56
528 650
867 493
53 893
771 62
711 244
126 312
18 631
239 763
795 341
33 782
586 114
220 212
906 637
527 641
70 434
936 812
242 527
810 781
888 485
82 100
889 780
671 972
831 522
137 538
853 794
107 584
885 617
334 225
48 58
447 386
105 63
983 204
897 161
898 410
405 890
724 664
564 693
445 858
200 340
418 247
205 558
345 251
59 523
703 802
164 665
446 217
327 447
197 649
829 904
14 887
479 787
212 894
394 463
769 649
995 497
406 353
432 741
200 759
968 567
755 465
579 878
172 680
611 270
857 812
276 717
977 968
389 874
943 343
670 501
435 36
787 187
158 1
463 618
549 861
930 689
346 568
574 224
136 342
544 51
361 809
438 679
844 670
437 784
297 229
607 686
249 156
732 735
808 247
899 192
305 803
586 436
879 777
400 121
952 566
967 161
184 783
260 684
407 719
253 847
404 951
852 309
949 619
766 407
788 541
153 482
429 309
975 348
327 878
951 80
68 51
93 840
315 306
462 391
923 691
980 576
384 73
827 479
208 397
405 813
486 392
246 693
627 186
43 349
135 261
452 415
881 571
366 189
885 879
688 229
835 86
599 913
102 587
450 232
158 201
273 609
770 260
782 482
569 471
441 836
573 689
133 6
671 249
781 666
284 406
730 66
493 1000
425 344
482 283
635 195
156 216
907 944
748 610
964 679
877 898
626 386
972 154
134 515
84 426
981 932
934 90
683 870
339 732
965 624
677 268
819 215
711 29
640 930
19 543
847 749
245 187
106 595
487 210
646 770
311 288
630 6
297 338
70 73
606 47
495 564
989 46
572 122
295 765
25 489
188 883
165 179
387 438
316 112
992 237
225 242
372 71
926 688
874 129
306 597
344 672
607 673
901 894
794 462
483 835
417 433
271 522
970 527
828 673
922 426
137 594
524 170
104 667
254 833
595 775
232 383
765 75
533 447
698 4
123 927
974 489
8 592
542 194
967 672
380 30
189 736
854 720
1000 243
673 819
945 566
273 589
56 811
451 693
63 104
251 920
414 962
937 631
920 913
143 189
423 784
778 353
337 727
212 549
88 747
369 198
575 402
82 805
375 424
982 112
937 273
85 115
69 670
545 658
272 927
685 714
773 972
373 808
361 848
887 562
554 189
854 962
558 541
743 547
691 508
620 430
216 28
415 708
516 241
951 808
701 43
667 103
944 800
890 100
912 270
217 502
127 95
862 6
828 146
943 835
474 802
843 503
757 101
101 705
874 451
323 603
88 500
197 62
328 291
376 478
520 929
392 960
317 629
157 704
304 316
642 167
287 77
880 975
735 579
60 394
50 995
703 459
262 692
606 692
883 337
370 388
814 801
868 146
603 836
777 199
76 758
538 815
150 441
926 334
548 324
732 489
91 403
839 572
426 404
137 735
327 596
557 582
134 252
926 104
968 830
804 114
258 824
685 767
228 126
998 590
102 531
530 704
379 250
146 313
441 787
462 955
697 66
365 84
113 955
789 530
691 540
415 868
786 888
489 904
626 123
700 998
869 725
477 990
730 173
587 364
218 505
521 78
945 12
208 703
339 551
284 252
92 821
237 316
114 521
450 519
658 96
566 889
517 299
932 139
886 218
853 387
412 719
5 495
59 386
701 79
750 978
179 797
931 20
787 602
666 265
824 58
335 102
222 698
141 233
970 899
693 748
535 57
758 802
210 780
836 616
799 356
197 797
183 963
542 670
576 325
952 148
547 356
767 129
783 940
488 960
813 104
230 53
68 144
991 29
786 49
480 360
31 445
492 987
589 451
295 376
409 717
475 92
115 501
116 858
462 330
266 465
533 153
620 313
968 203
704 452
403 152
977 3
560 53
980 882
570 242
264 833
711 615
740 709
988 564
464 376
684 55
894 954
593 477
920 699
59 837
521 582
696 930
716 29
493 916
386 590
722 650
227 305
907 996
700 617
487 958
630 494
136 456
907 885
5 334
627 936
26 443
601 5
655 352
342 549
511 86
204 574
245 166
317 249
875 307
75 811
348 832
66 733
620 148
72 898
625 618
843 447
334 262
923 487
282 485
176 672
175 106
382 50
510 71
318 794
796 670
780 59
488 609
733 117
550 917
512 496
129 845
232 614
227 677
90 588
306 513
716 776
897 994
805 553
573 605
244 469
232 501
966 628
989 397
777 741
405 812
158 44
751 375
661 91
81 33
724 701
375 899
450 374
696 514
949 848
879 19
717 404
366 66
518 207
441 105
423 9
501 857
872 323
48 261
670 773
513 973
806 586
402 772
384 775
938 338
42 303
830 348
647 382
485 417
978 762
989 881
761 958
208 970
440 405
588 357
437 703
720 53
759 460
119 45
69 808
910 502
472 798
933 959
863 434
540 887
78 818
579 779
982 452
584 915
727 944
166 177
773 983
862 646
78 861
597 243
448 438
196 828
394 804
269 184
507 917
806 97
792 751
687 998
286 965
434 72
52 687
678 175
120 605
83 339
834 489
940 578
601 402
570 867
969 342
719 422
210 690
821 707
947 299
36 970
438 930
59 315
352 303
457 228
576 126
796 627
657 275
366 691
295 589
779 256
720 792
167 535
851 146
513 365
508 503
463 645
375 577
926 339
177 336
197 925
997 934
322 971
300 816
346 232
438 264
690 993
850 300
488 25
198 996
271 856
399 151
702 468
479 965
561 916
194 855
711 670
859 171
702 423
388 811
480 860
769 752
330 518
686 879
122 932
656 846
786 789
19 126
513 562
410 422
189 306
756 963
65 204
265 258
69 780
910 466
566 624
180 171
881 98
131 489
425 196
490 994
35 111
42 250
389 562
49 929
967 5
40 557
978 990
460 585
135 695
744 708
247 947
231 270
32 832
515 813
973 773
282 136
834 461
624 57
678 346
439 370
994 135
146 117
176 522
931 650
93 203
715 209
591 868
178 331
736 417
275 799
202 325
573 306
331 683
558 222
634 320
980 308
846 704
719 73
893 838
968 355
567 133
607 644
444 744
11 23
249 512
432 32
159 151
586 897
472 125
384 131
332 585
560 487
64 955
903 925
820 726
797 832
799 27
767 595
471 118
828 565
243 207
744 424
561 214
820 581
90 806
977 394
168 792
671 43
309 267
694 965
76 292
916 438
427 291
577 129
602 223
927 726
808 818
327 266
347 456
32 229
80 205
333 693
800 822
518 320
246 361
427 449
485 74
420 926
591 955
618 871
889 544
497 263
458 184
277 868
812 843
176 149
766 850
142 374
364 66
347 948
230 543
415 699
307 503
574 292
939 729
373 45
925 902
398 930
365 597
597 894
301 337
946 6
110 931
206 502
158 629
585 815
785 285
988 316
127 848
917 744
793 826
858 848
305 112
549 477
257 245
263 59
301 132
339 305
888 547
713 220
129 51
131 605
944 408
429 352
340 973
767 998
168 726
498 325
101 184
543 17
488 179
521 755
333 21
256 216
594 378
618 372
727 186
910 590
786 552
968 859
950 351
901 265
884 471
6 423
565 956
158 354
474 191
494 186
321 256
747 966
276 600
512 125
781 709
998 853
378 322
881 89
493 915
173 789
193 127
502 506
223 79
394 769
109 852
290 878
773 771
478 27
761 477
178 207
623 671
886 39
779 859
374 459
247 635
322 686
506 987
331 388
938 612
580 773
616 598
977 826
550 345
917 554
865 361
793 756
442 394
45 799
931 834
128 661
787 742
884 802
371 401
44 473
272 155
874 280
50 838
457 856
754 990
149 882
631 566
615 995
58 18
664 471
289 631
166 899
305 237
436 625
315 308
188 574
580 360
927 197
710 735
452 251
112 832
11 774
388 643
962 568
210 309
655 719
608 224
935 335
646 774
707 244
959 207
172 755
792 342
167 950
684 220
830 434
604 779
219 303
250 613
273 787
883 61
426 143
299 407
119 270
311 75
967 988
74 925
739 901
151 755
940 404
635 852
122 897
692 277
614 941
380 329
954 520
846 538
170 27
635 197
907 946
32 488
752 615
146 32
610 541
92 848
939 357
61 678
599 471
360 564
921 847
540 999
464 530
169 410
490 852
730 277
60 553
960 274
959 588
910 128
566 806
387 949
293 130
22 832
944 774
725 143
667 855
678 319
383 15
149 579
658 843
71 418
454 302
75 935
280 573
443 987
62 675
799 430
583 263
201 581
960 222
447 512
785 129
839 558
738 479
172 281
727 585
197 890
126 80
224 968
337 367
45 182
525 364
543 802
470 589
767 809
200 33
254 244
435 954
720 680
941 508
428 209
802 834
500 889
141 756
732 71
994 711
82 332
729 979
324 273
306 772
475 903
884 361
357 471
306 919
807 309
382 535
963 11
649 795
128 330
437 496
247 473
284 325
252 433
511 580
57 197
186 547
460 134
63 507
468 649
165 343
747 386
423 995
688 624
82 803
925 381
873 564
178 546
803 769
678 927
96 907
464 623
624 717
86 609
878 310
806 51
130 560
759 241
190 724
514 682
109 796
2 502
40 829
780 683
424 412
903 796
465 816
282 870
588 821
878 528
25 746
130 338
60 151
320 76
692 988
696 407
154 688
865 288
224 424
41 806
690 141
596 280
225 50
45 871
462 676
435 587
185 668
679 980
558 223
462 176
541 787
637 638
162 692
288 871
113 755
277 229
580 386
504 469
33 577
345 983
325 782
309 692
880 592
241 806
172 396
447 282
654 844
768 651
346 427
609 487
188 742
135 425
229 478
176 38
584 163
875 612
238 356
578 897
135 318
861 807
858 433
57 406
883 30
920 20
635 577
690 898
124 458
362 595
551 839
212 814
755 216
186 741
924 603
680 989
674 142
52 270
324 555
310 578
539 820
38 909
705 556
790 262
281 761
702 211
333 692
744 101
625 502
415 870
91 974
131 439
62 221
891 103
854 105
397 685
743 804
810 3
539 451
481 671
857 36
584 940
568 49
218 630
451 944
731 956
477 175
465 796
799 443
528 638
800 243
931 587
240 960
314 587
746 566
139 556
377 41
676 285
783 754
22 251
351 613
889 70
601 378
802 678
273 439
991 533
118 643
11 711
103 85
875 4
13 301
415 105
609 176
735 528
611 542
577 658
634 357
11 852
895 350
88 824
741 548
728 657
286 361
859 697
732 169
969 169
352 165
278 669
653 162
945 944
784 370
868 13
456 195
738 745
85 802
195 190
858 482
896 203
73 606
404 466
775 189
669 474
307 649
90 827
822 248
755 7
691 815
466 518
252 27
471 379
772 596
555 364
538 594
691 860
484 998
765 339
712 321
986 96
933 679
290 683
990 760
223 283
996 25
378 464
820 239
169 987
226 668
623 320
873 611
568 239
470 275
327 126
976 372
668 346
156 102
182 994
915 499
240 191
277 790
324 769
367 766
442 69
805 288
146 223
188 294
960 311
688 870
468 22
126 750
640 985
477 832
579 732
672 490
363 89
296 46
443 833
467 71
106 909
676 305
696 10
994 342
296 957
324 843
631 641
338 296
377 182
625 616
206 467
705 432
435 643
595 417
278 863
262 432
233 288
340 524
809 880
153 487
154 840
519 361
333 214
297 832
409 830
603 664
72 64
769 46
272 514
349 620
620 627
119 634
211 631
584 251
962 424
817 363
87 9
968 233
769 456
555 536
446 248
194 881
34 998
523 310
104 126
983 416
696 866
643 829
128 286
510 882
501 633
949 481
575 123
342 778
713 998
716 3
458 287
858 495
829 764
310 189
467 551
674 523
714 556
17 276
200 926
511 790
772 396
798 189
706 408
753 841
806 103
330 932
425 904
185 895
853 456
13 177
711 30
222 20
39 925
695 252
231 373
503 752
749 760
17 199
36 869
961 546
26 191
202 832
732 557
714 811
199 616
261 937
44 559
435 622
348 981
385 411
629 245
81 583
443 184
848 541
174 312
386 472
634 524
802 976
966 711
537 101
940 934
941 507
267 212
840 18
989 495
258 561
833 895
209 146
637 413
137 333
395 360
533 66
333 476
446 604
663 802
696 544
824 469
879 49
389 491
137 386
610 123
233 745
470 14
536 120
260 344
890 717
906 342
927 764
716 321
554 356
293 656
150 884
868 4
75 899
584 723
990 755
664 331
209 721
320 385
369 674
277 989
539 486
943 264
377 321
565 262
493 747
613 522
853 123
657 800
558 849
454 642
505 354
147 514
206 554
226 25
465 823
815 179
502 202
964 971
126 550
736 726
808 291
297 290
435 428
855 139
149 614
494 905
960 29
966 103
1 599
74 167
58 544
184 859
867 510
5 787
335 60
871 478
175 423
306 274
490 55
645 707
758 884
249 804
875 936
404 874
775 805
906 724
33 576
747 34
279 220
606 699
166 968
48 131
466 878
292 566
884 168
119 653
875 615
324 487
452 316
686 30
264 586
854 563
609 819
403 129
261 355
30 416
401 325
659 432
789 829
204 371
722 496
673 220
128 343
115 883
96 731
61 583
703 1000
171 139
9 244
158 407
922 151
669 57
781 735
29 154
602 76
506 345
270 156
327 405
238 784
757 736
540 778
1000 287
599 375
105 701
215 544
825 340
717 926
207 624
268 724
341 506
770 690
915 327
482 32
523 826
143 549
438 735
700 678
443 695
300 724
502 214
628 896
370 912
83 269
232 945
193 477
484 592
947 244
288 567
112 267
613 695
671 517
835 939
586 846
336 814
260 692
836 619
253 935
349 500
978 260
906 633
762 415
193 872
805 929
684 311
392 846
283 923
276 448
723 409
710 753
162 443
36 448
229 414
479 744
758 749
228 936
157 372
486 480
422 632
315 520
155 863
617 920
138 3
403 157
849 61
150 608
727 180
850 1
20 146
739 538
538 595
831 202
651 848
798 897
584 269
308 149
38 778
422 437
539 339
668 437
725 708
360 828
17 525
125 612
898 430
373 602
195 650
900 215
349 624
227 61
725 294
423 457
341 45
763 72
537 851
493 802
359 266
667 663
795 856
449 132
178 890
251 272
913 245
492 94
610 857
406 362
83 715
23 436
655 365
554 880
238 761
213 891
887 276
601 443
567 666
986 711
790 447
774 976
956 915
95 417
61 241
875 197
699 519
822 972
879 789
277 457
723 889
672 713
946 40
714 861
718 572
667 846
282 480
875 995
257 166
573 376
443 159
797 804
652 105
945 241
961 841
783 469
453 298
92 126
776 853
767 823
718 329
262 211
963 354
11 81
767 900
440 741
245 938
913 590
86 614
879 431
256 55
901 585
523 75
390 198
587 988
674 469
379 345
346 130
755 226
573 941
405 523
281 533
379 310
308 250
988 612
683 414
379 316
299 101
268 856
512 6
539 913
608 447
76 253
117 999
940 406
778 329
382 859
696 405
693 122
470 461
588 352
706 247
963 732
801 169
929 860
808 667
644 289
856 181
714 557
844 472
131 287
204 895
526 180
651 834
217 252
40 835
943 85
435 562
268 371
179 184
833 687
916 787
630 235
633 693
45 607
799 650
781 171
622 219
531 444
257 631
993 333
559 10
562 474
690 231
191 950
140 132
412 929
953 943
365 895
390 580
706 605
11 689
412 976
306 367
236 748
681 265
918 110
6 628
577 680
173 221
139 341
583 406
935 847
244 22
500 952
659 987
969 151
646 567
813 30
672 802
569 970
343 307
550 775
366 912
722 88
443 409
872 629
928 807
966 599
695 143
111 964
31 263
837 121
832 989
276 222
594 433
449 742
294 225
648 644
846 811
405 559
561 905
806 629
493 166
476 877
795 708
561 340
555 196
750 197
980 362
388 165
905 21
636 41
394 530
899 563
384 516
579 859
816 519
48 913
308 355
67 738
463 513
583 784
36 258
860 967
735 213
238 599
207 524
522 584
670 576
231 442
514 680
643 468
465 822
331 966
544 127
856 385
123 642
397 117
805 72
643 357
771 440
717 684
739 460
154 346
37 754
277 400
373 199
374 672
966 100
801 695
719 308
767 537
444 278
930 616
310 331
619 692
600 610
64 353
33 982
529 809
34 393
606 809
475 313
516 561
220 470
188 898
335 861
706 835
563 758
214 646
694 412
72 187
550 976
755 670
348 216
167 564
59 919
701 604
885 495
12 295
110 454
76 754
336 655
98 866
462 451
46 514
965 488
768 828
538 858
557 142
81 221
493 360
43 153
210 394
345 643
397 866
16 735
698 407
515 699
835 18
67 188
164 427
512 95
254 722
238 55
954 748
574 653
612 448
189 625
461 492
815 685
214 44
604 636
237 133
221 768
419 968
204 82
591 870
622 8
632 732
373 758
942 518
433 641
17 322
808 595
332 381
425 37
134 719
1000 687
805 266
164 390
860 939
706 449
190 758
247 995
52 755
770 546
131 228
907 434
903 770
460 616
947 70
611 213
335 509
47 425
14 342
606 88
576 155
829 231
387 300
541 723
608 155
476 212
666 388
633 79
600 128
563 820
118 929
107 400
241 998
866 735
300 793
637 512
888 529
659 930
568 845
392 847
275 355
104 569
585 14
325 267
97 356
79 851
471 166
954 76
828 613
760 915
626 580
453 760
699 240
883 79
738 854
834 537
284 634
232 187
198 912
987 61
133 779
821 446
38 952
107 772
945 626
566 354
626 185
147 16
845 409
424 907
850 561
7 516
265 125
640 415
824 236
795 573
982 77
15 190
18 238
200 789
846 684
425 240
333 551
355 115
306 131
565 204
472 181
429 145
673 315
293 26
939 838
244 712
296 129
443 722
28 328
490 731
622 608
775 539
473 559
607 244
666 710
926 812
509 478
628 532
810 569
6 766
957 310
995 767
173 359
468 357
788 964
847 475
188 868
942 69
50 837
774 736
596 785
718 428
356 188
888 407
651 469
415 220
279 857
667 623
82 69
504 271
512 556
732 925
452 87
759 870
151 548
710 722
174 121
813 353
419 20
202 973
186 470
774 319
160 741
361 164
487 988
807 445
992 258
741 393
119 485
237 922
898 746
958 906
851 566
466 744
341 908
879 140
574 987
648 632
388 819
299 392
66 437
432 567
640 460
468 709
898 780
938 225
789 598
630 556
765 599
696 66
894 805
164 760
652 789
781 631
69 677
431 66
352 854
307 208
571 943
576 519
283 75
825 295
499 403
458 255
98 70
74 431
57 731
496 277
939 661
45 606
430 488
969 346
36 91
331 421
136 597
283 262
909 70
501 358
608 613
914 476
202 474
244 881
795 355
657 390
658 985
805 774
908 987
995 616
465 661
50 873
179 631
606 818
599 534
221 240
800 24
361 469
277 63
897 682
177 340
470 947
998 133
229 8
267 807
106 325
857 669
557 314
608 382
593 238
77 981
461 374
909 614
652 700
744 253
781 808
873 799
359 828
489 518
555 199
95 774
955 737
939 164
445 819
744 650
311 814
627 729
55 832
61 771
247 248
485 675
754 236
956 528
207 670
152 912
196 247
411 109
433 757
415 941
933 800
934 123
994 462
562 522
856 275
164 259
472 28
627 868
791 823
499 965
61 86
411 139
348 474
839 203
933 2
541 605
246 205
601 498
641 859
199 697
445 688
705 348
942 419
412 897
966 101
715 295
156 203
889 24
118 698
589 871
201 62
463 410
410 274
215 453
69 644
644 527
663 317
611 628
81 929
89 834
550 977
742 425
708 361
139 94
603 597
521 842
225 499
621 841
140 636
340 406
936 400
632 178
786 706
747 547
567 468
872 368
929 223
638 859
698 404
347 302
494 51
578 702
962 257
599 84
730 997
364 619
842 983
646 239
940 456
464 401
181 988
840 716
55 823
773 248
649 426
172 753
736 879
89 181
3 894
454 911
207 717
4 394
964 740
695 884
592 187
901 213
946 510
624 748
424 969
933 196
900 19
739 13
250 66
378 127
360 670
718 917
536 641
991 483
408 864
545 949
967 378
435 285
753 810
628 898
800 676
923 240
232 947
795 673
865 321
518 787
944 592
134 285
288 696
572 72
704 112
26 100
605 176
827 890
610 358
629 58
775 762
348 978
427 520
177 33
435 729
741 545
675 399
822 290
823 31
44 166
712 904
604 110
841 868
181 459
390 73
449 899
376 925
621 813
181 380
517 754
590 984
759 931
116 935
992 192
45 413
397 820
788 443
798 116
34 961
322 132
902 214
941 628
357 381
588 495
290 678
593 300
714 488
171 233
997 301
966 946
656 891
828 230
109 413
455 177
55 48
506 386
481 990
781 705
807 941
991 144
316 800
156 97
104 271
514 847
752 462
970 413
700 614
612 170
460 431
798 579
235 873
713 923
255 679
632 983
143 571
737 600
773 656
745 949
920 497
821 644
400 224
679 554
870 623
187 178
781 22
503 670
72 568
469 538
832 18
905 714
391 307
72 903
698 583
406 148
580 551
757 263
783 798
92 457
438 229
499 505
7 368
230 123
788 539
96 123
866 595
797 979
858 675
31 15
659 814
185 955
979 801
656 268
470 916
534 365
979 654
48 476
523 749
996 523
772 789
851 584
580 10
711 800
36 728
541 921
113 651
4 590
698 546
632 345
764 878
391 554
251 773
915 852
116 601
887 387
234 266
588 275
608 433
826 488
405 747
82 936
78 86
685 918
695 670
165 447
935 143
42 74
123 45
530 295
472 227
604 724
118 352
928 22
506 14
269 290
880 319
273 935
383 224
238 953
902 766
378 68
155 52
782 979
666 680
282 177
411 351
71 265
673 908
409 306
139 617
804 365
844 926
97 231
832 126
391 279
619 166
220 235
760 272
64 263
671 876
124 911
642 98
515 240
992 227
315 118
275 344
121 459
358 40
932 495
456 32
699 492
791 436
405 105
245 618
194 748
690 297
191 851
729 821
788 686
547 1
410 755
68 907
542 258
460 795
384 373
479 947
172 857
417 6
653 779
229 233
357 292
983 464
328 566
778 408
83 584
624 124
325 833
333 652
118 418
523 420
138 906
412 61
808 746
437 670
864 678
683 154
750 286
303 197
235 531
345 119
790 825
703 292
388 821
454 274
991 121
169 50
443 575
522 630
389 573
66 858
491 459
758 399
5 749
889 332
890 255
914 550
491 88
734 420
130 302
41 153
278 222
286 693
628 990
19 686
653 19
565 406
69 979
804 385
550 357
953 113
940 577
705 460
10 650
373 374
448 851
76 959
165 602
205 541
6 598
813 350
390 689
945 174
451 421
659 904
732 850
606 815
348 43
535 241
558 82
335 863
373 392
563 760
754 927
31 54
880 596
681 517
280 938
710 648
824 807
162 402
401 938
309 289
702 776
918 965
542 977
284 993
431 882
320 884
441 202
332 678
33 272
803 276
271 778
823 841
661 158
223 525
707 734
158 248
489 711
551 835
605 200
355 746
281 723
122 739
12 869
459 312
830 281
190 184
800 732
985 720
894 896
392 110
720 99
886 528
887 201
86 104
325 736
754 190
810 124
995 184
263 858
464 726
839 507
731 658
859 473
109 218
299 526
284 97
36 587
532 592
406 333
63 523
246 12
710 511
568 420
240 117
386 825
848 628
596 498
100 705
709 573
175 241
16 250
625 358
356 826
229 314
773 605
10 735
961 981
840 514
657 444
72 620
469 758
951 310
476 214
353 901
266 564
296 372
732 135
742 360
689 892
983 630
859 524
676 78
827 234
847 231
885 336
957 611
682 2
767 796
552 323
435 841
534 471
148 278
611 736
940 986
867 2
140 658
152 989
557 95
727 339
485 68
895 981
659 755
77 186
858 401
569 738
897 299
169 684
924 516
702 401
333 370
543 707
600 907
369 422
171 232
296 342
372 344
284 393
621 368
142 795
470 420
554 315
920 641
99 410
122 985
342 226
1000 382
303 253
565 202
89 1
295 303
98 603
835 588
303 98
35 704
329 483
865 529
900 496
592 469
331 298
957 82
271 731
581 786
900 278
795 488
559 115
840 687
13 107
79 990
409 198
641 563
37 502
386 174
998 628
463 428
853 628
585 206
412 894
510 73
511 400
975 1
387 552
861 442
828 293
858 672
949 535
35 466
712 933
242 780
401 771
399 264
989 568
42 759
794 518
7 823
580 11
600 841
586 676
613 205
320 876
7 836
671 493
626 840
773 285
403 849
411 756
268 859
358 939
492 505
54 435
366 422
574 843
794 843
765 740
622 87
790 931
536 830
442 390
132 201
891 178
303 288
587 349
56 483
21 811
748 401
366 57
104 431
468 848
86 259
108 335
588 65
660 598
829 361
65 4
51 217
364 112
865 573
833 31
155 55
655 322
53 668
411 714
41 188
443 752
465 856
260 331
891 766
89 680
439 356
520 174
705 374
639 162
172 623
606 22
365 892
260 760
335 36
874 470
68 417
675 667
287 193
144 81
932 10
220 236
24 519
151 323
379 85
672 583
487 318
642 99
534 189
153 86
54 721
524 67
62 902
637 710
84 698
180 825
487 655
387 655
606 707
628 447
901 871
336 535
873 304
930 376
571 41
76 713
538 978
243 72
922 437
102 957
160 660
656 361
100 342
392 615
431 974
228 342
664 147
93 583
738 796
78 293
100 293
941 665
711 775
858 329
785 949
401 632
254 554
264 688
228 65
933 746
219 270
756 735
613 114
815 650
281 871
503 78
512 229
218 202
812 680
542 449
526 970
613 852
110 653
191 386
584 550
342 810
311 857
256 705
973 588
441 587
15 845
798 521
711 216
969 905
531 142
600 454
982 341
89 490
308 652
257 694
75 139
630 347
867 183
616 501
112 148
274 767
919 237
562 362
134 915
302 209
963 625
198 102
495 736
539 38
558 774
154 456
528 309
288 670
254 345
1 427
775 515
61 423
409 190
586 70
988 342
337 428
634 330
824 970
788 621
718 490
130 147
975 505
499 432
520 646
686 247
689 49
836 160
84 589
659 872
446 775
328 919
550 806
91 488
662 479
909 582
559 845
51 774
214 470
552 533
972 215
590 109
60 968
594 400
228 150
409 532
15 272
881 708
241 357
388 870
280 359
485 873
176 372
132 757
533 324
113 803
403 99
613 918
398 426
478 935
460 167
501 573
462 813
854 499
122 710
255 610
132 129
798 730
493 826
39 754
740 333
85 16
860 934
260 892
482 60
728 316
156 829
198 160
294 663
745 991
360 733
191 789
937 8
1 661
383 125
919 241
188 125
740 562
434 100
857 890
415 310
236 273
899 125
494 937
64 418
211 181
411 439
899 394
387 356
638 479
819 675
396 432
234 514
666 50
888 382
121 273
859 527
324 344
163 20
457 823
645 948
405 63
104 572
785 561
733 155
36 381
899 196
107 165
728 517
962 493
585 412
750 582
306 743
1 115
111 904
386 945
577 800
64 925
211 606
603 288
163 963
954 58
936 705
385 333
224 723
975 608
176 342
105 176
582 578
90 772
593 155
132 545
9 314
561 837
122 661
485 293
17 999
753 477
751 62
935 391
78 396
100 396
836 344
55 996
830 314
8 333
318 110
302 883
229 945
55 789
540 763
377 547
566 387
181 687
863 327
792 508
753 494
873 879
907 797
985 461
517 86
829 324
761 630
432 611
317 16
564 23
507 910
588 941
494 760
175 39
268 331
394 922
882 545
459 752
248 637
815 119
377 95
804 740
913 817
700 309
701 108
687 41
415 298
571 576
718 657
645 613
315 142
26 215
615 827
942 473
801 815
736 496
295 721
900 565
500 49
69 36
842 228
736 367
278 848
542 765
724 768
796 661
176 822
837 47
970 640
132 961
421 840
337 261
784 196
90 599
382 279
384 210
409 769
450 431
859 777
570 460
245 950
160 760
96 458
879 24
539 981
668 759
544 973
46 795
418 386
129 368
369 496
298 956
190 230
925 113
708 871
116 714
669 76
854 456
950 607
313 394
905 78
450 821
640 749
706 884
133 288
959 916
360 570
269 288
201 634
809 891
937 334
350 149
478 110
852 959
445 127
84 289
526 184
38 502
759 152
544 87
943 81
856 425
505 189
35 588
986 564
148 949
365 601
402 485
85 846
943 198
543 783
999 697
546 947
50 2
59 304
130 853
383 363
334 357
335 212
173 217
395 163
88 399
550 601
153 428
757 427
44 330
465 283
407 600
176 978
277 807
367 340
421 876
831 741
224 647
604 417
695 26
332 604
594 139
940 931
102 946
820 761
505 836
894 430
972 524
522 335
301 1000
765 67
293 808
974 497
263 428
214 314
215 983
690 875
30 472
432 583
17 943
886 667
65 955
63 400
156 278
798 989
359 825
752 731
365 104
882 82
635 886
281 791
321 194
79 540
486 541
125 552
806 331
403 292
221 741
216 81
526 890
928 197
681 972
363 472
646 435
236 108
928 52
754 378
813 775
653 734
838 730
711 104
53 590
383 203
523 866
681 236
334 564
598 405
605 391
112 228
363 156
369 651
551 967
175 317
602 971
952 911
135 751
249 958
879 958
935 888
538 226
297 592
41 115
805 904
257 226
828 383
940 865
248 113
637 745
188 808
783 961
846 335
230 144
603 598
654 854
125 422
435 924
917 32
811 613
266 82
231 574
436 678
197 523
965 850
392 403
393 958
986 487
104 44
656 899
393 152
468 580
569 23
454 627
881 293
313 337
596 824
879 196
986 168
496 148
223 195
616 165
216 307
53 384
147 839
481 657
463 993
981 100
32 133
502 501
436 431
645 221
423 739
264 376
249 286
140 411
765 894
736 792
316 180
923 68
282 836
815 82
230 534
856 97
505 117
201 876
810 446
408 658
671 627
766 567
344 804
956 123
919 97
328 285
905 723
448 770
835 942
196 672
947 360
396 34
552 152
24 977
504 25
785 278
415 87
805 987
118 564
676 72
490 167
664 528
258 289
717 142
871 223
844 794
107 404
961 944
685 23
249 549
659 644
163 885
55 291
387 893
318 723
484 319
655 752
413 229
987 128
892 142
128 123
57 331
475 84
901 592
959 302
600 879
826 241
973 126
849 48
172 803
555 354
739 513
854 306
546 99
143 211
845 405
963 573
742 615
596 860
213 396
714 675
860 869
865 821
30 549
995 214
694 422
599 456
239 282
311 640
867 16
298 285
818 724
856 351
213 238
35 706
688 780
680 525
327 154
922 598
855 640
677 224
442 691
559 140
190 609
128 888
340 86
704 374
201 776
934 864
277 611
887 640
547 881
452 671
553 76
554 927
866 925
577 342
151 511
178 443
895 26
255 187
438 841
850 393
68 478
783 795
802 599
171 620
266 776
413 935
729 734
950 246
326 700
185 952
404 158
36 606
102 919
547 102
492 823
915 309
774 307
668 978
371 978
926 398
802 168
345 563
327 903
223 566
479 600
411 63
266 509
52 430
825 874
863 998
114 163
311 547
302 946
413 491
492 612
161 532
898 665
61 537
885 999
454 552
434 208
203 872
845 441
721 235
894 990
826 614
185 342
422 37
15 158
739 872
613 655
47 809
798 531
235 697
752 493
1 897
496 43
334 910
472 4
312 392
208 526
976 329
819 222
38 326
114 984
615 632
249 71
322 653
79 783
705 372
136 601
232 910
654 319
69 229
850 474
652 292
546 803
813 969
583 508
344 907
844 1000
149 814
40 183
562 57
84 853
323 759
567 776
366 699
718 396
214 895
286 280
462 87
832 654
34 320
141 668
56 760
914 924
756 101
918 828
561 81
779 486
394 72
124 735
824 765
950 77
737 368
29 844
581 815
778 527
509 772
578 551
688 43
603 408
548 527
823 663
437 72
590 134
792 121
722 262
890 868
377 783
752 845
768 226
474 207
115 308
394 396
821 99
787 431
327 286
94 575
595 638
298 32
762 525
20 159
178 586
394 543
622 113
829 927
240 287
707 277
492 253
865 893
960 599
613 675
716 172
189 44
47 178
714 989
1 798
734 280
457 332
368 145
956 882
524 590
338 569
174 819
585 584
602 694
89 281
71 345
455 702
517 335
866 99
606 985
144 145
718 863
62 759
410 124
374 677
206 482
689 964
999 227
893 636
527 696
508 734
657 723
737 550
101 601
407 639
206 300
803 170
782 548
84 591
713 185
306 705
788 333
291 367
741 747
478 963
462 452
465 32
419 435
232 324
677 964
141 866
402 674
954 919
850 804
711 741
817 673
470 189
475 873
42 348
685 758
158 270
841 22
678 577
6 322
651 699
782 419
341 817
755 511
61 690
902 776
796 267
246 758
617 482
194 85
450 971
548 912
521 228
874 950
450 890
713 928
612 178
942 519
446 758
449 178
765 908
769 871
420 789
320 129
710 498
412 337
415 530
825 301
933 81
992 755
956 790
724 298
536 952
52 623
2 324
455 674
847 684
297 256
740 572
779 900
887 703
671 626
675 631
253 607
588 760
771 40
130 416
739 380
652 285
304 499
234 146
533 750
805 841
407 701
158 637
567 963
469 868
384 426
884 837
25 79
215 485
699 440
98 545
409 954
33 614
894 5
453 449
133 348
763 597
483 642
524 148
871 815
680 426
415 653
773 966
279 826
512 355
859 860
440 702
591 269
924 656
85 668
897 296
590 79
976 815
816 952
485 291
323 152
128 410
593 42
884 479
506 133
906 153
599 116
525 881
147 23
223 256
761 937
579 248
503 48
530 428
233 564
363 645
61 726
319 642
855 972
179 124
548 948
218 307
766 853
448 308
753 31
311 643
956 724
703 377
248 673
464 558
194 347
674 593
398 849
518 582
244 725
52 732
156 690
140 271
252 811
18 687
37 145
829 149
667 38
80 892
634 63
248 494
67 850
412 603
415 276
594 609
64 225
691 221
529 202
126 322
992 876
900 567
150 50
297 542
351 727
10 577
762 330
139 303
358 177
654 578
748 361
883 498
3 332
619 476
514 64
73 432
612 867
758 545
304 76
512 545
110 528
422 956
335 897
438 394
828 518
928 640
418 190
457 668
629 606
494 290
523 65
926 30
450 335
159 629
676 545
56 938
842 777
521 410
464 63
798 84
730 822
803 702
788 202
422 376
830 325
247 461
873 806
32 258
146 374
474 155
241 188
759 342
427 355
527 348
696 984
768 293
717 894
811 505
460 233
243 715
597 408
925 401
838 978
824 124
147 785
846 881
441 556
613 654
65 104
874 910
835 412
91 198
469 134
970 445
717 928
520 484
313 618
772 557
597 250
190 245
19 783
13 857
911 832
58 834
298 385
981 140
644 988
973 792
809 164
905 665
157 976
191 956
417 771
753 565
75 607
314 765
760 421
681 272
136 553
464 393
163 496
369 86
420 481
314 876
546 745
157 754
12 25
557 531
680 181
366 696
455 793
116 709
962 963
390 344
12 170
289 555
534 35
21 212
580 293
49 171
931 213
310 338
295 426
172 55
860 196
722 520
240 453
663 984
688 44
599 990
103 687
676 581
823 662
111 160
81 405
904 310
622 276
453 989
497 165
596 951
722 406
543 644
472 933
368 726
273 838
764 108
124 243
380 357
826 635
522 784
356 462
213 67
470 338
532 457
660 355
130 921
203 117
574 68
78 791
778 585
47 204
982 505
514 819
252 542
80 407
281 249
338 679
502 82
105 996
541 11
313 759
391 4
227 345
643 566
378 983
992 583
809 119
813 280
903 926
692 932
52 571
938 548
463 67
835 948
951 302
808 72
80 979
282 578
266 540
361 666
864 367
535 156
944 663
276 791
513 422
767 151
657 918
300 194
961 664
713 47
609 398
352 145
119 789
245 586
963 403
971 158
653 450
306 766
291 366
59 794
693 599
875 604
744 851
586 537
239 29
595 168
592 741
920 28
559 831
673 868
345 411
551 895
951 934
394 113
975 747
493 132
99 277
426 79
565 976
532 143
332 405
597 495
392 66
194 82
692 469
674 872
808 714
644 336
313 448
540 769
598 11
270 22
900 137
938 964
136 470
854 208
160 460
89 90
217 141
12 634
316 199
868 404
692 154
341 372
311 604
957 74
624 975
782 234
606 179
535 365
496 338
407 990
856 18
919 99
377 741
406 18
248 322
871 362
448 772
957 98
838 113
164 320
457 474
439 478
64 468
619 98
987 710
400 822
518 935
960 677
70 425
976 740
103 307
361 400
607 739
386 411
775 919
181 206
983 848
768 879
181 470
399 387
861 372
862 951
337 56
923 849
674 345
215 187
419 430
607 897
975 621
779 190
497 771
918 711
299 21
52 368
731 54
933 734
509 700
275 476
67 158
57 148
80 19
69 937
342 119
425 869
972 26
20 511
122 997
450 812
324 789
398 52
256 541
347 363
481 578
964 709
142 57
659 274
229 737
311 563
4 201
577 153
761 484
799 782
567 942
701 248
891 726
91 779
527 940
587 241
102 510
654 289
966 23
880 212
662 892
478 461
687 155
435 538
26 69
154 89
832 153
124 864
487 278
310 309
718 438
301 78
374 908
895 378
128 908
846 282
480 415
363 744
56 734
332 571
3 621
150 396
633 312
10 307
584 148
968 51
676 844
950 103
842 596
435 982
954 384
93 718
721 813
133 695
150 639
870 398
305 454
271 729
669 725
256 969
955 396
744 489
228 218
46 943
489 754
175 535
150 857
744 376
691 787
68 690
12 670
160 840
363 723
678 654
552 782
310 514
665 561
383 656
691 561
817 734
512 140
643 690
551 101
373 519
834 59
88 649
674 912
751 674
511 649
522 716
118 357
817 952
245 735
549 661
368 24
441 522
672 32
839 57
899 779
97 943
39 516
44 882
596 455
190 688
768 542
725 282
144 792
294 99
294 722
577 22
800 975
409 388
887 753
763 463
891 754
709 11
857 171
791 15
830 627
724 466
136 603
112 684
403 872
605 465
766 192
364 417
116 258
300 953
442 21
123 842
960 672
476 154
793 840
867 603
231 928
35 141
954 445
791 322
262 404
465 280
304 154
175 745
270 899
148 347
277 57
854 845
512 526
231 646
552 287
456 180
522 507
873 453
68 97
908 311
508 376
401 850
350 915
147 402
76 596
901 517
688 94
45 335
293 981
60 321
515 211
30 76
474 90
517 582
845 121
132 509
349 874
722 260
797 502
898 891
955 630
766 484
441 610
30 366
103 908
329 867
807 18
610 886
545 103
489 956
964 639
490 822
217 918
751 849
593 275
42 43
460 270
796 336
285 981
909 325
90 319
737 547
578 24
834 142
83 746
450 647
553 718
554 17
460 492
355 286
722 207
340 251
491 462
628 773
477 879
27 32
143 638
917 919
94 8
574 310
443 784
923 234
905 555
246 199
247 570
892 717
770 891
678 336
274 522
188 196
26 155
391 481
856 166
106 973
256 948
385 442
783 231
838 165
351 467
94 869
282 291
215 451
487 350
624 352
770 12
193 821
270 927
788 728
680 289
591 21
178 125
280 943
844 749
998 57
871 773
253 110
733 804
326 762
719 881
410 673
788 318
457 714
702 668
812 68
261 474
744 402
217 606
930 27
586 617
973 87
702 623
794 634
228 146
387 475
471 366
675 617
574 549
702 510
3 976
155 617
961 994
20 373
216 536
414 549
881 474
95 864
743 948
325 747
713 981
806 362
256 562
811 448
517 126
920 584
190 878
527 181
549 685
236 216
218 639
139 889
395 723
782 29
711 73
397 1
230 533
786 943
306 125
62 682
363 116
169 620
132 352
762 82
926 827
531 509
476 316
315 826
359 156
27 810
232 968
1000 850
491 857
771 187
836 614
405 345
49 391
847 125
816 495
396 259
897 866
519 532
793 945
48 200
11 988
374 976
509 119
563 584
175 790
738 766
722 27
874 359
12 593
50 668
659 758
603 943
444 996
747 517
307 656
756 908
233 792
968 837
76 997
204 399
370 99
2 960
561 970
265 21
927 559
659 325
592 992
167 234
170 154
319 831
34 701
848 9
242 312
905 86
469 127
803 883
651 591
352 867
374 180
216 274
416 980
553 757
996 604
722 784
616 275
730 263
269 137
326 442
364 9
844 259
147 725
95 139
230 934
51 113
397 37
31 311
387 83
151 26
245 171
355 423
766 967
731 656
202 94
525 186
164 567
653 405
549 52
788 860
202 417
535 481
450 858
597 792
49 338
140 111
126 7
884 8
98 737
645 982
139 289
858 907
434 671
326 583
816 395
961 726
862 533
994 46
927 425
395 8
159 51
382 392
124 583
351 142
219 893
736 65
422 946
372 257
871 845
395 502
524 134
128 171
58 36
519 497
703 660
120 341
216 916
841 667
745 55
251 682
638 778
756 66
163 624
938 438
544 961
673 803
985 625
274 287
517 771
366 427
683 39
422 457
680 727
411 231
467 720
358 831
341 644
694 677
650 380
240 502
238 865
384 560
61 760
348 279
179 373
694 596
274 99
592 234
4 904
556 589
833 240
541 191
355 148
599 489
731 721
435 12
311 737
94 243
994 293
278 490
192 791
840 66
312 688
131 148
295 215
155 10
179 128
930 856
623 709
184 618
994 7
562 323
529 394
841 392
894 318
684 818
956 79
343 903
130 102
704 15
795 376
754 67
306 359
163 498
921 258
903 502
281 99
176 839
603 928
453 357
880 991
113 766
923 589
227 840
46 268
709 52
694 392
658 200
100 649
438 74
667 576
196 40
326 671
789 221
93 672
977 277
408 56
485 54
305 400
989 486
355 534
214 387
784 450
689 379
198 817
142 523
627 19
55 522
663 843
815 800
372 702
877 679
808 946
492 587
163 765
133 989
527 269
471 683
76 25
441 876
540 648
812 677
725 644
673 41
821 145
843 889
610 580
556 674
392 55
640 61
948 20
327 57
4 108
189 395
189 184
926 233
325 552
698 367
369 988
939 456
243 967
800 114
50 369
892 488
848 910
260 788
819 63
433 456
72 664
568 381
866 126
165 555
841 420
414 998
700 505
196 584
258 55
499 665
120 866
796 571
657 347
434 724
555 912
700 223
850 332
98 681
63 649
928 285
836 911
983 616
469 830
186 196
432 153
980 430
590 805
673 113
927 282
769 252
845 738
112 819
168 741
173 948
940 899
910 863
487 908
869 180
198 940
692 496
169 698
433 101
747 681
342 399
76 351
294 482
393 51
61 740
398 316
148 504
750 865
531 866
714 283
691 616
48 550
548 915
553 527
915 112
613 883
725 265
339 578
325 635
566 555
938 962
406 724
722 813
265 692
584 982
970 499
952 858
934 158
939 564
728 257
891 863
251 508
753 850
383 235
807 629
478 181
579 746
1000 949
567 649
142 492
18 838
395 68
851 133
478 830
176 594
952 551
215 561
244 769
779 534
482 906
836 717
818 112
212 231
775 834
343 572
241 926
166 771
447 578
253 815
35 68
573 476
650 619
903 335
871 219
953 570
256 175
25 207
301 778
305 335
77 291
578 840
449 900
488 190
729 992
989 558
104 685
242 885
134 69
358 679
169 662
633 480
354 650
85 522
176 474
285 88
217 642
327 701
332 213
856 279
836 325
215 776
422 418
869 283
484 895
592 112
446 590
526 903
251 205
821 201
6 194
644 310
131 413
209 593
193 116
588 91
844 429
833 132
62 374
134 675
817 995
32 165
153 663
220 277
122 52
602 762
808 341
353 360
944 789
246 157
786 276
433 459
705 364
809 45
999 838
288 620
698 735
976 880
754 755
449 573
614 539
639 188
749 556
897 675
258 511
645 753
814 478
46 390
609 234
997 579
814 907
323 684
675 451
348 233
242 548
849 596
595 24
245 671
998 119
966 721
328 69
737 255
154 961
764 528
584 150
768 845
898 448
522 340
250 985
825 765
777 610
506 994
747 736
567 277
510 670
919 972
721 973
447 139
711 686
566 215
971 517
536 991
898 661
811 220
426 114
299 384
726 297
102 581
566 326
454 556
75 345
170 127
1000 418
401 321
221 832
61 759
578 387
541 13
433 880
341 103
749 170
369 166
682 945
251 326
880 310
218 389
972 286
207 563
703 414
964 842
966 471
478 226
61 74
152 858
373 968
195 796
553 498
813 960
83 351
869 836
504 776
586 330
861 980
828 131
477 43
627 368
634 94
410 100
193 412
361 530
325 119
400 82
768 138
98 275
525 46
563 967
966 384
224 229
206 621
257 797
528 493
782 534
24 512
310 279
130 137
597 541
709 51
987 433
703 42
145 972
55 65
791 461
405 114
908 367
323 793
196 41
270 816
716 800
257 443
985 769
582 493
642 782
438 405
340 694
372 409
33 269
875 514
513 27
881 577
257 325
774 162
45 478
177 558
950 355
976 234
632 380
704 793
272 917
494 142
521 274
321 340
417 715
912 913
105 429
863 740
462 987
485 602
839 383
20 433
976 423
99 472
237 442
240 354
8 104
912 718
565 268
141 532
551 361
593 563
596 630
173 739
322 459
975 422
614 886
5 726
275 506
62 409
569 888
224 839
92 580
420 211
916 824
52 518
594 661
649 556
139 394
585 942
487 122
490 426
993 465
701 768
193 745
323 582
966 492
510 56
675 266
287 48
970 882
20 733
186 197
793 987
480 490
244 115
337 311
524 29
282 336
859 598
680 489
993 812
166 966
941 68
140 741
131 265
642 867
987 310
370 264
336 376
708 480
530 896
750 543
219 213
682 711
475 79
591 309
252 155
43 144
198 828
493 240
668 564
635 971
686 693
447 195
969 615
198 847
54 419
885 987
389 70
726 337
564 372
30 328
161 431
274 134
536 205
555 27
497 471
647 715
617 486
398 95
381 701
939 265
400 379
908 728
857 128
490 955
311 699
458 349
852 909
674 585
678 1
173 711
877 351
236 105
424 99
903 885
944 874
356 850
231 294
692 788
253 407
4 502
173 489
892 723
309 485
629 480
779 521
675 712
838 116
966 441
804 732
823 448
940 540
207 47
210 769
746 735
927 294
423 93
288 815
254 462
236 557
129 365
2 21
943 203
831 858
7 260
10 568
235 495
1 171
475 284
537 265
704 278
374 982
258 685
358 626
874 93
320 1000
962 603
176 596
375 946
431 908
548 508
234 513
423 24
252 46
570 135
460 824
952 678
223 511
565 896
587 584
894 596
414 878
509 554
9 30
377 948
583 540
90 467
735 481
132 220
498 908
227 214
941 782
241 318
817 768
929 846
39 319
441 532
635 162
856 693
873 761
485 739
406 753
812 908
764 373
506 101
610 879
717 521
866 197
61 37
134 819
985 241
398 679
681 232
938 729
819 118
359 401
568 310
239 847
809 76
519 777
740 931
118 843
176 718
61 489
638 509
306 464
71 720
475 459
628 307
784 974
719 100
135 183
747 167
970 650
483 853
171 929
233 190
950 203
827 124
902 366
86 569
931 138
951 215
917 99
42 623
701 647
742 248
873 127
15 688
178 597
385 419
524 410
391 653
285 394
851 976
932 951
831 131
869 92
781 938
176 455
142 479
408 311
772 563
683 392
569 793
711 574
379 177
713 689
994 723
479 138
427 359
255 595
237 68
911 47
772 196
392 29
467 579
3 499
666 879
242 429
8 77
726 123
13 964
195 993
318 424
454 862
679 275
275 969
389 961
819 180
657 817
126 678
143 758
2 486
166 317
321 804
982 691
207 692
288 427
862 133
554 858
978 638
337 256
38 56
70 40
952 625
183 715
349 255
351 529
779 960
652 338
601 270
412 955
162 962
165 733
995 514
889 11
249 932
788 993
455 900
849 661
150 210
614 407
447 564
512 995
352 26
885 352
818 283
158 712
453 500
310 391
691 261
266 809
589 557
72 24
328 98
349 724
723 347
128 137
332 937
958 589
849 695
428 340
270 595
629 574
263 426
93 665
621 638
323 199
968 816
665 752
133 842
669 264
542 46
564 482
157 84
474 346
158 279
395 698
99 765
81 282
65 957
348 311
985 764
523 816
679 64
562 846
549 596
587 737
167 317
377 733
817 840
378 142
843 968
114 644
463 523
504 728
14 3
127 414
860 985
408 926
647 789
27 180
505 242
674 661
435 155
255 314
956 783
387 28
156 881
88 53
14 349
587 45
643 367
516 231
809 123
517 330
300 722
231 146
634 798
535 442
903 566
830 530
339 85
382 149
348 797
633 953
465 607
317 534
945 341
676 195
658 562
370 199
120 979
407 517
712 695
244 938
953 374
418 830
718 776
532 998
106 125
128 887
280 946
558 453
943 661
290 215
310 18
602 592
372 335
64 904
873 422
713 627
628 184
793 357
382 620
405 887
86 676
822 232
518 241
629 530
869 3
889 701
963 66
232 216
855 80
693 373
567 348
65 1000
925 130
450 34
329 947
516 365
886 761
142 775
4 812
608 599
28 554
435 501
123 124
877 939
988 613
754 182
292 42
890 470
808 605
955 994
879 833
62 344
189 930
398 894
303 396
531 288
203 371
187 598
352 458
541 391
201 77
532 702
438 581
330 114
724 422
601 535
637 835
212 114
430 41
468 228
363 6
754 717
995 461
415 460
58 715
160 855
594 521
560 697
353 925
260 703
634 262
562 107
780 438
657 325
687 373
405 471
443 140
374 932
106 206
34 419
861 430
463 614
3 484
689 197
581 63
805 551
257 113
791 500
41 962
667 522
194 556
410 529
513 160
236 867
538 789
483 534
871 955
750 568
860 136
294 251
81 55
299 248
693 472
125 166
242 962
3 928
498 88
690 858
877 732
91 235
238 110
310 907
242 85
600 915
761 254
898 830
683 60
226 545
655 178
432 660
142 995
248 968
688 421
542 256
946 697
123 24
51 295
75 413
937 458
78 800
887 90
818 639
265 325
749 85
363 422
564 30
527 138
680 755
734 330
860 897
554 212
705 64
338 619
283 22
265 551
437 865
502 265
607 254
455 637
439 280
886 419
202 550
448 245
69 267
933 338
165 824
774 862
41 874
999 209
268 526
576 96
855 586
870 838
685 339
413 560
451 357
707 564
409 811
567 59
29 753
98 845
78 166
408 78
509 890
167 980
59 695
696 528
949 162
935 467
644 123
104 987
430 705
882 214
976 159
741 145
872 448
894 625
972 939
574 883
902 695
617 300
69 905
768 314
209 79
192 588
713 914
899 593
972 137
374 151
1 923
950 880
535 578
921 858
813 796
616 370
182 72
486 588
485 919
831 503
476 594
766 919
565 456
10 957
343 787
53 789
424 203
766 625
783 410
242 915
595 363
830 710
583 506
698 13
559 164
101 559
993 149
873 243
45 24
73 976
337 346
889 981
853 882
50 577
742 10
46 749
727 151
927 172
98 399
16 960
309 325
759 973
324 262
972 666
611 237
665 326
618 302
111 175
367 785
793 426
426 197
997 138
899 6
871 673
83 610
752 835
713 707
366 475
441 768
544 607
981 646
730 902
843 749
167 175
423 769
652 973
134 444
748 550
713 829
713 555
848 212
778 739
599 281
32 1
950 941
644 264
972 173
576 718
333 997
834 138
28 117
925 737
119 290
416 799
471 891
459 851
79 602
812 853
762 856
443 988
832 262
870 706
726 870
914 276
398 957
679 532
848 528
26 372
62 622
430 18
32 973
922 988
164 218
339 84
729 348
268 104
785 146
136 969
900 613
480 142
886 282
410 233
864 356
870 782
690 480
749 899
953 690
114 443
864 467
166 885
889 768
656 431
339 15
735 414
148 379
24 265
277 89
318 943
968 480
172 543
534 435
223 854
119 641
376 907
876 808
661 52
609 355
264 630
319 208
105 220
698 637
751 189
879 488
205 560
546 231
198 818
720 318
67 169
195 380
379 139
968 956
995 453
389 68
233 578
878 18
455 199
541 66
610 615
94 428
919 581
109 42
506 476
839 498
471 942
240 128
238 911
386 748
834 238
951 837
937 143
919 299
830 834
597 189
726 787
801 584
621 199
626 433
571 862
274 328
972 439
943 22
999 641
500 263
27 945
468 229
452 674
112 263
844 584
149 654
648 291
942 453
364 485
187 420
903 426
596 72
118 668
376 491
788 640
395 147
461 973
953 861
98 905
594 921
754 304
760 337
888 390
465 715
895 333
609 60
239 489
385 10
978 395
409 956
654 650
552 332
757 285
858 580
229 412
298 543
405 793
558 337
267 776
965 433
125 52
987 153
882 465
55 469
315 516
604 134
46 775
90 191
147 172
367 841
345 666
618 99
960 856
99 308
560 258
85 361
323 444
470 445
806 315
366 258
811 403
632 660
484 713
912 874
187 549
717 805
744 989
375 353
583 828
970 387
809 775
891 911
29 404
934 185
166 279
867 102
703 686
322 561
677 233
770 541
190 616
875 288
179 217
507 740
75 984
738 120
762 114
452 646
899 65
538 259
6 463
934 581
508 14
122 408
361 341
605 234
438 243
206 335
262 429
410 336
898 189
24 722
991 786
940 800
432 23
125 502
73 962
806 953
828 685
428 227
746 98
508 337
570 468
310 219
851 485
889 538
67 434
358 759
977 116
859 958
54 348
642 984
203 690
500 620
967 684
294 463
546 941
720 375
538 520
542 48
413 484
803 676
811 209
778 490
198 661
808 873
556 811
356 321
820 208
915 60
844 238
294 11
5 76
118 463
725 349
564 221
624 576
974 573
221 974
624 735
777 813
109 153
679 269
539 390
631 52
838 758
179 23
970 310
473 886
457 298
991 301
978 636
761 372
193 480
13 53
896 951
844 513
149 597
903 716
743 269
943 191
53 901
576 222
448 833
656 166
303 589
589 888
845 718
917 705
889 250
248 238
975 157
50 796
292 801
117 133
780 206
622 167
606 712
811 736
448 926
836 181
339 503
305 315
125 410
319 302
279 433
603 755
50 721
713 279
626 560
242 809
825 38
284 518
540 750
233 954
183 476
997 56
194 823
730 869
898 934
397 882
54 299
168 269
441 918
613 232
742 964
375 493
12 891
416 235
683 502
795 720
464 416
928 511
30 339
894 914
256 444
705 707
180 11
808 724
682 181
294 55
285 992
762 647
449 62
748 950
216 351
126 998
87 612
324 874
792 572
522 749
209 670
28 118
925 736
943 527
982 499
895 566
866 280
170 259
557 917
912 592
821 544
468 556
960 332
286 253
892 603
514 559
342 636
326 17
683 592
776 334
743 416
936 580
303 771
568 752
87 936
990 203
828 162
1000 891
567 583
568 607
18 512
308 80
184 872
831 978
776 428
853 578
359 185
662 936
130 249
386 367
709 387
124 933
202 711
719 94
25 70
317 758
11 951
659 771
605 67
788 741
206 54
390 457
267 158
457 636
612 944
519 420
978 198
46 526
876 809
457 717
560 170
157 276
732 360
113 760
556 62
314 305
116 965
377 835
194 528
385 538
551 202
897 487
648 571
81 260
992 424
968 524
700 887
402 974
575 81
522 943
66 99
566 444
74 598
915 116
899 539
762 667
193 108
415 997
659 123
881 63
347 743
613 704
227 413
999 747
982 287
680 537
436 439
40 888
294 829
316 221
653 762
855 756
469 297
183 623
848 622
734 398
737 698
399 428
4 497
229 145
987 830
491 685
92 730
18 725
518 782
79 972
581 394
66 713
250 410
586 16
804 431
733 351
606 983
383 346
365 827
106 189
213 647
36 128
993 99
943 50
37 257
818 334
415 236
382 401
609 51
188 954
33 639
508 479
112 708
439 875
443 364
157 470
672 870
128 503
825 628
988 960
646 890
722 20
650 329
40 121
820 697
569 583
140 539
110 345
46 142
96 295
210 467
232 167
56 917
988 742
826 249
258 893
191 9
138 135
108 921
752 103
544 553
266 291
649 354
722 600
764 778
700 795
114 488
795 521
394 734
87 447
678 838
184 134
114 379
136 105
601 891
13 989
880 270
920 962
939 391
52 820
736 845
796 187
69 471
515 709
53 654
365 620
316 80
615 588
106 620
322 673
434 39
634 70
227 740
779 578
196 637
203 751
650 838
678 662
796 968
598 580
434 777
842 154
92 301
3 292
995 632
283 596
310 525
434 664
823 342
180 103
439 169
991 908
615 16
70 399
474 524
337 380
15 927
571 7
129 104
132 857
295 447
25 175
98 847
51 939
234 287
606 527
385 311
849 362
225 560
817 276
28 362
661 107
516 930
885 717
100 267
542 166
393 877
552 982
370 49
243 261
441 707
318 416
835 214
425 326
75 349
294 185
620 836
446 452
270 182
825 189
644 391
592 80
919 543
354 383
564 222
412 67
226 731
182 235
283 367
231 768
388 468
619 710
948 172
828 560
661 769
125 755
830 136
404 754
249 365
801 390
568 503
57 630
904 921
502 248
503 593
839 219
911 766
127 197
27 395
455 722
411 929
721 404
362 470
325 226
237 436
867 355
575 946
279 209
433 129
463 485
671 704
31 801
76 910
900 530
480 83
63 656
101 557
671 849
619 32
323 767
286 497
417 614
658 604
60 392
724 813
11 906
106 4
713 52
362 938
383 624
258 737
194 739
202 617
84 563
290 206
715 883
516 864
775 981
462 496
626 561
337 122
543 478
458 178
277 862
272 747
129 790
137 291
727 130
57 500
656 382
666 540
975 976
9 377
726 478
711 654
986 443
65 508
860 400
897 410
882 248
6 350
212 967
375 149
68 547
930 322
768 361
739 942
702 294
886 515
965 313
605 937
665 896
946 639
731 643
894 845
329 583
444 896
612 134
78 798
389 913
302 402
770 672
971 97
650 966
551 569
565 441
914 131
421 401
424 395
667 473
770 962
734 403
992 606
520 229
978 609
151 89
634 15
706 656
784 810
452 584
607 304
19 699
209 122
173 274
710 59
892 826
866 861
210 793
269 656
715 672
771 210
899 297
738 259
689 845
283 540
931 920
179 607
733 28
127 829
555 804
974 798
745 438
384 127
819 623
895 312
649 965
900 788
832 738
177 275
382 340
722 49
618 110
637 450
893 952
766 190
750 547
842 662
864 162
280 83
48 415
927 787
492 646
419 520
313 13
578 515
392 412
927 928
859 22
699 961
472 579
51 558
512 44
321 468
241 236
167 252
104 964
669 154
178 663
530 576
33 248
531 873
476 976
316 393
540 745
189 501
76 381
63 58
623 324
391 959
43 848
100 775
467 636
252 714
454 778
866 330
639 237
173 690
229 758
35 721
127 985
303 960
198 158
53 681
862 177
184 440
916 873
190 626
139 716
362 415
198 41
36 860
899 415
519 801
847 692
102 469
856 25
940 79
54 616
532 930
771 16
165 769
520 784
981 431
912 234
163 288
500 394
309 902
728 834
303 516
917 760
187 23
775 750
706 777
949 663
254 93
538 126
598 906
76 692
934 61
49 244
379 621
340 989
881 803
275 662
699 601
558 343
334 241
671 220
695 202
73 591
367 117
43 355
732 842
487 828
972 732
609 766
663 793
225 757
635 634
621 579
177 618
275 485
172 939
66 418
531 788
941 781
804 148
649 353
171 229
731 301
271 134
365 39
521 191
101 437
511 296
271 311
576 665
904 128
264 63
563 389
601 890
798 572
382 645
273 951
22 618
334 808
282 911
393 494
394 817
549 843
643 394
277 648
98 183
47 114
231 497
108 124
239 986
204 559
652 875
536 958
943 52
696 495
36 880
771 511
448 200
417 895
971 128
582 378
148 761
314 737
461 590
387 375
693 931
567 910
589 850
553 196
315 9
170 796
45 928
463 433
653 161
983 702
654 586
412 881
81 812
839 570
54 662
75 649
884 929
380 576
108 440
555 876
580 616
206 252
391 90
283 885
724 459
736 71
438 19
297 945
212 817
271 689
659 206
965 403
569 666
676 730
54 210
827 350
980 816
355 81
253 370
91 200
170 233
6 371
372 727
981 751
882 36
833 424
744 29
527 420
638 633
843 851
511 932
264 76
137 194
749 165
513 623
91 519
809 720
113 195
556 587
156 89
35 792
911 987
882 665
520 492
994 319
801 436
503 419
30 817
457 351
991 414
370 149
778 959
377 400
840 792
893 906
783 386
517 338
79 865
814 492
781 221
269 905
640 803
559 849
221 432
439 377
672 372
13 388
291 830
700 66
597 710
33 875
514 282
73 122
491 807
41 147
700 49
872 822
466 91
83 287
98 526
335 847
762 473
369 331
864 441
543 187
67 370
139 33
267 116
529 601
876 688
171 720
188 722
266 164
929 492
149 562
73 694
437 189
789 72
405 863
10 161
57 553
177 720
73 519
115 444
371 806
655 33
284 695
214 304
224 402
534 615
630 968
432 625
414 929
716 737
203 958
268 416
816 727
601 615
332 168
262 644
191 294
29 135
750 51
935 167
717 101
759 419
282 549
644 795
801 327
317 598
15 197
739 143
649 155
5 185
191 516
123 434
434 315
736 903
424 509
374 97
213 173
86 405
179 117
628 780
75 132
772 230
5 132
967 389
990 62
723 993
83 382
49 690
247 563
106 933
838 498
469 629
330 173
593 865
447 886
25 315
250 388
657 460
741 862
723 831
192 309
746 740
429 56
124 816
87 264
16 99
130 247
645 820
390 685
304 302
358 113
876 502
533 947
945 43
712 778
215 329
224 996
576 329
867 858
132 786
38 873
689 858
929 392
128 105
882 424
955 348
573 773
298 713
307 701
289 922
822 236
776 556
368 957
739 670
96 396
205 38
458 398
656 839
67 29
787 980
860 454
39 163
744 183
543 723
67 170
87 183
368 667
756 518
613 923
426 55
882 931
526 514
817 654
809 526
368 746
332 397
303 380
288 43
416 80
75 501
437 710
545 245
289 439
972 204
991 48
479 492
961 101
728 408
711 177
527 33
353 469
351 806
763 174
302 286
106 743
268 346
569 219
226 204
602 659
846 106
541 564
466 366
467 187
912 348
736 624
598 574
505 349
748 495
235 196
679 321
150 47
960 231
936 880
577 610
997 553
301 98
358 29
344 763
456 21
954 380
847 235
225 328
816 373
319 386
429 318
159 168
148 282
689 74
315 680
627 179
241 476
573 809
885 759
533 395
475 991
345 511
185 102
683 419
811 246
871 746
34 837
74 918
977 787
13 761
837 807
903 268
919 322
269 416
184 136
810 68
521 15
575 452
29 480
359 601
485 750
832 686
826 682
974 86
874 802
95 549
38 449
265 555
506 209
71 139
878 617
973 875
84 246
265 948
982 539
400 221
143 959
888 600
406 71
83 310
714 453
794 456
126 504
533 664
680 932
457 109
809 192
738 880
33 846
306 378
897 677
398 666
280 673
64 264
301 53
837 131
163 428
560 552
706 874
766 394
966 696
309 587
36 309
438 97
441 451
742 403
690 310
283 884
803 109
732 157
124 580
453 428
550 778
499 226
427 769
279 736
765 195
603 744
896 264
381 218
842 604
92 147
292 637
59 858
225 566
44 14
112 960
441 14
78 213
775 145
852 917
381 475
622 406
518 189
538 535
479 979
363 826
324 716
860 398
592 820
39 183
355 814
350 288
75 351
683 28
406 965
890 552
119 142
657 633
656 852
454 945
471 525
510 973
237 464
537 555
481 614
269 341
539 411
376 588
535 848
52 778
757 971
350 19
31 636
748 130
674 765
686 754
883 925
865 442
350 418
540 150
338 474
339 975
784 704
611 795
994 241
619 772
123 981
197 422
73 232
291 801
232 890
387 338
687 327
491 806
55 185
583 716
451 536
775 672
390 710
801 945
110 731
169 914
115 835
867 720
249 649
289 546
79 341
559 607
230 227
452 185
471 143
18 348
779 16
998 228
945 1000
656 357
987 341
38 641
535 833
64 976
989 921
826 204
241 484
388 999
100 297
233 840
397 879
107 803
825 908
128 428
315 958
869 123
467 919
525 863
379 227
108 995
397 733
117 859
392 192
215 718
95 884
652 952
262 645
781 683
912 806
394 517
329 756
915 93
475 594
778 751
851 943
217 15
281 418
806 209
497 271
28 113
753 990
934 117
863 17
576 625
978 829
299 942
840 934
584 816
183 516
644 42
82 80
72 671
633 866
705 189
998 984
306 32
714 165
204 711
761 134
64 82
434 383
359 37
676 377
948 710
967 171
810 739
92 871
297 460
923 256
652 194
619 113
732 944
684 563
984 159
591 108
404 890
757 404
690 713
42 136
818 312
361 419
261 516
202 597
776 824
150 477
499 45
720 645
217 167
617 771
524 377
449 945
67 510
799 4
684 119
78 226
245 883
673 898
945 869
436 856
38 572
919 925
594 388
189 672
544 913
137 349
769 256
591 593
138 881
54 421
111 316
778 417
51 417
696 810
968 527
74 962
717 172
740 19
703 105
229 530
60 512
5 385
890 467
32 33
531 73
365 355
988 976
611 484
4 222
60 206
264 355
835 748
4 365
478 188
795 106
241 467
527 851
227 395
142 503
827 573
541 563
676 270
454 468
524 842
568 638
491 849
560 702
795 313
615 920
342 204
845 659
771 816
312 349
884 847
975 48
723 75
214 834
50 803
345 913
783 459
25 39
172 466
435 377
67 78
379 766
664 906
115 168
6 841
978 22
906 843
619 264
422 537
559 900
446 950
488 165
452 256
293 772
20 76
160 583
858 354
73 990
174 514
738 984
411 630
