1000 9894
198 786
954 800
540 553
384 809
565 906
629 273
111 336
186 633
823 447
29 918
323 416
307 807
686 949
694 576
643 750
716 8
735 380
539 513
777 485
912 524
605 689
199 960
700 747
463 895
563 165
467 376
251 401
810 502
154 370
834 400
35 557
770 904
921 524
39 889
880 473
28 462
853 21
35 442
364 438
917 568
476 280
791 83
120 818
637 979
175 510
527 597
73 92
98 761
410 301
379 956
182 433
111 621
862 751
221 253
859 615
969 235
504 286
340 908
243 123
882 116
82 455
609 788
677 593
627 225
831 427
941 279
634 987
358 747
72 448
733 917
383 780
441 13
993 584
703 749
744 466
413 281
258 407
755 144
259 889
332 865
410 899
195 427
750 315
74 824
788 220
113 790
777 837
261 60
228 33
601 521
618 745
503 121
51 616
38 806
275 112
78 615
48 534
470 477
716 477
241 895
958 102
299 679
392 3
601 811
952 59
955 944
429 765
673 359
127 480
308 270
551 322
990 806
312 713
4 7
930 768
122 224
710 417
861 523
183 547
106 572
532 652
406 497
45 591
548 158
503 707
986 857
408 725
904 762
300 547
624 159
381 785
753 637
577 967
421 685
117 254
154 104
727 885
980 291
287 69
490 83
303 175
451 238
870 246
598 833
694 384
42 811
258 697
1 917
361 87
694 307
880 693
239 146
921 159
413 817
909 652
915 563
309 320
916 216
864 153
2 616
261 493
928 678
158 127
159 450
795 783
20 4
737 510
43 173
371 808
437 912
896 51
442 810
937 841
555 278
369 319
846 827
558 839
479 822
635 548
621 521
638 697
988 600
555 167
422 402
116 643
688 260
363 694
200 189
765 667
949 468
517 240
655 278
707 286
986 843
294 954
333 992
320 257
49 837
302 401
123 436
408 996
669 759
304 789
265 529
490 608
531 266
1 875
392 590
917 813
863 161
131 248
151 229
9 532
59 394
443 811
51 681
35 485
606 108
537 619
224 442
495 432
808 50
737 892
224 297
676 201
110 773
615 692
560 610
258 948
444 405
690 413
853 575
287 57
89 802
861 68
139 254
457 919
186 191
232 401
410 875
324 65
590 860
974 63
580 810
51 996
106 281
89 642
525 151
41 220
629 619
6 140
63 885
210 491
394 226
471 233
521 597
519 70
116 961
546 224
506 549
677 858
826 336
167 104
388 875
103 858
967 513
368 669
955 685
596 989
959 109
268 784
75 358
151 581
137 143
691 624
912 771
70 543
513 548
40 606
386 630
868 184
381 491
530 353
549 707
824 62
809 814
44 408
623 551
165 91
847 915
60 359
596 401
415 519
36 712
718 996
795 109
154 287
562 688
815 102
799 685
47 456
340 70
838 333
72 700
92 551
169 314
353 181
706 755
581 485
563 102
212 120
143 970
990 171
294 610
642 481
227 605
671 756
451 593
987 675
960 249
609 198
849 727
372 100
616 922
582 243
309 629
880 543
186 224
480 397
244 94
139 26
950 230
642 175
96 221
519 375
701 893
98 935
393 667
6 605
323 982
620 608
470 923
335 551
505 776
824 576
147 469
225 665
635 654
637 84
25 431
68 817
589 209
367 231
547 805
94 704
95 681
206 722
265 28
360 158
930 278
623 135
20 274
169 952
726 372
507 206
968 556
221 884
402 46
351 465
617 459
532 292
333 532
916 699
350 795
691 765
829 343
385 941
299 600
588 930
386 892
518 573
316 253
423 699
173 548
853 450
383 183
809 36
203 277
356 400
361 941
452 636
2 319
934 924
224 499
757 791
739 308
278 144
944 924
339 930
981 479
791 619
719 335
662 997
151 352
980 264
73 44
805 995
699 352
899 354
741 997
614 381
82 162
847 144
836 975
196 430
399 715
928 957
266 828
970 516
755 806
974 196
617 841
498 260
690 647
30 188
233 48
125 98
971 846
845 873
243 235
461 96
288 271
141 846
932 559
826 54
864 877
917 221
101 90
488 17
988 710
259 888
422 740
578 582
569 377
953 26
933 585
113 998
160 276
963 830
730 95
553 574
882 946
848 238
649 19
578 411
742 654
122 783
268 943
960 154
146 15
114 667
846 664
65 101
191 493
857 193
689 454
57 521
319 985
153 714
472 987
853 117
247 778
454 224
610 778
30 222
294 889
758 434
728 193
691 503
13 223
514 580
970 130
554 837
482 872
106 588
433 308
396 996
199 709
352 324
922 848
207 206
361 538
801 853
385 421
794 150
979 142
413 716
423 421
844 796
905 864
547 323
287 68
988 247
725 139
899 350
906 558
705 185
991 893
577 985
210 226
449 826
693 727
570 258
399 604
254 890
77 227
43 287
794 765
449 580
259 323
110 277
383 803
205 63
704 738
299 198
462 662
154 719
73 227
802 51
324 659
769 314
366 114
893 165
134 148
462 513
455 581
622 291
147 235
846 939
764 240
341 801
413 372
679 121
717 134
789 521
958 176
797 238
265 421
584 709
561 944
34 762
4 966
623 43
298 167
317 393
100 879
997 487
946 635
123 454
105 695
363 471
125 684
972 171
757 651
411 125
311 732
919 285
23 328
246 51
908 530
486 610
269 200
291 528
328 285
408 788
470 73
370 922
136 658
924 347
322 741
697 983
485 478
774 905
634 122
193 624
934 598
50 219
970 920
687 357
193 737
505 311
838 771
295 652
760 315
745 553
546 714
427 262
976 196
187 124
952 386
524 21
272 414
880 579
720 744
885 510
690 14
466 860
741 100
920 329
647 238
780 973
917 164
663 896
390 236
507 342
367 194
635 594
946 987
174 241
290 544
185 79
74 881
825 31
453 934
972 922
556 857
557 560
501 670
319 781
412 225
204 67
105 753
668 466
319 658
782 350
678 863
626 100
844 51
445 809
740 492
263 843
273 975
994 371
497 297
557 867
528 835
621 48
625 53
454 153
806 66
282 806
246 31
598 224
156 819
861 415
424 754
758 506
338 529
464 860
987 900
787 512
415 258
573 47
979 360
852 218
945 392
891 692
378 865
89 754
404 587
421 659
748 490
362 189
913 827
474 787
382 184
843 390
883 629
207 55
33 784
353 775
414 262
550 914
385 12
940 826
698 812
547 232
290 131
254 208
918 769
759 877
188 550
267 177
648 391
881 807
805 689
720 611
862 930
629 989
906 984
673 563
379 478
551 566
149 302
99 975
341 534
219 422
169 669
202 8
704 810
299 14
691 768
106 685
613 544
371 656
946 846
17 610
169 959
647 662
196 884
843 683
773 204
333 581
467 687
655 331
499 629
566 894
757 722
441 540
423 596
564 118
412 491
553 333
491 354
381 970
527 831
559 935
28 187
857 21
87 884
577 150
852 792
213 866
35 606
752 220
94 63
810 500
244 584
101 961
784 743
22 827
417 883
553 191
184 694
847 261
889 119
887 516
197 366
12 84
66 376
456 342
757 40
461 731
614 483
227 969
728 802
715 620
455 809
824 912
269 549
101 77
52 588
63 601
428 74
909 533
289 756
145 872
793 4
447 335
452 215
769 51
196 220
200 279
555 415
439 616
405 936
924 712
932 959
826 166
831 139
137 411
581 592
806 639
147 206
574 747
332 242
575 182
359 485
741 154
744 242
981 747
48 697
143 58
215 943
412 41
765 757
199 243
950 553
256 581
833 349
959 821
137 198
411 995
32 508
711 340
969 781
472 243
181 661
94 366
942 984
834 161
448 364
551 380
807 726
930 767
350 22
978 999
45 572
862 141
540 437
478 378
960 405
984 27
236 312
329 234
438 516
999 157
242 609
642 336
914 461
58 539
330 260
6 715
98 296
743 152
72 979
793 876
635 528
476 109
849 653
427 563
999 67
33 780
664 550
439 136
652 63
780 196
729 660
685 193
408 147
873 289
125 404
941 819
276 394
224 843
651 206
390 118
767 938
898 445
422 551
25 831
851 391
108 838
162 96
327 606
183 474
665 335
372 529
802 48
417 22
317 664
969 54
741 45
466 701
575 125
323 348
930 236
146 319
916 431
497 81
668 600
998 551
347 499
369 31
601 916
506 336
60 639
796 427
69 743
179 347
200 862
191 387
523 690
329 192
625 8
39 588
759 221
709 952
250 63
69 537
398 789
611 90
313 771
960 322
83 661
778 863
49 549
734 404
60 163
832 140
94 346
486 845
737 769
594 650
496 689
424 174
780 188
870 551
746 593
619 229
726 603
14 583
273 447
292 109
990 348
296 872
180 976
801 993
89 951
610 339
160 537
407 541
720 858
404 773
844 417
106 402
427 684
832 435
214 660
196 487
490 196
342 900
419 320
519 353
193 947
149 152
208 428
337 200
907 68
289 813
495 395
435 73
617 913
577 221
525 926
606 544
220 690
114 141
78 272
685 856
894 726
806 564
688 339
803 610
716 257
748 833
152 688
858 94
87 288
824 226
864 739
630 714
445 870
372 954
907 913
164 722
94 407
448 293
862 884
752 467
900 463
476 755
497 296
960 640
923 408
523 734
925 734
748 807
643 317
94 177
744 646
726 810
451 932
415 513
1 885
644 9
222 21
369 583
151 11
49 577
106 626
87 981
439 268
726 756
784 779
180 723
861 787
662 876
739 363
151 489
465 546
410 165
265 923
601 334
784 922
931 861
144 121
780 430
853 608
913 715
884 842
872 882
524 939
908 458
432 403
361 499
414 263
127 732
684 673
410 502
90 578
479 692
462 386
759 590
693 526
680 407
390 62
907 96
379 465
949 805
509 878
592 558
537 163
295 247
619 827
9 474
580 7
87 113
16 670
208 182
842 432
581 635
905 622
752 819
933 706
534 547
672 367
47 596
376 763
285 223
473 423
146 263
76 196
298 90
65 893
26 832
134 639
462 792
506 392
969 784
696 952
949 266
181 688
243 875
765 562
805 331
532 405
809 776
100 951
528 928
969 626
142 180
660 561
330 956
458 201
956 856
350 59
946 354
549 967
753 884
147 591
193 285
729 195
568 319
866 60
630 13
724 450
325 153
254 305
992 906
131 976
830 722
64 413
303 694
396 500
895 8
128 634
638 490
549 283
511 384
245 756
429 31
525 482
610 222
895 366
537 492
685 220
931 995
447 761
641 350
446 450
261 613
101 358
685 275
840 234
954 126
771 604
793 180
668 800
51 990
769 419
76 443
457 655
924 713
651 899
154 745
945 674
253 269
94 787
475 452
427 176
526 732
393 992
301 663
608 467
368 844
981 797
872 456
726 295
532 228
349 263
124 252
34 724
311 980
510 976
572 644
420 636
60 459
223 9
740 421
212 766
639 689
36 556
808 541
844 407
81 27
687 783
445 112
526 139
965 617
640 538
491 478
365 441
494 679
226 1
797 965
27 80
249 224
930 879
93 303
535 312
960 406
743 437
9 590
622 530
308 990
574 401
859 108
516 298
225 57
705 503
374 730
323 596
675 651
602 446
28 503
168 327
760 289
408 502
11 819
504 95
837 99
50 791
457 879
828 362
499 420
233 240
234 91
197 853
838 583
21 231
528 133
675 118
456 160
629 995
686 346
655 649
729 949
674 405
656 744
950 462
72 81
993 617
557 296
851 631
335 654
673 875
640 156
324 669
767 651
536 477
688 368
593 109
371 587
392 196
972 537
536 251
705 708
833 399
815 523
765 664
273 848
939 295
43 874
36 724
246 279
872 194
398 248
511 849
313 544
132 44
817 976
359 669
846 470
325 541
87 722
127 385
772 92
712 905
391 881
925 618
17 117
435 226
202 187
311 591
95 308
960 323
320 34
895 797
986 539
249 109
636 623
8 904
639 280
89 660
644 820
188 216
597 884
287 260
59 705
690 968
638 467
144 429
699 317
679 963
349 508
525 473
12 236
651 818
676 523
867 752
64 739
234 191
153 435
943 668
825 609
608 95
498 331
903 2
617 775
889 618
837 266
55 349
793 364
689 259
752 999
768 958
676 543
414 774
163 932
829 795
461 183
817 495
104 835
798 14
158 233
968 853
350 625
646 66
200 993
171 110
543 734
233 697
697 234
733 764
384 725
414 529
20 488
696 925
753 156
4 932
959 844
670 497
86 232
970 407
498 61
173 684
981 117
873 660
868 578
199 984
38 478
243 940
27 107
623 657
883 936
921 651
457 36
527 863
107 214
70 990
731 816
573 45
938 634
540 218
671 608
874 636
636 627
692 909
166 604
83 398
671 753
75 530
828 460
921 344
870 851
323 556
178 281
434 751
954 406
611 565
922 168
802 578
107 274
788 529
76 803
172 462
779 382
943 707
784 200
949 514
236 965
681 592
974 239
137 562
923 703
676 22
382 378
989 434
646 893
278 529
686 402
6 576
231 595
489 368
822 82
846 84
777 627
600 894
347 239
475 978
521 630
428 420
559 284
273 621
462 50
259 942
261 196
501 719
137 462
428 571
569 467
199 376
823 578
256 460
590 379
406 818
560 314
299 302
708 898
512 189
397 661
735 491
517 164
575 114
833 375
138 627
583 679
51 302
89 231
17 642
972 158
131 390
543 865
583 820
17 275
308 310
754 290
574 9
705 942
913 217
644 95
577 148
173 545
389 612
799 146
433 444
5 505
623 693
537 774
520 212
616 573
890 68
139 750
666 882
416 573
718 886
444 139
871 300
411 498
531 608
649 96
624 119
274 582
460 925
268 40
325 41
92 292
681 257
794 32
466 113
230 917
784 22
433 120
72 776
70 375
172 291
249 752
20 671
37 711
421 888
82 48
121 430
745 257
90 531
859 793
399 490
664 793
577 796
854 540
780 919
802 187
819 843
949 824
570 79
119 502
689 331
341 552
440 471
350 702
349 793
963 5
379 218
952 370
916 405
4 65
259 906
651 864
536 632
898 795
521 332
850 512
669 92
122 923
708 998
431 377
351 793
271 224
982 611
496 203
829 263
616 236
274 486
528 909
438 328
991 388
18 882
737 650
80 711
856 40
126 398
967 300
313 967
121 14
500 246
999 236
896 685
658 964
988 323
699 272
844 799
478 549
763 681
585 253
16 140
606 801
941 196
638 150
93 267
955 463
684 362
373 759
315 265
577 990
281 137
653 417
750 927
769 236
20 802
93 692
21 87
48 27
450 387
486 461
713 287
661 39
367 58
397 793
396 940
881 638
93 598
975 552
711 758
180 334
197 680
573 989
315 949
579 384
730 796
347 324
976 116
395 25
907 742
765 294
492 462
955 754
243 516
173 933
895 728
984 397
937 504
648 869
668 376
601 779
801 345
821 790
203 99
960 678
338 774
996 987
881 228
443 577
152 786
709 934
544 131
6 718
965 733
947 126
92 607
105 452
792 849
151 86
814 274
523 995
526 390
72 531
161 806
805 245
662 838
735 884
3 71
866 997
351 639
121 42
412 139
288 687
274 910
544 624
253 942
788 911
71 765
768 147
993 95
921 234
116 410
359 849
291 62
864 338
701 759
832 842
524 16
896 643
73 378
736 150
377 580
870 97
803 40
723 257
427 844
453 752
422 577
513 124
384 904
276 142
722 330
854 695
820 963
661 493
508 119
717 69
538 584
946 937
927 574
731 425
146 289
589 11
280 487
872 1
415 848
947 625
754 93
629 207
78 675
97 470
320 579
318 242
146 451
167 475
35 923
428 773
591 912
179 38
860 951
865 856
105 713
333 785
338 637
140 395
322 546
584 849
786 405
623 656
239 975
899 846
863 129
728 188
767 357
218 866
424 253
79 807
201 315
865 199
974 931
213 655
101 622
546 749
858 811
140 862
380 571
310 426
132 990
495 858
901 942
716 852
758 583
522 448
364 961
323 986
73 743
510 396
834 314
158 40
717 263
647 92
426 352
806 711
399 183
760 645
445 565
372 587
229 206
124 500
234 596
56 780
128 361
316 710
299 400
229 863
143 35
957 837
765 750
693 113
604 556
769 513
316 548
243 764
986 156
528 787
14 86
199 46
556 188
19 316
916 566
39 641
99 106
981 8
309 438
199 959
136 335
338 567
770 530
218 727
37 49
458 70
22 847
848 578
98 33
526 463
863 862
633 797
154 494
373 26
249 36
851 431
486 779
897 526
264 499
202 466
903 624
258 977
465 524
525 62
110 854
373 316
784 23
590 591
202 692
449 534
245 754
693 846
451 367
804 169
250 225
441 453
993 240
707 574
500 800
267 65
340 905
646 719
101 356
181 215
485 5
363 998
988 956
368 797
777 541
120 354
967 651
802 184
272 647
357 645
789 942
955 410
404 396
763 398
571 475
829 161
284 682
474 72
238 417
773 506
998 431
273 584
203 907
95 649
873 159
502 645
655 875
214 9
998 649
488 322
986 193
753 202
754 101
113 107
848 226
456 248
392 8
496 204
424 377
740 423
652 769
49 860
178 952
385 459
895 517
123 384
812 875
193 221
601 200
840 944
801 414
394 988
967 9
435 136
74 328
95 210
481 346
725 55
840 799
765 822
776 347
173 405
460 94
978 432
409 263
62 715
376 334
766 639
490 442
662 810
618 438
408 585
407 645
602 887
698 630
720 994
862 317
554 754
131 863
885 196
490 970
579 565
987 540
130 157
793 971
810 811
344 697
21 229
229 322
68 192
713 141
950 162
552 269
182 88
904 818
149 129
380 833
537 232
441 195
907 426
507 334
552 555
772 996
548 839
977 34
741 473
690 905
198 972
949 140
330 612
829 870
812 372
794 923
997 176
747 841
677 818
401 511
698 383
683 481
265 460
43 78
394 444
762 541
299 361
302 696
72 854
312 908
668 377
291 409
639 710
324 851
420 914
916 639
721 481
812 952
618 891
752 313
678 17
458 188
623 370
446 597
305 551
322 479
435 228
936 351
203 320
513 470
784 659
13 255
339 600
102 554
100 687
84 52
446 951
672 779
801 644
480 418
36 325
606 81
220 490
95 468
525 245
710 51
433 165
698 667
128 548
571 264
944 646
887 894
897 784
37 525
22 435
851 217
624 493
858 630
769 207
217 130
98 783
779 50
558 678
623 526
158 917
564 683
536 522
893 33
472 707
590 67
673 885
677 837
417 55
539 876
42 332
143 890
51 32
683 139
52 229
380 186
346 966
129 532
792 212
280 488
800 751
854 406
675 877
420 720
259 594
208 890
392 113
856 566
801 139
274 13
296 493
65 176
967 179
473 155
240 186
457 14
386 738
60 397
665 789
406 737
139 998
946 490
916 861
506 85
326 328
397 42
867 116
62 470
486 514
32 773
969 548
819 39
308 626
992 643
682 674
648 463
830 987
444 114
942 753
448 117
801 567
827 563
352 657
4 506
723 898
80 640
999 849
767 501
474 876
922 916
344 932
456 318
933 308
607 429
306 801
22 125
595 301
408 385
118 746
179 530
54 642
790 118
903 169
82 187
245 285
533 976
166 911
543 235
301 236
31 7
567 241
820 529
805 556
993 836
405 190
870 2
640 183
859 831
953 438
276 77
828 626
632 115
996 508
266 103
784 488
548 401
197 589
879 417
493 422
383 790
544 547
868 694
309 52
845 162
439 657
998 384
46 781
485 339
553 811
915 844
293 608
169 530
885 786
561 964
746 456
282 54
845 388
539 761
902 853
924 821
770 806
378 491
68 611
87 449
536 18
43 807
464 752
714 720
829 915
166 587
385 904
473 283
99 28
706 108
928 30
866 358
903 943
890 352
670 189
645 288
259 509
526 93
454 8
93 456
610 210
758 474
151 40
173 432
279 327
452 633
948 614
199 732
865 256
3 113
478 301
154 495
836 647
729 369
568 689
734 226
884 651
315 144
667 167
871 447
448 895
379 965
213 561
239 561
618 155
81 563
540 478
500 3
410 311
748 345
19 985
131 755
558 46
969 237
309 596
741 21
665 164
951 428
570 363
519 342
371 52
211 671
160 667
675 44
513 153
839 577
276 97
519 487
885 547
7 147
929 329
395 373
275 299
516 939
732 297
721 56
868 825
778 1
690 885
316 552
128 374
80 95
564 385
433 897
786 903
192 400
423 790
941 981
446 461
933 965
132 164
117 610
647 519
155 333
431 488
569 207
221 964
648 218
441 572
575 481
277 254
672 192
471 872
735 239
868 460
317 66
457 812
631 959
230 636
235 982
550 387
169 484
776 348
619 876
732 645
164 169
95 499
66 663
529 21
354 227
991 565
395 836
32 666
989 52
607 485
496 631
760 292
44 421
447 568
162 696
552 464
571 348
865 127
563 953
940 879
392 941
45 13
125 319
128 871
384 273
295 453
97 326
787 780
63 633
43 436
175 879
435 914
93 690
594 121
557 3
571 281
463 969
547 53
841 720
132 693
850 926
392 538
671 398
493 366
989 617
689 373
708 151
690 902
811 166
234 685
401 510
60 789
122 586
907 536
569 9
697 60
695 601
934 307
186 571
601 920
618 582
584 714
395 723
368 341
213 184
647 619
342 825
821 569
908 985
26 566
354 139
890 297
288 229
291 646
751 580
723 651
977 655
97 964
478 203
302 373
325 828
161 843
148 859
97 821
540 241
559 87
835 791
305 768
347 997
628 554
314 574
279 268
139 441
356 897
306 170
861 188
473 747
662 823
554 580
858 392
558 132
351 654
671 687
374 549
857 525
876 351
89 955
129 284
438 774
554 727
873 128
390 677
504 126
654 522
768 629
144 319
382 99
310 460
148 415
561 386
907 154
34 115
58 396
441 508
222 667
196 114
289 688
250 261
977 355
888 194
528 870
968 122
510 481
622 533
343 195
399 349
99 551
247 359
945 751
162 243
646 111
171 99
104 30
494 183
850 567
617 320
393 142
220 835
938 146
136 232
928 132
527 484
87 514
976 271
886 774
728 352
142 220
881 134
711 62
783 349
986 587
614 783
136 292
544 161
491 857
948 387
473 549
370 955
762 101
301 295
586 439
183 775
481 99
500 185
687 151
466 505
675 811
516 493
353 937
489 560
524 976
687 375
953 874
962 1000
84 670
656 119
451 373
325 340
788 540
770 483
991 803
480 387
101 509
304 942
266 770
323 847
569 939
343 272
613 128
2 776
462 390
194 544
84 636
893 994
585 433
358 710
586 557
609 644
775 165
120 439
138 944
531 577
968 229
54 382
833 697
159 112
798 105
108 915
91 231
128 363
756 755
264 891
393 89
121 956
565 915
623 141
915 188
220 944
208 968
523 387
609 841
125 525
42 67
668 307
856 531
584 514
948 35
472 796
218 256
312 837
735 262
875 867
912 756
109 170
679 499
277 671
504 907
302 322
279 598
52 685
255 486
772 166
692 658
49 609
179 802
626 470
770 899
143 903
922 838
649 518
999 884
88 360
141 162
552 215
952 721
446 312
413 738
989 47
960 219
961 411
926 544
395 168
782 516
222 510
185 748
37 627
885 159
797 781
62 926
619 463
949 754
5 284
418 890
300 122
571 17
771 563
957 772
979 820
229 445
358 275
226 926
788 278
699 181
704 621
621 44
393 778
402 584
684 54
824 745
266 143
671 328
893 232
654 108
162 200
453 839
772 913
994 769
276 832
426 213
393 996
216 641
489 627
418 401
974 18
280 434
411 728
334 839
582 959
90 9
588 312
237 166
916 263
88 904
446 498
893 443
517 133
111 482
773 43
886 940
133 140
695 794
593 688
109 142
184 283
957 160
264 339
356 569
30 830
526 62
361 994
718 806
476 469
259 105
559 178
304 590
356 799
415 362
257 731
757 245
539 46
830 611
671 549
399 998
222 253
644 739
993 455
652 214
653 107
196 746
213 724
625 572
153 185
814 70
971 668
516 907
70 342
1 381
55 38
24 650
206 182
281 29
173 87
340 568
470 763
913 544
788 724
737 689
22 260
280 931
615 661
906 699
999 348
430 553
163 174
993 899
465 42
160 696
73 701
226 182
690 564
983 153
73 526
755 38
186 312
828 938
763 389
246 943
384 691
17 771
270 463
147 133
479 831
1000 238
600 936
15 441
110 121
493 143
756 647
955 646
351 369
817 665
91 860
682 809
80 826
773 254
688 394
427 446
468 674
773 15
247 198
985 489
640 732
57 958
406 731
726 912
587 506
808 509
203 501
265 538
584 824
313 774
728 163
47 61
986 743
734 409
239 805
97 820
923 250
504 818
946 185
782 819
549 108
364 479
224 433
292 140
316 385
444 298
508 889
835 161
956 209
888 263
451 523
148 553
718 543
269 535
533 954
898 201
149 961
225 315
48 220
600 473
249 685
641 361
384 254
443 349
429 678
762 355
315 647
428 158
727 346
234 349
551 520
730 733
416 429
604 182
676 539
769 495
757 449
445 558
66 293
985 521
983 18
107 775
971 618
533 495
497 231
616 117
308 137
539 639
962 154
104 174
355 942
855 837
858 91
382 588
933 523
977 910
20 500
579 159
321 179
583 703
894 772
146 62
455 72
203 179
296 495
132 125
207 731
208 779
9 974
374 184
564 152
801 378
127 464
899 917
921 877
204 863
665 795
316 865
338 745
209 759
229 764
268 764
843 112
700 735
386 659
829 445
614 957
386 507
178 209
821 521
593 922
835 869
306 109
394 199
628 920
15 201
44 697
939 707
497 353
163 349
827 930
921 425
957 315
339 124
749 88
135 51
922 5
746 705
230 502
417 587
913 718
625 800
537 362
672 915
862 650
422 823
64 707
157 570
858 729
654 662
606 655
183 202
354 160
918 795
133 561
840 172
763 944
785 694
626 540
258 558
836 246
387 152
159 498
608 238
38 705
366 210
427 58
431 914
413 99
234 448
920 73
774 444
301 686
54 95
39 126
578 748
595 566
997 246
302 788
60 734
893 406
824 131
199 261
402 952
590 494
494 451
795 514
887 184
985 432
167 504
425 233
278 338
621 125
956 742
173 652
446 640
784 575
271 479
767 623
539 295
688 783
112 113
118 955
377 115
50 443
210 495
966 997
296 7
478 275
207 243
279 198
753 585
700 432
684 973
154 28
357 563
469 677
225 129
558 189
943 909
103 96
288 857
453 369
36 175
349 288
262 314
379 805
250 679
824 918
110 695
720 807
521 986
477 412
767 815
577 871
63 980
712 986
203 721
55 272
594 34
208 361
319 143
391 882
50 688
396 900
882 489
422 652
189 655
850 843
617 108
409 567
727 243
413 71
197 688
901 306
722 273
523 192
302 961
971 625
711 671
712 263
188 58
195 437
973 224
705 578
354 528
116 695
484 947
583 609
488 310
108 519
555 192
539 711
133 122
692 495
413 282
34 721
843 845
809 589
699 737
777 47
961 282
838 960
855 994
574 94
939 335
598 558
322 327
716 187
632 922
52 787
511 926
368 152
559 204
744 707
321 822
444 785
952 652
274 644
352 748
279 117
905 574
101 728
999 778
302 206
529 122
676 511
936 388
300 539
926 867
619 255
856 219
396 6
364 402
899 425
170 855
447 981
139 492
413 709
13 267
415 395
874 293
379 848
162 694
423 882
571 350
662 11
790 60
305 166
287 978
773 130
810 953
297 778
564 956
327 822
404 77
281 318
90 950
841 726
438 356
977 406
281 431
480 12
34 49
915 936
627 114
935 277
628 217
948 145
461 142
669 361
797 340
67 43
87 52
397 686
162 237
849 929
310 989
918 668
833 608
280 352
374 324
104 36
679 35
368 617
220 970
976 104
461 496
501 643
47 523
130 129
221 772
556 771
820 184
397 729
878 498
716 505
455 103
223 219
240 665
703 205
530 373
913 379
877 74
352 827
830 192
964 782
625 833
919 475
277 869
459 846
281 254
338 661
924 396
658 96
930 797
182 802
40 791
740 676
120 549
212 509
784 662
126 607
515 774
992 617
174 945
378 852
397 238
168 10
131 926
153 890
746 603
139 443
141 233
255 159
628 603
40 452
476 757
118 653
376 476
512 814
676 241
435 677
165 628
758 861
463 371
763 841
712 677
729 585
126 341
55 5
548 790
131 717
816 323
227 413
671 975
563 718
712 820
71 799
28 90
64 535
577 249
45 798
809 848
638 912
505 884
924 74
641 10
453 764
771 667
422 581
668 869
941 343
465 166
427 559
860 297
722 326
461 178
212 776
928 585
33 427
54 259
402 800
563 353
445 926
506 668
432 535
952 302
720 186
82 971
506 271
380 292
547 72
533 239
821 197
74 602
916 687
848 173
541 198
711 282
70 678
52 949
385 279
19 292
991 58
406 740
963 541
405 860
22 113
305 576
655 352
749 389
731 902
53 702
4 342
44 811
884 306
643 185
115 710
630 59
176 578
675 616
947 207
417 872
219 676
970 84
594 616
461 607
482 922
231 53
254 965
490 497
219 725
680 65
109 665
235 932
19 849
740 781
83 2
853 618
537 149
714 416
9 599
866 743
775 739
404 420
103 204
128 946
382 413
662 51
267 897
297 817
372 147
870 182
136 740
928 792
447 336
859 816
362 888
953 443
833 925
375 530
506 879
942 347
949 815
197 586
58 128
901 588
507 661
760 794
565 767
147 330
848 333
498 74
923 160
274 526
798 111
251 782
267 997
109 356
415 313
272 957
789 872
132 429
119 271
449 295
838 827
180 433
437 270
830 980
604 552
825 173
648 850
781 746
416 118
627 614
166 38
527 107
360 563
291 755
352 995
333 928
139 775
820 406
14 453
679 493
293 573
423 691
523 833
356 662
767 83
35 583
827 739
442 591
276 973
451 791
342 688
92 515
485 470
351 546
503 795
487 34
905 769
951 755
847 258
124 771
268 37
789 389
936 199
480 67
799 316
755 264
326 853
324 227
893 537
435 778
989 207
148 337
404 827
666 146
493 38
688 511
693 763
106 423
254 247
594 957
866 822
854 934
637 302
767 959
827 506
612 636
25 804
979 679
263 294
25 981
677 905
732 292
879 55
76 256
314 509
617 591
467 901
599 948
600 974
986 427
497 174
906 168
393 123
303 472
967 961
199 347
76 230
39 498
800 810
765 654
712 486
843 844
934 357
863 257
426 746
308 352
751 700
49 848
836 579
951 787
596 610
982 339
145 86
74 372
994 421
192 919
457 961
508 418
607 179
717 687
4 302
32 959
288 553
893 891
183 154
429 184
545 759
395 1000
862 406
425 529
887 993
415 394
576 90
560 639
44 416
644 515
974 782
71 80
667 930
997 663
38 428
672 988
50 992
663 662
599 532
380 750
841 836
27 707
669 503
163 910
262 966
888 837
307 731
894 701
294 503
573 984
794 999
119 326
768 246
935 122
563 367
468 573
74 980
844 176
223 181
317 272
617 506
126 896
217 996
364 781
934 385
200 209
544 331
826 761
781 663
42 168
839 228
817 970
105 840
344 400
342 943
188 257
423 746
28 250
691 426
613 291
303 48
490 617
198 174
143 731
757 949
938 753
202 730
283 428
253 726
520 145
9 620
986 660
678 326
679 667
638 974
80 414
374 247
220 710
230 377
654 495
822 925
254 371
718 546
900 619
408 425
837 176
434 709
917 744
760 323
279 495
192 447
529 784
201 167
242 525
529 929
894 29
913 514
956 416
120 192
12 456
430 587
417 376
549 71
625 905
663 555
918 729
231 549
234 347
24 53
426 393
869 163
724 666
531 550
727 977
954 931
573 907
176 303
975 952
209 236
535 435
87 328
553 216
422 439
571 589
893 496
787 479
958 84
670 360
85 200
565 94
839 339
169 869
173 789
344 509
92 676
715 222
418 400
626 495
57 984
62 331
634 423
708 729
97 628
611 867
278 419
726 639
14 409
140 118
409 417
223 303
740 552
193 443
66 683
822 974
344 825
418 512
59 286
814 162
746 700
999 162
265 871
434 790
515 3
900 591
31 237
692 681
16 186
14 981
699 351
106 834
496 946
768 596
567 860
182 250
23 526
53 239
10 443
138 372
958 407
500 888
780 794
694 240
699 170
650 378
462 308
673 971
458 971
257 364
561 798
411 619
599 802
67 85
87 14
271 839
717 403
475 808
209 132
584 472
832 829
383 740
891 337
88 610
341 880
15 499
997 325
302 645
323 426
363 617
803 916
220 802
464 756
32 488
126 984
894 806
455 46
437 559
331 812
160 396
776 70
740 287
869 637
448 517
644 69
913 437
459 777
175 61
109 969
442 588
443 765
961 888
84 249
486 701
120 110
288 526
731 786
204 690
957 492
830 586
779 980
763 421
966 122
568 693
165 809
849 776
352 288
387 355
409 223
838 64
306 369
913 799
842 143
174 586
311 192
984 724
197 233
515 140
893 808
278 890
659 985
96 3
775 855
558 413
46 672
304 15
508 496
902 350
121 545
765 629
15 531
551 637
37 803
633 446
436 430
592 513
135 363
565 722
488 26
696 543
880 309
24 156
615 464
601 742
109 327
492 593
73 881
848 441
523 339
229 894
639 971
584 323
103 917
869 944
290 722
522 921
118 430
873 939
216 418
471 518
165 343
912 836
651 260
125 671
626 420
133 282
726 828
359 630
86 298
960 378
57 528
956 644
691 337
857 121
985 172
415 561
771 297
424 412
499 960
743 605
266 13
356 651
412 741
251 439
610 242
50 93
161 796
240 819
576 189
443 886
207 209
211 146
799 509
341 69
481 168
566 117
127 959
220 243
993 53
719 690
619 31
33 976
803 212
624 375
680 169
25 930
667 367
809 110
638 152
586 831
515 377
297 776
337 331
279 680
881 790
260 914
883 192
428 181
414 96
381 243
989 500
744 425
872 766
634 773
53 794
971 754
555 499
457 684
42 706
927 947
551 839
627 485
95 603
665 704
885 805
542 30
599 91
91 800
328 558
43 69
890 477
981 663
990 607
829 579
351 387
208 915
765 351
421 209
756 980
386 724
781 561
713 959
679 342
826 646
169 153
939 429
62 172
388 817
642 706
535 631
278 388
624 888
799 816
221 710
807 579
335 322
233 496
53 713
701 77
244 904
891 675
322 762
295 929
593 861
49 319
841 299
948 713
808 60
633 73
727 787
28 703
839 609
215 817
385 737
547 358
14 873
453 311
366 729
976 748
719 44
941 34
953 556
349 663
595 227
633 276
814 835
443 80
719 834
647 225
443 463
254 927
422 241
718 14
223 724
690 499
635 764
564 688
507 353
162 477
333 673
422 714
299 29
690 934
105 350
323 147
930 153
380 64
143 164
437 391
39 87
367 826
388 861
788 612
405 489
109 271
825 38
788 158
522 974
262 717
51 426
786 971
532 155
809 634
526 516
525 488
299 328
398 39
526 953
952 32
375 402
341 46
373 893
393 509
18 914
331 345
443 611
470 762
486 519
435 199
933 76
848 139
892 653
405 90
866 16
888 584
780 320
433 363
219 678
770 810
477 98
300 989
526 279
766 696
719 226
900 584
426 903
631 566
126 808
358 795
537 367
593 646
371 257
723 84
49 5
288 943
645 941
101 505
804 971
604 448
876 605
146 808
664 917
367 410
577 920
146 955
208 384
712 48
371 893
266 131
224 617
924 620
851 564
798 109
945 527
432 934
548 636
915 851
384 793
683 415
756 767
226 606
578 747
524 941
588 980
103 880
509 569
223 383
647 649
25 650
227 721
651 25
160 175
534 773
874 860
191 354
748 605
342 778
894 807
921 989
829 764
317 456
946 568
714 556
507 609
630 456
354 79
616 262
728 320
838 645
855 569
951 958
787 841
401 6
386 882
687 992
855 686
251 426
87 768
460 694
874 712
620 418
760 773
672 357
340 467
123 965
718 744
866 935
761 75
64 405
603 824
875 63
509 341
326 885
596 302
457 234
629 68
666 510
758 872
76 474
197 346
802 526
31 192
782 520
184 925
495 791
650 938
563 667
358 53
768 561
788 572
681 548
140 719
876 577
545 391
257 429
629 791
99 820
116 254
698 144
147 394
704 609
23 755
962 541
820 611
803 375
732 439
976 865
8 595
120 471
30 68
582 657
159 608
593 232
167 85
134 166
962 319
618 333
911 362
552 851
25 757
172 898
660 127
799 899
177 786
553 923
464 322
677 634
34 748
199 234
496 732
406 576
269 504
694 571
901 243
939 320
118 329
924 52
691 291
179 503
424 270
231 443
838 737
127 378
808 74
611 41
350 31
904 903
692 814
914 288
255 390
520 247
957 414
579 660
691 110
50 90
712 513
845 31
529 189
903 573
339 72
946 96
359 53
269 781
715 293
321 295
331 732
81 641
540 392
102 281
504 248
8 333
419 113
629 88
395 200
72 811
549 295
936 820
476 21
444 635
232 529
585 19
55 83
921 49
813 3
319 462
581 999
128 235
702 303
64 957
484 286
746 73
806 259
712 656
186 384
479 517
215 905
742 149
634 770
357 121
547 905
695 257
811 411
708 156
582 765
39 178
423 901
778 46
427 148
786 597
933 642
163 750
630 884
976 107
777 878
261 5
215 706
237 134
100 847
852 216
342 195
218 341
751 877
687 725
708 592
878 352
386 536
354 132
414 363
895 551
776 31
95 747
759 212
9 688
374 114
800 133
268 683
235 792
273 251
992 765
957 49
339 774
503 523
456 554
771 405
576 875
939 731
102 475
486 890
657 46
326 147
611 803
942 883
652 359
466 270
343 948
36 12
255 152
93 45
165 736
706 900
157 816
433 40
75 767
246 389
269 531
162 371
791 370
693 640
505 543
658 709
733 159
638 17
367 385
393 612
202 936
182 957
557 26
431 789
379 460
698 72
359 693
438 327
3 806
741 406
837 643
626 982
555 478
495 259
43 130
342 402
289 6
509 675
66 234
648 603
8 762
650 9
883 177
151 745
479 172
685 625
134 505
747 952
40 698
312 63
132 234
459 346
530 453
809 650
4 940
939 379
812 523
62 254
691 746
359 552
658 417
217 119
365 343
649 162
632 870
193 238
670 520
997 743
400 448
695 975
226 110
201 696
819 255
160 320
130 360
939 694
373 926
855 700
531 416
24 778
774 211
892 765
624 67
509 479
364 326
365 667
629 510
900 698
387 265
653 94
35 283
788 827
184 787
860 345
498 29
748 371
201 240
460 676
681 702
595 416
432 396
309 634
201 321
666 664
168 406
374 804
968 445
381 88
650 395
862 537
719 944
858 333
707 984
798 289
819 966
15 569
974 314
86 614
196 226
767 533
106 941
989 571
702 684
205 108
261 298
523 174
907 488
983 93
254 523
384 875
99 582
63 227
29 911
752 812
968 889
882 163
246 538
412 168
158 348
789 742
649 403
389 168
450 902
927 680
986 244
713 788
406 933
905 74
494 407
964 675
532 303
716 60
276 790
702 123
960 630
88 817
658 389
472 144
592 129
653 702
981 17
966 78
496 389
153 612
943 85
196 846
895 844
142 300
628 841
282 179
670 774
623 802
607 233
365 750
974 740
667 12
117 125
615 722
173 315
598 484
838 55
514 409
92 653
595 350
153 823
139 452
213 571
641 538
272 163
19 878
166 707
261 825
903 510
740 812
874 313
525 392
103 156
286 388
624 333
99 314
571 310
537 330
81 582
978 460
597 534
157 617
323 641
646 567
25 15
410 467
881 872
823 69
36 393
332 544
79 501
836 208
582 500
380 820
383 931
96 355
232 660
23 754
909 749
417 151
110 260
534 762
617 80
154 766
964 195
566 11
487 854
458 892
545 2
405 559
262 872
199 455
988 584
293 526
984 648
150 989
928 483
910 695
518 456
730 34
472 846
845 307
338 907
209 529
265 263
615 52
985 400
734 757
899 576
706 74
199 11
114 737
70 892
880 424
826 962
313 749
724 265
879 643
405 83
307 459
737 642
790 500
38 361
499 627
778 816
252 853
790 359
41 804
766 614
794 479
571 628
936 23
115 560
687 330
430 225
126 144
897 668
76 957
771 231
760 298
925 749
853 559
34 393
695 936
202 723
663 290
791 361
903 371
443 707
803 167
988 121
438 94
723 508
525 654
799 51
914 903
202 949
534 405
6 781
341 385
284 999
305 388
806 804
665 420
849 327
885 513
299 162
833 984
788 350
893 22
609 711
39 220
276 242
315 604
873 218
592 321
345 401
487 890
327 737
954 893
114 238
826 307
280 403
190 186
337 678
782 478
855 188
787 452
532 550
617 511
854 508
855 813
125 560
878 502
192 948
393 374
724 597
255 758
222 74
725 498
71 32
596 467
313 664
815 225
302 268
303 61
89 300
420 895
198 254
117 275
579 738
16 292
531 391
808 256
240 962
884 555
706 739
61 349
942 446
667 389
433 222
974 591
813 307
634 496
838 142
417 674
714 392
475 404
790 109
757 502
945 212
563 677
582 131
703 772
202 759
723 43
157 593
230 41
12 372
505 542
625 829
55 438
921 12
219 828
254 818
756 80
667 673
814 688
40 262
327 935
972 600
720 513
828 980
941 339
724 677
357 412
160 584
413 154
821 269
475 961
367 215
644 856
643 946
806 546
536 2
696 445
354 613
67 152
638 705
333 351
894 559
843 555
530 752
510 852
388 238
299 317
670 220
459 351
955 790
28 549
252 362
863 346
4 941
441 525
504 663
817 922
503 347
331 202
812 923
726 945
847 615
294 813
389 631
126 748
44 807
873 800
653 891
984 46
508 948
17 217
630 63
737 896
391 419
528 747
325 171
202 422
888 697
939 855
690 83
430 174
676 130
456 293
679 777
540 497
603 190
525 99
358 188
136 995
994 151
628 298
482 760
448 520
159 74
315 472
598 901
968 446
7 185
438 6
846 387
618 34
176 17
395 497
56 583
642 850
202 973
59 844
850 977
758 718
444 770
211 633
984 823
189 870
815 918
63 157
104 834
871 570
736 381
180 671
551 952
976 165
596 918
527 288
86 944
217 775
589 39
77 787
632 566
116 719
372 881
321 225
268 808
472 883
548 860
36 199
829 649
498 955
674 918
587 347
252 210
668 184
83 904
285 616
455 440
293 429
477 640
630 462
316 770
133 436
853 101
231 401
878 648
443 641
812 782
885 587
230 587
88 80
163 478
873 354
792 866
761 367
120 609
32 919
201 800
386 914
153 901
707 573
823 384
610 463
331 562
927 358
766 730
641 537
664 678
650 985
188 776
541 780
546 662
175 626
900 957
746 38
979 988
811 334
417 475
552 394
149 4
171 596
500 808
393 594
908 375
608 929
828 702
522 497
996 520
742 28
431 863
712 991
505 839
806 825
493 498
168 657
909 587
262 79
447 449
984 787
694 66
676 713
504 549
399 397
324 675
665 745
439 658
15 419
418 427
898 865
425 413
436 764
251 927
717 150
79 437
761 862
282 673
214 112
29 640
11 189
497 285
260 15
732 999
190 840
728 431
14 58
326 376
878 309
471 865
316 806
655 311
454 220
644 36
592 509
45 561
62 401
591 607
605 537
951 525
19 574
256 924
222 219
860 363
526 435
322 661
397 197
19 687
149 612
858 446
857 649
144 44
733 358
389 670
95 368
466 443
103 50
430 230
840 856
202 720
884 916
63 529
324 195
641 263
788 722
225 532
149 24
791 473
6 883
7 462
634 558
449 822
637 349
250 823
242 711
733 516
290 49
384 54
99 931
101 17
769 865
506 931
159 433
915 943
989 610
993 615
78 259
82 702
444 953
229 189
727 146
200 397
849 96
981 547
393 10
546 64
432 608
416 357
710 719
755 330
756 561
759 658
424 169
726 345
950 298
532 130
700 892
113 958
963 774
820 133
364 777
990 749
746 596
296 505
332 495
596 684
65 172
182 527
787 667
807 798
212 292
449 190
910 93
581 368
562 558
86 420
525 318
171 180
957 79
136 271
544 156
800 246
748 212
767 328
369 389
438 588
938 652
776 383
763 497
526 399
162 898
499 668
741 165
183 948
889 75
652 353
796 660
70 138
219 716
92 374
761 1
743 177
838 143
418 730
970 799
664 670
149 858
540 507
889 165
713 119
222 755
524 9
428 118
175 667
947 577
605 82
477 479
831 560
746 24
177 259
201 389
228 938
284 964
729 927
748 569
533 23
185 889
984 730
224 721
833 805
775 190
414 210
843 320
218 360
893 170
843 605
971 608
788 42
755 185
665 673
388 856
480 937
568 212
731 416
309 250
370 521
169 591
372 798
122 617
709 109
831 660
146 470
912 887
667 991
486 222
5 98
545 21
792 506
316 904
173 785
728 504
85 69
88 855
360 988
617 739
9 833
982 300
4 917
701 140
853 49
623 667
424 87
540 189
662 214
909 464
714 888
463 143
320 497
841 379
624 69
328 386
922 259
59 274
477 127
366 397
528 379
247 661
576 734
255 190
205 597
558 171
678 989
822 748
492 192
644 560
404 957
352 102
975 6
870 216
905 932
516 658
489 62
766 409
92 120
440 905
132 967
831 711
250 764
146 159
310 82
223 791
519 362
427 786
923 649
38 401
488 772
486 307
487 590
860 228
608 117
720 607
225 571
461 896
276 196
224 765
668 838
428 271
544 971
7 837
691 780
694 897
473 259
237 810
690 614
848 465
754 446
741 106
119 643
673 154
454 565
995 275
632 567
297 71
527 336
952 446
644 412
88 919
276 632
714 728
968 680
492 158
152 949
818 618
446 315
433 712
715 254
551 332
243 997
743 676
619 602
851 505
196 825
565 336
2 494
139 651
450 584
752 200
588 806
131 63
739 466
408 856
688 916
875 274
970 226
681 109
576 853
634 87
322 801
442 426
775 540
766 731
452 775
92 318
594 984
187 466
67 616
654 602
749 936
681 664
37 243
849 558
999 416
824 924
841 962
145 971
976 695
576 273
339 493
676 788
328 122
864 28
183 292
371 60
465 455
341 732
875 636
732 3
509 918
7 139
323 78
56 979
226 329
613 145
355 609
465 225
138 217
911 454
400 798
167 80
977 78
405 557
937 744
872 966
310 930
821 102
369 294
865 926
574 870
80 230
706 166
213 470
341 129
423 193
57 826
317 376
247 251
982 394
317 948
414 742
364 949
626 416
800 632
919 415
955 974
189 190
506 34
288 209
877 241
127 406
956 640
628 633
540 967
815 207
653 672
216 115
531 252
790 539
645 268
248 580
445 502
874 664
164 322
420 212
558 918
729 292
123 629
969 373
112 226
311 258
210 659
887 591
253 559
642 292
164 32
365 865
477 167
83 80
14 998
533 574
76 959
352 712
940 720
443 104
707 743
979 10
581 194
274 834
538 23
421 945
228 593
246 688
949 735
144 346
326 630
426 636
23 562
843 651
29 561
324 83
841 847
918 965
762 524
45 295
389 136
368 818
828 562
704 576
817 295
350 753
955 433
258 899
150 669
462 739
656 626
87 50
90 210
806 516
807 213
82 590
264 66
46 845
968 947
864 612
977 827
206 535
686 797
748 642
450 93
103 949
773 231
9 330
511 757
42 2
777 77
872 205
241 337
949 343
496 999
70 719
471 772
352 928
644 25
26 464
796 204
843 657
786 310
808 258
495 660
783 615
348 890
616 654
912 255
116 90
205 944
978 368
101 751
162 613
625 721
827 893
19 936
335 130
227 781
582 129
196 324
514 97
625 674
944 270
871 221
487 724
70 452
970 766
366 991
100 783
638 11
271 584
699 133
348 301
370 309
408 106
784 389
509 862
789 124
497 958
663 919
742 180
525 914
369 276
812 450
854 717
125 799
327 711
509 672
241 258
100 67
428 586
972 911
845 407
422 424
544 654
372 799
982 208
825 155
755 470
726 213
673 479
216 414
91 558
990 718
520 374
481 590
389 851
49 770
95 199
85 53
311 63
964 65
171 357
408 974
960 267
875 550
96 188
473 956
368 166
313 811
974 437
279 74
175 149
625 287
511 45
918 359
4 483
795 488
465 909
780 380
508 805
804 330
842 5
736 512
22 155
945 276
218 906
974 937
903 407
926 972
749 963
236 538
735 624
25 391
961 723
858 817
935 919
771 846
708 275
358 412
840 363
769 177
747 113
902 375
888 119
625 936
720 592
917 90
538 865
633 421
983 233
973 30
72 467
21 262
249 7
119 487
491 235
640 160
289 950
290 489
399 185
682 551
366 68
78 376
564 519
416 272
125 803
473 258
492 618
73 856
617 332
560 422
389 4
639 978
964 392
682 857
518 483
947 297
601 943
432 696
843 678
130 775
556 705
939 203
708 516
726 585
255 196
401 216
929 179
835 411
87 175
877 12
236 148
950 888
610 905
278 465
761 531
619 605
716 285
51 217
967 31
643 509
705 495
848 941
173 534
869 969
47 13
729 94
51 70
970 144
883 23
262 342
990 87
458 76
921 620
338 486
361 927
358 215
714 157
252 844
145 398
165 835
867 377
575 904
210 684
50 5
150 104
11 690
234 333
896 732
879 923
239 568
956 144
390 714
83 36
211 328
914 590
845 569
148 351
295 472
631 542
368 706
944 470
963 434
872 109
917 13
98 861
889 958
599 767
231 539
586 998
492 793
662 307
505 754
336 309
100 342
785 804
634 861
525 986
964 206
570 197
387 569
111 167
773 480
538 615
872 421
450 199
237 781
823 522
627 445
521 488
467 888
432 725
731 491
323 695
185 259
294 175
830 461
152 756
246 660
797 28
319 840
124 240
677 614
454 929
720 23
624 386
155 324
933 861
97 725
259 290
380 601
251 364
182 942
695 899
644 151
496 85
957 184
460 496
952 52
686 817
1 792
184 402
630 347
615 525
27 44
490 654
587 52
606 208
554 823
312 566
887 729
784 816
13 34
566 950
145 362
333 963
27 842
926 874
89 565
444 273
852 406
836 627
620 218
631 97
895 464
914 593
849 760
989 263
392 806
563 842
560 964
177 404
180 797
16 790
415 150
932 268
789 133
992 127
276 296
165 154
741 668
438 488
253 82
456 172
29 673
836 55
251 625
323 924
56 513
680 461
777 551
82 301
747 549
237 975
879 480
826 220
241 404
393 697
133 788
228 150
855 91
204 367
380 168
642 685
717 39
848 410
96 735
213 601
255 925
755 509
721 317
855 814
839 357
878 501
277 673
226 868
716 990
451 943
824 49
143 259
147 836
935 700
361 187
874 987
156 910
433 535
166 337
459 729
355 310
840 982
1 868
611 73
118 75
999 982
981 327
287 490
658 234
420 201
424 12
575 627
690 219
857 890
697 993
527 621
469 757
128 655
735 654
538 342
866 875
560 642
188 835
151 329
880 915
370 705
956 344
577 661
706 819
712 684
585 162
90 704
866 699
491 899
224 6
352 203
409 250
968 389
497 595
284 855
637 383
841 874
135 325
577 800
337 59
301 928
458 977
510 494
2 607
437 66
116 929
820 551
345 577
690 931
159 548
381 500
208 86
670 176
998 621
603 127
424 910
332 47
647 672
156 349
860 757
560 400
521 177
575 66
263 899
889 364
190 36
268 918
108 725
324 810
915 393
640 408
665 882
248 816
355 116
157 292
530 336
17 291
127 472
476 704
815 273
108 972
973 741
317 129
88 119
861 580
863 138
520 36
60 229
64 224
869 805
785 64
888 589
575 919
124 174
840 720
527 976
110 982
828 81
611 835
203 839
101 689
183 911
535 90
279 408
849 704
373 478
600 270
415 217
272 345
590 745
480 412
903 180
651 295
396 698
76 678
784 34
392 765
301 883
927 195
961 512
348 306
224 768
892 53
390 43
673 973
106 364
497 857
205 104
298 666
635 671
854 639
547 837
739 685
815 768
411 582
51 751
294 305
824 699
798 993
483 36
807 109
530 402
17 749
916 731
440 148
62 15
517 224
483 86
263 780
916 586
520 275
739 873
42 219
378 211
830 121
143 379
94 271
539 398
598 175
982 334
491 481
628 806
41 18
1000 260
669 688
766 876
985 203
329 367
883 912
256 947
139 208
512 686
139 538
4 448
830 588
672 378
856 199
698 758
880 253
734 232
737 836
790 206
679 332
975 198
101 725
32 648
417 766
40 387
479 720
525 353
329 543
31 207
359 242
110 716
220 148
224 95
261 694
577 605
228 703
409 963
581 125
505 618
513 501
219 980
880 554
917 411
21 214
386 469
903 152
409 876
488 979
486 322
750 911
5 264
918 831
171 742
926 346
68 102
414 14
896 281
555 636
721 788
261 505
962 534
854 552
486 428
345 520
399 367
628 205
529 540
988 725
294 450
955 516
224 855
298 769
137 389
945 558
251 803
640 60
695 478
518 61
578 712
735 418
316 620
668 505
597 461
134 453
564 314
311 811
424 725
170 505
373 542
854 71
982 392
455 8
772 478
504 898
982 507
86 300
305 631
255 687
520 414
39 606
227 454
209 823
874 887
730 499
286 191
739 99
631 945
979 464
563 145
13 208
969 746
198 212
937 68
923 233
325 223
52 569
36 902
873 63
188 201
411 426
13 434
714 1
897 615
240 696
389 357
790 499
31 786
141 334
36 100
510 55
421 558
542 682
746 769
470 641
197 183
929 385
845 587
927 997
926 660
908 391
177 395
550 980
561 493
693 728
162 400
400 517
55 479
936 599
77 259
738 735
557 121
79 469
444 854
820 733
968 72
915 579
254 869
113 631
384 9
239 19
618 392
232 323
267 836
622 464
147 282
350 759
955 435
245 799
802 66
859 31
987 66
146 670
163 516
222 864
519 227
171 113
209 198
267 546
87 189
845 497
99 275
359 861
694 766
933 542
380 101
330 549
276 579
170 74
152 721
392 64
601 998
507 135
255 621
934 440
256 575
457 110
575 446
462 861
670 390
111 859
235 753
694 536
790 731
203 31
422 255
649 137
599 405
201 562
364 42
38 431
593 548
378 122
684 944
3 772
633 640
931 625
469 402
870 582
282 247
526 402
108 197
852 57
425 741
227 593
600 21
139 435
257 812
330 298
740 785
227 958
157 779
893 513
561 303
112 405
943 589
380 555
922 200
300 164
230 45
214 678
90 624
570 326
254 167
510 269
352 187
315 289
82 492
724 963
667 819
646 642
894 486
941 966
315 527
65 720
262 10
484 142
506 962
802 247
217 525
646 940
573 900
651 429
795 252
266 424
693 335
416 277
169 547
613 56
150 814
816 790
446 81
550 588
971 498
260 285
851 892
268 768
927 691
877 772
275 184
333 594
562 796
483 61
998 844
602 45
850 234
269 426
184 254
332 270
7 323
744 899
363 416
218 421
227 889
169 255
943 463
86 340
203 392
574 233
675 493
869 979
283 16
378 926
455 758
203 281
705 255
692 995
785 71
913 10
553 35
22 814
121 97
179 833
370 768
331 522
514 289
914 519
123 408
684 625
921 289
466 126
488 730
529 868
417 578
509 316
330 465
477 286
595 423
90 677
658 659
399 711
20 648
93 814
367 307
137 940
428 85
582 370
452 83
915 669
720 707
572 828
258 692
171 765
157 418
30 176
626 805
885 596
137 654
637 499
430 729
864 849
63 153
409 546
102 753
584 112
858 371
402 749
264 662
826 773
622 379
324 730
952 355
163 732
365 703
230 476
640 448
534 940
688 508
321 229
731 318
320 158
699 732
114 276
497 484
531 781
636 940
545 54
658 367
293 472
973 422
591 971
904 179
378 536
925 259
18 97
916 570
482 114
321 944
710 448
709 610
409 130
342 601
145 499
50 432
363 59
861 984
18 658
883 908
317 145
580 864
291 823
398 761
391 272
196 760
951 376
990 262
900 554
334 362
886 343
562 57
13 424
908 13
340 703
509 192
615 471
737 37
554 661
495 797
867 678
262 406
45 30
728 672
486 240
879 635
704 760
920 498
442 122
11 995
766 11
382 304
853 455
820 762
521 675
778 210
233 945
253 430
632 265
686 554
379 376
821 321
72 320
241 383
519 254
850 175
116 521
962 313
435 571
272 913
350 570
830 352
560 324
337 701
263 589
947 516
517 890
260 587
892 769
706 165
431 268
95 677
325 128
826 634
132 175
797 139
946 583
865 893
682 322
425 727
648 197
246 436
527 87
195 982
542 124
623 510
592 354
249 257
545 678
914 139
329 441
790 542
459 810
615 527
815 185
853 502
433 459
752 247
235 184
455 702
482 888
486 848
681 78
420 38
113 917
829 222
282 3
398 725
205 905
889 28
543 631
540 581
196 732
785 297
73 111
188 808
372 61
581 207
709 410
125 323
644 523
131 728
945 60
241 735
936 969
385 69
428 29
466 872
824 810
822 501
665 62
637 600
99 854
666 472
228 946
534 108
68 690
755 899
681 804
745 121
928 695
360 409
324 380
739 663
295 173
870 291
854 676
91 136
219 511
310 938
369 302
542 1
713 67
964 435
217 722
787 346
185 428
403 101
743 773
464 405
413 324
276 588
173 920
891 143
661 607
761 751
998 816
602 505
125 700
242 504
743 664
36 630
860 928
24 765
320 129
378 123
142 382
316 181
245 201
961 136
778 846
782 910
676 928
454 79
507 319
919 243
297 256
781 238
995 253
843 317
156 814
738 205
558 800
870 982
818 117
371 445
353 922
373 343
11 764
837 184
914 691
570 111
932 467
182 278
259 381
116 30
945 897
945 88
37 642
439 786
443 343
889 907
393 622
484 639
638 14
31 420
642 843
263 183
243 2
851 451
634 945
364 49
710 634
239 54
867 897
890 954
907 450
11 265
881 533
993 647
176 60
726 415
447 106
711 713
547 824
551 864
128 410
256 335
958 866
941 624
963 968
780 690
858 190
181 907
972 906
816 742
104 152
198 710
15 20
610 670
358 297
731 322
968 688
458 482
506 502
878 262
881 34
868 312
143 662
633 562
663 904
647 870
503 628
86 452
948 487
71 144
454 24
681 228
19 525
558 610
706 337
355 421
862 818
862 52
75 802
813 624
317 865
619 801
321 614
31 951
399 947
36 991
81 47
754 756
495 538
477 123
675 736
527 579
698 579
849 693
408 397
412 889
697 616
789 835
809 507
166 808
894 214
254 113
135 357
475 356
332 803
224 36
172 444
524 41
818 458
837 446
824 883
508 484
551 704
625 988
497 637
59 978
722 110
447 347
825 655
54 43
145 781
794 658
851 479
306 792
147 484
239 74
525 947
158 164
142 553
470 177
953 156
256 188
4 586
790 310
707 141
375 779
376 667
52 350
470 229
364 536
146 743
542 89
275 453
764 217
561 905
397 566
803 527
752 964
474 155
423 870
320 525
337 737
467 718
854 462
86 36
454 952
76 74
26 851
744 178
446 428
765 594
514 956
15 153
971 255
610 533
671 537
815 326
193 83
929 711
560 83
290 795
184 266
520 484
58 543
778 548
383 209
682 408
109 288
242 706
246 75
856 427
497 214
765 805
435 296
670 776
417 914
277 881
201 811
93 333
41 818
39 875
808 884
979 276
529 37
605 466
573 180
558 856
232 798
714 122
275 778
3 283
666 484
577 674
961 515
157 754
527 352
456 469
292 827
25 96
561 374
225 888
11 917
513 459
306 587
494 368
438 116
157 751
978 89
851 157
931 213
698 808
606 593
148 201
171 728
903 43
983 793
419 406
719 771
722 229
530 816
267 858
219 101
898 600
122 427
115 436
778 162
63 188
727 133
270 510
38 618
371 719
245 901
241 195
746 385
929 167
267 568
272 914
804 230
977 56
42 264
6 359
798 963
527 259
674 213
548 750
661 457
631 335
852 648
601 904
583 744
274 54
114 313
285 993
852 767
549 532
579 859
17 344
856 756
902 591
282 588
619 685
854 180
749 34
625 28
751 564
667 339
207 522
173 805
67 955
891 945
553 344
240 77
238 712
352 631
406 276
428 786
883 878
866 96
334 570
761 270
246 198
965 892
969 377
531 67
918 290
813 696
572 481
218 180
709 359
92 367
893 775
311 143
650 791
886 257
391 375
947 447
417 664
295 667
724 203
614 270
83 178
583 483
633 256
634 555
798 464
18 72
488 817
951 146
461 930
98 892
262 157
335 633
693 599
513 241
627 207
718 58
223 760
107 717
929 457
197 521
389 423
335 671
301 603
415 596
217 672
870 466
661 267
935 412
59 617
51 553
485 48
756 574
43 957
834 832
359 863
765 312
68 536
380 282
94 536
720 103
70 545
595 882
407 282
472 223
968 740
660 666
460 384
905 277
502 15
109 871
592 335
222 414
723 663
889 815
730 469
875 578
997 20
308 399
317 235
688 961
135 547
362 438
803 356
198 65
518 788
26 254
690 169
514 347
843 397
465 583
905 802
709 492
451 500
838 128
344 580
680 254
449 691
165 634
775 753
404 409
887 845
874 188
475 283
258 319
685 132
348 186
186 77
277 114
850 84
906 834
214 535
125 72
197 971
737 683
680 427
239 192
820 691
767 638
545 320
186 431
587 128
229 75
467 180
569 742
290 449
461 168
638 888
324 736
474 21
717 119
663 881
261 209
327 718
546 97
858 191
125 908
346 971
953 97
773 182
816 743
432 656
696 829
476 957
556 960
281 973
583 688
211 894
217 975
435 617
518 293
367 657
977 965
433 679
882 890
938 952
545 778
511 971
667 283
631 970
912 418
640 977
187 638
460 650
156 691
640 832
285 806
516 179
59 440
226 331
265 797
748 68
235 27
736 516
737 829
990 153
439 397
573 256
157 749
954 672
523 830
917 275
165 542
504 422
567 855
571 144
2 56
447 757
215 377
846 389
849 487
643 877
580 337
618 44
621 891
492 817
310 198
132 738
774 305
741 290
408 74
581 841
267 817
627 135
370 164
634 837
713 594
268 961
381 292
937 870
755 235
99 591
650 69
159 114
445 865
656 958
170 238
721 260
670 147
375 187
768 183
782 288
570 783
661 436
385 761
960 943
685 590
239 448
34 418
51 398
519 658
859 447
21 966
151 635
721 351
166 844
506 414
271 293
53 341
365 163
241 878
39 294
521 35
28 21
982 466
658 508
706 400
190 801
139 817
469 374
364 108
833 280
956 872
977 707
155 308
1 673
283 251
39 917
174 900
502 273
912 285
844 516
398 322
776 316
226 367
887 614
304 557
726 544
399 918
538 282
550 159
390 575
117 751
40 980
406 181
158 698
140 993
839 545
898 21
459 922
261 691
742 308
908 414
659 992
805 610
690 290
968 448
988 3
854 907
439 853
153 372
315 728
998 383
140 549
82 794
264 549
655 693
826 183
404 257
336 87
301 647
341 938
52 307
364 637
784 184
775 419
583 602
713 680
369 98
298 46
824 170
734 621
754 151
224 799
78 741
759 993
285 981
809 715
256 709
670 568
878 319
790 685
967 467
919 267
692 135
348 589
778 205
580 928
62 411
913 71
368 226
350 406
558 923
424 81
69 310
426 381
657 162
448 825
433 171
586 499
3 233
390 539
585 825
838 165
141 331
568 969
310 322
535 159
334 324
462 696
966 377
93 995
306 963
775 797
903 360
500 923
15 856
508 446
533 795
145 938
371 820
202 557
438 598
427 704
46 666
125 419
200 70
245 806
294 522
615 256
980 643
276 10
152 24
246 901
587 844
968 218
785 772
626 938
147 287
300 263
138 230
512 423
622 326
773 448
441 943
777 773
622 352
255 776
788 131
972 864
55 924
830 258
557 570
480 882
464 407
82 986
200 465
40 710
994 539
77 725
317 294
65 821
85 314
916 670
761 749
282 574
502 925
928 228
551 386
367 749
5 298
359 42
192 815
69 615
473 826
240 27
403 547
353 476
340 206
412 339
658 87
930 784
996 316
178 176
676 439
7 965
786 307
2 322
600 205
97 832
398 281
135 546
586 388
622 574
71 460
939 864
282 101
800 490
988 391
456 304
112 402
443 26
282 404
944 84
770 97
386 374
975 40
82 201
724 232
746 864
582 250
286 455
822 693
970 872
89 947
849 617
979 922
176 925
339 315
537 436
625 903
383 915
370 302
133 594
643 859
275 597
949 976
508 160
971 824
882 469
354 794
662 67
281 400
11 267
730 673
362 557
119 97
534 677
205 209
928 382
466 767
290 305
772 605
422 338
3 972
637 191
512 50
894 598
85 365
782 445
233 570
790 920
384 596
596 863
562 795
744 74
229 526
252 353
973 447
477 349
66 253
13 930
70 669
36 517
535 573
613 761
264 136
981 5
359 689
182 874
971 51
113 271
60 370
654 4
515 734
799 670
122 422
286 871
947 171
287 458
89 343
255 70
224 506
776 257
316 458
222 718
448 242
620 120
804 375
54 626
382 863
771 6
628 954
241 726
173 352
525 11
608 719
165 652
991 624
794 220
979 88
230 482
748 363
73 37
378 226
372 119
780 46
710 811
125 265
54 783
201 329
633 334
998 118
345 790
346 505
332 564
78 48
102 906
417 274
145 771
521 644
613 278
92 817
278 545
229 29
504 377
881 934
55 689
883 48
223 563
816 983
488 40
593 251
816 934
601 656
581 618
103 794
731 21
831 400
773 280
975 870
86 971
308 113
419 824
773 169
208 965
579 214
561 583
263 763
412 215
56 121
647 529
248 993
924 186
228 287
263 776
13 629
855 978
750 252
806 178
493 877
834 171
433 706
624 731
914 19
429 534
364 109
735 14
259 491
170 690
709 623
433 428
126 563
930 856
970 157
862 135
19 555
493 544
576 828
499 927
634 238
213 186
322 648
895 197
970 236
993 325
903 720
525 222
710 218
189 639
343 903
749 640
951 708
112 331
476 228
421 677
634 200
795 376
142 638
941 700
766 733
165 672
442 295
616 858
454 74
515 246
864 308
737 58
486 247
205 848
896 511
712 599
7 483
615 142
764 708
283 859
413 904
729 831
333 241
105 82
324 500
589 384
203 717
93 721
299 190
46 601
470 805
76 420
612 758
849 236
152 428
315 584
323 197
622 427
604 882
102 509
371 721
7 935
859 164
398 288
552 860
536 65
76 138
43 83
781 801
404 942
730 955
752 735
604 912
878 115
366 327
209 504
212 553
255 629
833 712
851 934
801 333
860 808
165 302
147 815
222 273
448 382
856 363
89 124
271 406
675 705
902 732
852 991
908 537
212 382
472 483
491 449
808 413
420 835
980 146
574 164
395 519
676 412
469 506
752 234
715 510
588 832
40 182
256 915
791 957
425 892
635 295
714 186
424 925
294 590
356 915
715 743
822 908
697 825
629 446
620 215
378 550
129 258
991 584
885 213
687 451
984 698
568 953
111 669
888 470
270 924
993 813
444 739
547 82
585 491
824 813
813 139
38 682
299 154
300 369
619 38
397 777
659 586
346 211
54 128
42 712
850 803
210 386
656 616
896 7
881 767
99 646
821 467
74 840
885 988
530 583
974 772
208 909
925 422
69 836
645 39
938 51
632 740
640 940
824 54
950 906
455 488
596 538
874 964
655 483
661 830
8 146
373 784
815 233
489 158
875 434
307 446
883 991
887 267
643 329
663 154
991 377
779 953
282 243
671 639
763 502
662 318
132 916
731 852
157 524
227 597
429 145
586 20
18 616
148 591
166 688
813 299
282 405
466 406
413 701
784 63
586 103
650 355
182 378
115 901
520 585
153 96
889 174
214 843
653 418
89 822
385 53
708 293
128 849
840 196
715 873
510 384
832 632
484 315
410 642
582 564
286 113
859 849
437 235
877 589
720 392
573 896
172 799
402 257
859 127
271 997
328 741
312 234
522 101
9 142
906 132
928 436
836 325
394 496
577 803
213 295
677 680
95 251
354 351
726 239
782 301
250 448
587 695
990 688
938 23
649 88
959 895
13 929
9 708
933 784
769 983
900 111
244 673
294 873
722 785
706 394
246 499
700 748
689 649
954 63
959 605
579 525
936 298
222 11
184 798
761 347
321 714
205 114
307 267
438 547
602 694
114 771
830 597
463 148
671 595
672 339
362 281
844 625
813 766
237 987
690 75
637 68
468 365
162 528
827 519
885 28
342 288
396 337
899 378
82 170
266 933
448 512
840 258
768 559
328 246
115 782
408 174
673 742
541 601
21 46
868 583
694 207
665 507
99 915
775 10
707 392
427 920
394 35
451 46
684 830
295 225
794 512
318 322
154 739
266 505
12 709
911 491
424 817
464 50
160 987
938 326
333 272
372 655
66 397
547 678
423 219
397 76
311 941
794 853
262 679
678 562
119 33
138 608
74 610
751 684
790 788
773 74
596 739
613 651
856 656
700 513
666 913
39 689
558 675
248 704
554 391
527 236
251 311
144 907
861 562
166 316
190 694
531 342
289 246
536 704
524 565
619 881
398 594
743 272
552 197
741 831
98 275
121 242
545 255
912 61
758 870
707 752
616 859
725 707
864 309
404 856
814 935
451 351
477 294
126 95
978 321
367 339
956 396
813 21
928 961
391 67
799 70
35 253
993 881
704 460
906 792
376 877
231 529
698 166
882 395
537 28
663 612
483 556
105 226
656 766
807 345
721 920
580 85
563 844
491 962
534 610
77 973
703 873
669 265
1000 224
637 245
74 932
610 722
820 540
476 588
69 879
394 539
14 224
587 750
330 669
954 563
924 159
891 84
838 573
431 505
215 534
588 12
290 971
248 877
692 18
749 31
181 531
757 564
665 877
552 389
57 654
541 420
238 982
529 484
612 797
967 398
878 543
790 397
956 511
484 597
861 824
468 818
353 1
316 499
211 159
474 823
991 570
723 824
838 155
608 648
55 135
221 187
41 973
483 908
10 516
175 542
694 506
879 554
715 573
393 626
400 407
528 88
362 898
954 206
258 713
154 918
599 552
266 204
698 203
715 795
885 615
79 464
64 951
124 767
396 974
897 87
349 938
337 98
335 747
319 214
910 975
267 891
453 668
343 393
556 67
354 743
150 660
523 138
404 876
180 351
987 89
440 388
501 741
137 420
199 418
401 495
954 757
87 993
726 337
104 160
657 702
603 134
319 230
532 138
683 110
463 718
798 845
444 780
56 50
627 701
407 279
42 542
99 896
285 951
622 896
949 336
19 279
994 379
720 538
544 438
908 687
383 834
434 290
107 970
403 549
578 237
140 400
808 378
481 374
924 304
672 473
946 216
500 558
697 634
452 364
779 952
796 890
84 68
691 84
126 475
473 587
611 813
98 360
746 588
453 26
741 887
746 735
672 534
214 985
162 636
144 415
254 462
261 258
745 541
927 439
569 815
914 830
609 62
438 128
16 872
646 756
903 223
245 555
428 253
176 110
381 59
174 65
37 799
928 550
157 330
609 649
480 579
998 261
581 739
363 970
197 746
113 743
441 88
65 580
360 8
17 985
53 43
660 5
20 164
223 511
210 679
356 220
342 27
218 29
419 798
497 98
705 517
977 792
428 388
123 168
878 40
915 30
668 318
961 300
969 873
548 944
735 750
271 299
222 351
48 185
246 321
87 531
23 267
653 656
388 777
53 528
980 137
260 862
530 108
969 724
625 170
878 612
365 623
101 985
687 70
12 246
88 236
911 526
350 534
553 38
370 938
867 322
933 599
671 594
965 817
254 264
793 704
580 664
890 747
395 812
344 652
435 543
689 768
562 14
671 880
785 501
432 168
534 168
865 71
596 89
447 609
908 501
534 947
729 688
508 625
509 168
2 872
77 484
871 254
413 930
841 959
759 288
92 231
383 544
506 285
245 527
564 889
600 562
987 370
257 463
349 609
133 692
261 399
119 591
580 227
877 430
637 398
802 165
88 747
128 92
457 640
24 29
885 704
936 894
160 621
713 599
823 654
95 420
30 475
15 342
734 858
340 384
147 198
700 818
30 369
792 256
591 688
446 449
385 879
118 475
445 151
483 92
714 704
492 150
3 499
34 551
301 175
522 715
853 251
268 519
786 196
201 636
956 756
334 768
730 281
288 316
623 598
759 150
579 532
429 933
835 702
32 817
775 876
213 88
353 139
117 466
859 672
782 842
468 77
143 916
279 212
616 702
107 53
943 20
970 125
463 24
399 768
314 872
816 474
365 919
482 75
317 724
391 45
712 746
530 2
663 641
922 269
979 852
46 381
767 989
182 77
510 334
153 377
712 968
768 810
510 473
646 847
578 945
65 738
393 827
401 736
682 627
99 139
305 371
121 783
360 49
379 383
998 604
54 86
328 574
682 917
440 88
99 765
312 18
994 395
597 471
378 287
568 195
768 261
794 649
510 996
190 998
393 320
863 181
17 348
751 707
518 736
102 866
450 642
22 542
574 219
597 154
303 35
485 908
623 618
871 755
937 61
259 457
154 305
49 557
66 965
31 597
274 758
445 383
966 195
643 252
365 712
538 458
900 725
503 862
456 279
610 488
793 696
166 650
426 947
65 696
226 481
762 14
72 967
470 860
584 963
127 149
641 749
399 661
609 17
25 64
832 880
340 493
773 419
415 159
315 283
249 531
324 91
309 297
111 893
572 737
591 135
110 447
55 330
281 441
767 525
608 164
789 977
792 43
292 480
594 395
100 448
634 888
673 888
660 650
530 675
566 237
695 395
829 885
427 129
891 420
671 418
603 104
622 308
699 573
631 446
747 969
803 971
274 135
386 351
212 591
359 936
485 637
288 23
221 903
203 132
702 174
100 772
84 385
156 22
449 4
431 412
588 49
863 505
77 564
192 802
599 403
877 205
145 156
660 533
351 826
541 278
544 38
139 890
856 504
31 696
292 340
120 563
329 297
75 829
66 600
783 623
291 869
415 428
810 587
689 906
925 338
628 681
115 534
921 335
981 616
248 181
766 283
541 863
236 558
862 270
790 123
888 389
942 166
504 398
35 70
864 510
93 964
521 947
153 23
100 878
889 797
671 957
68 134
343 284
76 697
371 79
77 376
182 359
516 829
405 794
867 963
779 37
48 41
621 804
513 209
860 136
737 435
747 518
107 871
276 152
538 567
722 312
502 560
656 598
347 261
976 179
209 292
907 679
232 67
87 351
698 288
39 472
225 978
845 297
881 507
80 166
271 298
186 862
80 309
156 122
599 454
643 632
592 144
222 495
969 586
311 527
57 596
617 727
155 35
178 192
288 384
397 34
182 792
753 892
992 660
611 106
745 956
959 684
853 425
586 340
126 613
436 290
218 880
499 117
922 882
467 83
88 156
606 34
272 717
965 961
656 33
608 706
236 643
992 865
700 18
405 378
106 433
939 990
979 93
304 355
875 988
70 382
219 592
370 417
46 503
215 388
918 187
222 724
996 655
634 764
138 377
717 933
429 294
401 985
510 339
976 595
634 623
626 527
172 223
671 183
855 314
177 695
125 217
882 500
313 650
189 892
81 19
394 176
695 322
717 390
410 902
158 312
416 311
570 152
419 684
574 736
61 531
263 615
933 157
123 303
388 180
595 692
752 517
896 237
817 803
13 626
769 896
999 430
127 485
259 351
481 723
796 110
31 739
288 317
148 973
639 495
929 548
352 286
952 899
721 851
448 162
464 5
840 816
348 514
538 503
991 691
938 589
699 697
429 838
35 339
224 264
41 838
597 825
653 119
927 360
35 288
736 403
699 281
281 96
357 949
124 896
503 923
71 695
684 738
97 472
689 188
290 448
33 944
803 180
942 46
384 262
721 611
741 608
23 545
279 667
909 512
722 79
353 528
210 379
841 811
401 854
368 783
924 678
686 445
56 988
110 275
826 192
111 62
314 284
8 607
651 951
836 505
485 291
536 469
974 363
693 334
854 269
581 587
233 725
507 402
454 767
436 926
973 145
298 923
925 46
102 638
638 519
509 701
485 600
89 167
700 961
810 560
703 222
136 80
523 556
655 27
490 837
881 28
496 254
403 666
834 138
321 997
19 362
791 728
48 608
260 128
599 116
361 833
285 755
882 529
335 381
155 235
88 54
682 264
424 24
117 437
687 121
744 577
891 658
583 184
469 616
731 845
273 309
183 814
865 307
795 326
4 419
465 973
541 708
446 792
918 74
735 658
315 207
268 255
40 358
850 331
957 741
488 274
887 868
619 10
771 865
888 473
135 254
482 694
127 931
419 347
269 189
149 46
45 141
728 561
250 829
751 479
734 850
375 32
671 254
729 905
180 571
825 714
257 310
210 494
513 101
163 956
630 934
884 338
461 191
778 67
997 93
114 229
495 352
246 558
931 919
18 479
111 304
225 949
200 757
995 338
597 490
930 985
57 861
60 516
104 320
89 44
125 694
365 359
57 974
970 510
627 989
105 971
288 357
273 247
991 469
633 649
815 91
818 781
122 398
342 667
550 476
130 267
470 206
443 816
598 456
226 275
447 873
783 671
736 492
933 270
862 380
115 537
44 491
465 698
28 652
709 220
549 382
219 631
720 944
922 160
728 751
324 154
549 463
591 68
560 920
941 21
232 633
968 397
328 44
720 734
921 25
975 330
836 140
158 912
768 868
452 245
91 351
241 590
662 256
919 511
345 728
6 806
751 352
613 335
671 355
530 885
768 898
586 649
241 424
380 85
201 443
129 182
373 780
618 649
376 756
76 205
39 475
721 128
716 959
103 976
752 538
858 534
935 157
648 933
872 672
181 695
554 435
622 721
918 939
456 984
545 156
614 978
476 523
820 298
122 192
673 304
982 314
676 684
921 750
908 963
903 970
80 596
445 452
448 40
312 519
350 451
26 317
779 841
886 15
106 623
291 947
862 62
918 380
294 570
939 819
335 474
446 833
657 6
16 394
697 773
183 790
405 264
745 733
942 481
353 952
357 912
417 603
453 141
366 678
718 443
737 682
663 270
602 622
35 101
774 520
764 700
230 192
803 104
533 863
737 252
537 933
349 718
777 645
797 602
910 875
37 817
21 412
115 49
113 560
827 610
849 132
996 381
120 456
229 106
841 616
551 941
77 38
104 1000
320 869
483 275
194 834
621 553
548 478
694 927
200 463
766 592
55 595
243 435
360 245
495 767
848 90
431 369
234 869
447 271
716 417
420 742
702 148
652 953
377 711
985 384
108 305
753 172
237 467
481 609
853 249
825 408
293 82
991 15
499 837
638 723
389 975
630 214
605 665
142 137
916 944
496 433
486 732
862 139
58 569
844 936
486 687
343 786
680 782
593 775
62 706
980 65
14 609
456 765
662 797
116 271
335 47
376 436
434 812
54 717
149 823
520 949
582 183
529 825
982 893
849 548
910 442
814 938
905 974
448 623
603 981
215 427
348 524
180 126
115 239
22 265
615 138
138 282
598 956
861 43
949 626
271 538
291 376
419 271
632 50
542 995
409 741
953 480
457 721
493 543
655 561
983 132
766 236
348 413
745 109
760 837
801 945
727 131
990 442
950 358
789 812
574 562
223 416
918 640
601 752
12 891
859 184
388 104
789 669
521 279
631 468
100 12
318 95
177 781
821 108
764 106
493 956
609 35
425 164
118 299
906 445
654 615
416 929
237 439
365 130
743 877
71 48
751 764
922 614
772 502
412 324
307 422
918 166
188 483
122 828
808 272
358 541
906 662
925 947
840 641
22 233
776 477
61 333
762 170
122 333
639 224
197 413
879 849
358 403
849 870
331 715
25 292
987 519
266 518
508 725
309 996
108 340
261 769
7 285
42 157
218 436
158 667
965 41
513 440
715 574
41 579
407 628
927 109
713 209
253 248
717 87
385 94
921 60
232 429
984 988
474 374
646 670
559 999
786 12
390 235
232 331
328 894
848 373
265 147
600 778
233 807
587 976
471 357
63 47
713 766
829 996
995 452
674 243
623 212
627 273
976 503
981 314
691 441
602 81
228 842
937 54
217 102
345 89
398 205
184 345
739 169
385 966
761 609
961 103
174 628
967 73
956 702
636 918
360 649
325 921
865 636
904 848
409 470
339 789
529 453
255 485
469 410
923 90
463 188
72 519
804 344
629 493
335 118
541 679
84 950
608 157
115 536
279 399
746 730
323 551
203 301
253 954
932 75
421 970
174 885
797 851
580 581
407 555
710 960
489 220
656 558
363 946
124 568
349 745
741 679
742 64
858 581
73 42
570 305
431 579
884 145
996 459
888 212
343 124
238 274
76 409
141 965
760 782
512 489
677 993
34 101
72 304
492 745
879 15
648 761
828 863
979 262
872 343
365 721
985 536
658 884
546 959
207 999
116 584
410 979
158 365
34 839
454 708
897 451
375 66
69 915
431 348
696 963
517 187
725 696
502 835
169 235
717 804
99 21
579 96
763 106
934 47
89 440
146 209
701 129
890 202
598 267
691 407
363 198
329 957
890 61
490 719
877 465
236 479
454 418
700 462
719 466
148 585
545 735
434 950
738 232
6 746
188 137
960 82
409 204
638 401
914 630
378 747
685 448
795 256
154 184
62 769
50 889
782 574
192 285
552 11
699 364
116 458
176 815
283 965
585 69
128 898
6 935
389 146
200 52
577 874
579 546
45 212
121 534
894 443
200 131
31 219
842 153
889 537
618 441
293 827
860 285
642 584
885 894
891 497
176 506
158 318
252 77
989 720
612 317
371 617
708 872
583 620
535 777
204 63
815 617
817 720
213 455
124 230
90 434
998 898
126 5
905 117
65 240
998 864
285 971
700 942
27 316
230 869
545 191
565 308
381 979
437 929
632 911
28 130
175 93
239 910
187 547
648 15
134 786
964 965
877 292
382 898
473 998
554 857
226 246
445 344
285 972
26 266
507 643
511 409
899 47
187 257
403 828
406 109
300 544
448 272
918 853
991 706
802 657
418 678
628 739
974 915
150 209
387 737
941 186
871 57
438 220
870 243
852 346
513 460
794 264
988 106
789 375
685 198
819 912
200 80
548 544
479 646
741 767
278 599
580 179
104 652
766 130
215 136
538 843
693 493
994 448
647 428
209 64
483 417
837 590
731 199
582 508
993 704
243 481
996 225
959 511
673 194
216 659
252 81
608 505
21 514
61 565
686 780
599 53
927 738
587 533
40 720
441 887
76 549
144 702
949 471
539 583
481 531
105 691
415 768
934 484
294 903
151 778
998 927
583 775
895 561
217 186
401 67
735 216
882 700
776 17
652 700
429 629
583 424
753 937
221 755
147 528
964 990
412 756
154 672
649 967
695 292
412 619
288 569
649 927
202 403
739 328
45 711
871 383
549 247
184 873
645 676
888 765
575 807
597 731
429 57
840 608
966 480
495 968
187 11
776 572
20 9
410 358
304 301
172 871
767 156
441 388
810 775
997 647
317 757
31 59
128 842
461 970
391 931
941 767
816 182
267 238
604 13
396 970
402 523
966 831
3 841
690 949
72 356
436 973
151 429
259 844
205 184
479 809
299 447
191 101
928 429
11 451
349 222
788 137
368 666
708 192
450 80
124 191
587 561
109 429
899 653
631 296
246 718
372 957
356 282
288 42
937 467
218 84
794 646
330 780
147 208
684 967
424 472
668 107
798 908
908 570
412 681
836 327
718 993
844 356
957 67
939 696
743 630
869 823
784 647
303 945
508 933
145 435
308 537
737 697
867 298
312 453
853 259
302 251
527 966
516 341
130 440
41 883
300 1000
253 968
35 365
658 978
22 101
316 258
339 227
547 390
529 887
583 444
783 782
897 715
827 886
314 815
79 237
500 86
942 165
638 340
620 839
407 718
741 597
633 180
623 195
836 895
604 499
27 852
185 939
383 520
884 99
794 856
776 822
709 152
824 718
440 727
426 470
244 369
873 929
379 474
50 662
16 522
608 212
147 464
276 52
975 618
941 643
842 797
367 218
584 428
363 863
105 530
872 888
963 944
161 478
234 764
517 809
702 367
502 721
657 670
531 901
664 354
972 72
561 686
446 440
293 299
612 207
832 192
818 634
753 23
578 569
259 356
117 728
118 131
218 605
455 344
331 342
478 11
635 388
799 759
965 539
917 856
169 384
45 621
992 86
303 853
839 135
966 640
588 645
939 821
447 830
164 560
654 296
344 777
58 635
865 377
687 160
140 101
782 652
676 183
73 94
715 667
352 387
940 764
529 851
348 119
816 385
84 681
289 519
666 955
573 507
409 926
673 761
713 232
333 199
559 553
729 854
141 704
917 111
774 296
926 503
604 245
988 852
718 117
225 672
634 844
324 700
830 964
560 450
545 370
436 901
60 889
422 368
668 632
464 454
997 871
566 347
109 484
498 861
940 388
228 438
22 884
718 53
534 788
539 634
229 556
592 224
350 240
575 505
463 563
598 74
219 43
51 968
644 166
919 508
886 881
174 685
981 35
415 765
736 874
202 154
682 384
514 585
9 587
302 192
848 710
870 519
601 93
572 149
406 221
376 438
283 642
291 143
610 435
595 477
763 659
589 237
469 804
606 831
757 433
320 988
135 151
728 681
862 596
774 490
150 304
758 517
483 885
559 604
946 150
432 53
997 936
500 684
393 686
251 622
823 968
826 92
21 446
793 141
940 36
209 54
967 765
513 30
841 697
346 249
537 144
437 87
24 125
930 97
107 800
271 939
132 483
336 78
389 476
926 141
53 111
151 694
433 359
337 692
527 267
837 879
289 329
346 906
419 986
265 416
178 579
344 359
513 730
346 829
111 511
39 370
385 847
425 170
78 748
942 897
635 961
928 223
216 289
469 49
806 208
539 503
886 802
333 994
320 271
386 694
445 409
818 661
491 455
624 168
540 74
83 657
445 266
231 313
982 723
395 815
684 893
791 955
256 492
10 644
265 973
729 304
782 810
324 609
353 4
524 677
173 273
853 735
145 708
268 107
732 512
1 416
154 78
173 162
177 167
173 147
370 720
701 652
667 772
62 990
232 753
233 344
269 736
41 577
826 392
357 807
853 930
430 973
1 243
609 390
737 201
538 906
685 41
447 266
735 87
595 836
7 82
76 52
336 268
561 197
10 69
450 284
252 144
114 87
272 712
241 385
756 352
149 382
87 110
780 560
105 338
252 7
289 11
717 75
663 869
703 904
355 790
985 691
17 897
604 963
70 303
156 332
18 365
592 906
954 609
811 424
422 70
392 74
693 723
877 935
181 848
991 163
848 179
833 257
126 768
57 979
593 641
132 27
422 155
230 802
726 935
57 572
666 978
350 91
540 63
522 542
541 274
10 387
363 220
606 296
992 652
425 817
961 135
3 44
350 373
338 421
274 617
168 252
974 823
746 978
509 445
255 137
974 601
173 134
874 277
340 649
70 278
313 568
626 700
585 175
932 452
760 195
889 801
837 449
395 114
34 302
396 649
328 47
970 738
941 419
495 813
543 115
841 791
932 698
409 675
11 179
711 930
158 38
106 383
324 458
676 679
146 982
295 251
507 369
665 259
196 57
627 929
953 248
39 71
264 883
63 77
873 817
674 291
164 788
123 175
341 220
21 938
406 936
647 554
616 124
134 635
15 140
769 952
402 542
340 300
227 42
320 472
563 388
877 28
515 553
735 130
517 91
539 447
468 951
985 75
308 728
237 270
203 386
648 21
207 458
388 272
869 985
775 729
627 853
883 897
353 354
616 568
445 306
43 375
644 880
645 473
792 899
625 399
758 237
56 997
526 494
196 654
89 634
880 859
862 125
582 78
676 7
399 856
129 332
22 868
595 433
797 821
431 931
770 463
740 537
646 570
370 619
813 43
48 235
175 834
890 106
522 463
48 122
836 227
966 602
212 727
239 236
130 480
394 45
158 2
414 168
806 670
608 241
811 820
396 771
834 591
22 382
600 853
603 438
569 266
181 212
368 965
220 638
497 807
243 263
650 77
11 445
142 673
170 214
388 801
924 915
160 832
582 839
397 557
593 414
777 215
190 124
928 325
364 823
332 222
339 81
446 341
657 522
929 877
242 489
138 765
985 54
972 276
166 167
539 411
631 49
970 917
930 736
883 16
294 891
598 277
601 119
644 965
428 52
500 459
305 739
92 749
733 754
992 547
645 573
459 614
316 485
192 187
790 141
529 28
71 397
843 508
2 180
538 354
940 594
101 730
126 359
475 427
503 173
336 997
577 697
359 131
637 617
841 128
478 691
410 435
528 114
513 450
988 100
419 163
187 207
145 855
662 348
385 224
595 171
851 277
223 655
457 850
642 955
6 50
797 349
855 75
107 803
474 34
204 383
972 58
617 210
946 904
513 831
403 83
726 212
929 47
436 9
554 340
151 550
479 213
852 657
857 317
513 729
114 299
494 498
976 413
207 767
62 214
318 188
800 939
677 507
588 10
401 176
630 437
729 641
703 299
373 660
799 936
180 819
393 468
895 563
790 677
849 609
630 292
816 577
445 408
875 463
88 907
56 491
188 510
672 435
909 442
692 830
736 742
829 99
904 774
597 903
213 910
752 112
838 525
443 279
295 940
45 709
429 166
572 186
107 421
236 969
365 997
858 842
620 861
676 95
626 190
577 566
653 377
984 560
822 336
570 391
996 579
943 656
860 50
572 766
829 353
44 71
746 10
335 576
305 437
680 463
168 891
189 847
941 352
343 202
25 903
265 144
357 506
349 838
778 478
916 320
739 639
596 988
742 630
964 564
34 657
747 393
856 560
93 732
507 144
604 738
164 727
806 354
97 668
593 375
976 377
173 799
853 205
69 734
531 73
391 252
975 674
701 265
829 308
557 869
523 733
928 107
982 274
696 247
825 469
162 58
442 819
114 564
868 413
765 883
491 418
853 400
212 8
16 275
913 27
537 983
905 591
430 424
330 206
226 303
874 387
892 856
624 166
320 24
93 61
165 656
508 242
358 131
286 444
219 587
92 507
989 99
737 10
181 137
97 427
471 948
101 611
942 171
528 43
253 808
948 394
974 888
693 656
876 618
533 839
127 672
774 435
847 155
121 639
896 301
589 496
911 621
651 21
29 665
215 178
896 220
366 202
979 625
967 638
432 988
56 920
788 73
129 860
41 821
763 413
372 590
