1000 9875
911 269
290 329
937 642
556 940
777 474
66 416
357 367
621 722
821 48
721 132
63 477
854 440
639 946
244 817
235 118
790 912
995 370
431 462
757 724
556 609
879 818
235 726
342 878
576 522
204 843
578 88
618 841
625 211
386 27
178 253
929 531
105 478
352 712
478 152
889 279
463 236
709 516
767 274
514 530
843 322
122 565
810 748
44 677
140 144
931 743
399 901
473 681
849 786
442 408
461 588
162 555
328 287
681 285
931 965
269 726
239 408
404 835
577 589
638 374
34 448
119 165
145 985
404 818
943 731
909 535
432 319
932 328
646 280
133 557
23 649
159 345
402 574
205 395
99 920
408 83
128 536
951 160
189 887
484 85
301 521
52 79
498 121
589 714
821 483
787 303
347 356
789 645
369 492
468 742
155 553
372 721
450 103
696 912
164 777
402 898
702 265
705 763
794 860
285 855
861 64
630 575
228 263
123 59
160 47
640 761
218 285
934 511
648 212
260 26
563 743
666 920
501 283
140 455
468 980
554 181
849 595
667 510
190 697
800 221
250 140
550 393
559 181
811 737
876 515
24 886
847 366
840 760
804 403
988 464
715 296
148 671
227 914
727 885
858 964
529 172
433 23
182 394
149 819
757 14
353 984
230 390
656 41
505 645
767 229
894 503
145 564
510 150
936 841
993 168
687 420
49 80
875 844
991 23
901 874
558 435
746 51
983 930
741 726
950 169
436 460
850 21
489 443
197 906
552 663
546 365
952 856
786 700
194 819
750 356
863 975
792 68
885 468
897 415
294 329
481 822
868 934
835 183
877 816
665 498
256 432
518 572
285 827
864 692
856 708
645 92
283 183
191 518
855 639
969 948
416 788
346 605
869 911
616 399
231 426
472 491
482 156
696 314
809 125
85 270
601 451
469 627
550 260
58 590
644 841
629 277
60 16
425 757
338 334
67 788
88 345
952 642
292 99
831 990
960 157
909 236
861 211
55 156
239 611
990 489
217 606
922 73
686 38
465 738
118 548
672 624
16 244
310 458
385 33
352 60
617 736
470 524
306 613
624 488
552 341
571 211
261 559
279 698
306 756
4 517
740 573
516 839
390 92
358 288
219 42
826 126
920 247
452 482
426 384
959 318
979 596
485 163
547 952
988 798
882 363
864 994
157 129
816 928
911 296
293 577
829 911
423 194
959 28
212 887
638 725
988 460
423 522
838 897
877 933
716 485
165 377
292 825
556 770
411 937
967 180
808 579
860 772
38 72
386 48
612 165
316 874
616 288
134 703
653 613
290 857
165 91
387 209
904 965
205 913
329 322
403 923
297 252
118 68
544 171
784 762
912 463
622 596
970 221
827 572
973 982
886 89
300 596
84 67
652 208
788 833
623 874
24 942
520 787
976 80
343 770
981 428
213 530
54 542
524 800
31 250
108 630
76 977
690 56
803 226
679 67
131 545
353 881
263 36
376 206
516 660
224 898
249 561
927 210
841 789
436 543
220 374
851 460
747 623
137 751
214 271
107 861
506 329
674 49
180 314
366 37
186 663
445 938
377 972
301 710
768 165
164 790
533 363
223 373
80 13
759 327
941 775
801 156
631 251
103 249
844 86
592 7
352 892
114 375
167 451
427 697
564 117
565 220
644 205
331 250
297 62
283 127
47 142
305 539
327 142
644 92
424 439
431 507
208 542
35 607
456 1000
607 87
990 101
719 19
848 590
406 490
724 337
373 109
891 736
16 368
502 434
14 654
734 249
183 877
610 59
336 876
409 208
118 834
106 778
415 430
271 329
404 989
885 228
614 482
887 2
118 765
410 298
328 367
767 807
25 401
723 102
176 803
642 178
596 558
664 632
25 2
728 267
968 430
230 804
479 686
633 454
686 312
157 438
31 397
695 186
332 956
498 404
434 217
183 503
547 880
306 926
91 92
384 892
11 447
34 162
811 579
592 965
995 256
133 113
150 945
122 924
912 828
397 700
659 217
664 321
436 341
899 599
208 523
482 230
285 632
397 414
91 649
994 314
448 410
587 425
692 804
587 6
1 703
37 41
912 336
839 868
342 708
236 319
199 709
404 659
499 535
136 290
766 635
94 43
16 491
335 706
738 136
611 874
79 896
260 750
157 854
759 917
823 257
770 143
280 703
465 857
745 589
715 521
511 442
641 177
150 324
793 267
961 649
892 274
159 30
475 349
521 973
991 893
118 918
78 21
973 978
444 839
805 35
31 353
968 89
808 638
285 502
677 980
508 225
498 11
246 853
764 786
30 442
897 365
238 441
651 826
261 405
772 542
664 447
186 591
975 845
247 426
751 59
821 119
470 399
493 38
117 38
655 240
469 77
524 87
80 356
156 9
957 140
237 434
421 187
863 632
995 26
133 375
820 471
307 60
182 952
660 632
62 310
908 530
469 272
398 788
844 380
478 198
466 815
905 448
778 862
40 136
409 979
35 535
697 614
365 560
519 825
4 282
923 228
762 68
374 262
571 420
841 339
2 231
649 596
887 604
356 900
460 516
72 639
714 50
914 560
934 567
799 383
505 311
558 242
101 589
407 514
379 871
305 120
344 738
663 333
651 269
546 573
802 915
737 206
774 469
392 723
692 684
230 141
626 766
145 817
235 331
650 350
617 769
375 561
289 814
141 773
924 640
782 527
176 344
285 474
436 858
884 852
518 232
3 845
778 77
854 505
871 626
105 343
833 356
347 318
521 421
149 492
99 689
225 862
134 368
462 541
229 830
581 553
392 126
458 528
761 921
272 265
946 829
319 781
213 266
622 174
659 160
364 746
310 704
877 932
90 374
237 5
596 700
635 158
472 170
159 906
643 517
851 207
541 382
339 570
401 35
312 642
282 806
670 685
929 629
558 124
499 945
652 563
891 711
677 64
643 176
403 779
443 822
745 858
468 227
481 613
254 276
843 297
130 436
594 625
23 163
886 457
526 270
31 852
359 75
145 721
753 516
44 481
866 528
232 833
954 392
496 954
280 759
633 207
852 303
196 331
698 917
685 249
797 991
245 642
633 576
585 61
197 815
533 837
348 141
465 495
138 479
447 299
166 164
201 437
632 111
797 737
889 512
326 766
358 369
976 908
333 1
778 158
907 510
945 647
711 812
358 604
661 195
976 795
573 919
926 185
677 893
532 80
426 135
803 543
241 140
39 465
704 968
579 228
835 142
530 416
622 74
19 93
661 534
494 313
922 506
632 666
251 829
782 314
251 196
489 863
398 3
398 259
863 437
668 165
961 469
744 963
472 134
398 178
365 325
691 365
364 3
959 580
726 817
503 584
765 789
911 737
662 553
666 676
648 487
633 687
207 324
780 361
526 456
88 244
970 254
40 119
738 114
888 603
839 784
535 507
921 387
499 683
279 313
317 998
512 864
729 414
165 690
500 7
175 617
948 815
654 761
698 937
435 773
810 987
563 513
841 935
842 456
755 809
850 47
633 453
214 590
126 394
474 299
828 538
902 497
48 460
822 56
897 151
419 631
134 30
870 276
399 142
477 36
760 670
295 29
216 700
837 998
533 285
773 270
704 933
809 245
994 614
351 423
635 888
204 761
446 457
284 508
638 637
905 677
842 919
476 916
722 712
341 110
342 793
968 728
694 877
57 927
691 728
626 319
520 400
478 88
677 294
880 446
717 549
60 296
364 605
209 854
853 485
925 568
933 29
274 650
94 27
227 694
805 211
53 798
827 615
884 636
117 75
338 360
47 368
469 718
453 73
532 948
89 519
463 480
690 100
766 715
434 806
25 451
746 799
236 621
149 930
150 325
780 196
987 719
386 423
135 32
547 160
802 738
340 677
149 132
225 486
872 615
551 995
530 917
604 38
806 814
738 700
557 152
49 455
803 360
607 962
547 879
569 299
39 419
403 231
533 925
968 903
661 364
939 6
155 567
670 250
485 496
53 156
549 477
616 40
643 654
569 750
105 549
60 93
553 537
825 220
555 784
846 586
318 493
644 247
548 528
948 971
464 949
578 111
13 992
406 632
566 756
420 998
757 571
648 65
906 714
653 720
675 872
820 327
658 102
630 170
649 889
778 863
586 260
624 991
438 625
98 490
597 900
946 188
588 713
993 383
162 316
69 204
891 218
573 236
25 302
408 418
562 952
942 35
709 508
452 875
325 483
417 418
20 631
573 349
371 349
121 582
852 276
157 682
567 867
20 742
577 523
941 42
562 161
340 599
932 307
914 866
258 734
137 535
824 823
950 139
93 666
846 456
224 855
388 672
831 412
245 975
656 324
110 327
229 397
573 769
36 636
355 572
82 284
210 489
488 219
384 950
204 271
138 237
985 518
216 412
510 735
668 525
660 329
929 95
233 698
56 221
350 515
260 303
863 84
324 918
329 772
660 840
141 738
631 295
651 519
657 582
181 860
97 657
139 916
639 761
360 977
240 135
645 190
574 108
84 504
265 674
764 362
24 432
285 575
45 560
653 756
196 865
473 944
934 231
207 355
154 285
891 710
783 454
273 377
404 741
792 939
443 841
177 603
926 806
503 645
326 134
128 10
961 933
871 414
637 71
123 926
804 469
221 101
222 966
171 848
631 574
818 249
788 929
19 952
405 479
486 218
167 629
719 56
747 323
106 89
513 271
716 786
128 811
590 783
681 593
723 426
202 967
167 859
684 455
707 894
335 545
564 797
324 310
513 909
65 674
10 101
485 197
747 766
507 373
765 435
822 204
147 324
720 386
993 658
501 863
617 30
414 850
988 659
846 881
445 936
593 885
986 124
498 818
264 966
485 520
983 281
990 559
368 266
7 277
971 206
25 574
208 754
320 698
139 944
455 454
459 899
795 813
482 96
155 394
140 478
182 302
879 177
40 858
256 823
477 827
977 723
192 949
66 914
288 408
640 941
459 266
415 463
40 233
227 669
429 969
451 785
610 70
519 768
903 737
10 784
282 221
156 566
947 293
895 187
642 333
944 621
401 434
876 276
842 132
329 47
888 314
687 284
600 366
250 555
87 258
292 820
258 356
560 556
390 361
562 150
15 884
480 427
862 298
267 79
513 363
471 231
328 79
663 741
722 99
856 407
219 231
682 757
112 885
561 176
530 961
419 630
902 385
230 432
460 205
676 598
346 145
920 928
581 607
267 523
531 710
345 479
39 337
310 623
521 508
498 199
206 556
502 647
20 304
77 769
25 670
155 731
433 797
656 840
787 14
436 160
204 132
955 836
170 500
8 487
138 534
969 780
518 765
778 582
568 14
109 146
146 156
221 632
782 49
878 670
516 101
978 996
596 710
634 729
588 855
899 132
580 967
70 33
677 7
330 178
538 511
683 762
510 235
598 523
952 745
700 95
296 909
685 397
407 651
398 222
965 941
503 994
742 430
344 520
555 830
573 425
331 770
82 132
22 304
1 234
496 850
560 935
188 632
483 888
944 454
194 765
840 183
659 861
641 442
680 448
845 954
738 714
685 81
451 103
162 14
271 656
9 385
581 785
803 363
517 569
775 417
355 656
16 742
733 615
153 333
875 645
217 704
532 9
492 446
608 511
318 70
813 854
105 411
379 84
968 535
208 924
209 501
484 825
639 887
948 104
476 889
632 723
669 978
928 212
503 380
217 19
199 103
806 213
717 998
887 26
818 575
946 456
229 732
88 992
655 400
731 566
97 598
27 143
389 556
286 904
892 483
431 225
677 217
491 442
577 93
939 594
283 470
601 87
984 73
182 728
24 3
120 655
299 832
513 307
670 849
305 771
112 275
978 746
210 640
562 493
515 33
296 873
945 332
359 182
918 388
813 333
337 412
344 740
515 223
487 770
499 384
569 906
966 644
89 848
31 517
25 948
2 809
96 52
478 802
45 133
673 676
84 605
15 298
774 346
104 750
582 455
295 210
65 602
64 816
410 804
237 959
901 766
650 446
290 272
871 620
418 362
544 990
75 996
854 289
121 931
949 19
536 168
800 749
673 81
782 429
216 484
712 425
614 967
755 461
142 959
330 679
296 491
728 494
377 640
104 328
605 824
753 109
212 310
194 329
123 341
910 51
951 861
829 417
481 275
174 750
970 329
790 564
348 795
870 742
304 643
718 794
899 220
205 893
832 233
210 725
174 102
13 646
571 564
438 973
984 302
593 832
61 362
751 469
343 576
805 891
697 866
442 371
685 469
602 801
951 438
106 837
872 883
249 724
432 404
721 530
940 820
637 670
28 938
693 668
914 839
510 35
992 814
619 268
165 588
675 14
289 863
987 352
950 148
71 917
969 100
920 167
423 300
997 903
889 518
91 904
879 423
718 99
979 629
945 645
233 891
660 152
167 952
849 33
850 762
29 951
525 786
939 48
635 993
816 773
526 995
345 156
384 544
114 483
208 868
617 456
213 413
160 7
242 532
199 158
294 37
749 857
412 485
986 782
825 388
114 709
861 547
57 611
866 219
259 507
529 265
717 656
934 496
792 793
118 935
65 297
178 72
343 374
630 2
597 955
676 302
469 552
787 655
305 237
779 559
94 310
819 286
107 464
399 822
625 531
364 449
594 994
465 670
468 487
931 969
642 108
257 138
12 180
822 365
828 310
131 542
742 404
818 508
68 227
194 376
556 328
870 40
390 422
56 602
733 864
51 801
927 832
180 763
452 352
608 246
659 697
314 257
907 284
176 354
363 928
698 491
424 828
355 853
7 964
711 560
307 918
458 598
811 102
926 153
925 498
478 5
660 769
275 229
702 156
151 910
498 934
817 858
412 90
296 419
450 692
566 750
734 668
296 306
995 112
498 648
598 191
361 876
235 839
821 980
109 802
148 982
240 95
882 738
773 849
9 764
529 501
303 902
714 827
625 332
26 464
169 554
445 676
317 806
230 713
545 515
838 392
839 865
921 671
538 508
83 473
361 543
219 100
787 683
718 765
149 718
41 845
623 768
982 794
344 922
934 665
304 695
183 228
102 241
712 645
106 252
76 788
450 328
434 286
885 374
592 279
300 204
52 423
197 852
288 976
770 428
220 27
771 925
810 957
614 239
889 988
642 146
224 845
885 392
447 365
790 796
50 713
95 515
72 401
327 971
924 703
120 381
107 905
988 822
147 270
884 327
621 628
103 733
39 134
695 441
293 937
574 570
99 662
669 286
172 986
680 988
234 687
823 533
517 986
384 714
242 146
540 668
356 365
956 588
541 230
798 751
160 79
270 4
610 971
467 946
938 978
248 888
523 692
138 666
378 7
198 282
327 194
40 900
238 619
277 857
919 286
479 263
420 385
565 386
217 300
221 716
517 303
332 227
476 154
405 307
529 465
917 922
240 970
9 617
821 714
606 80
404 690
922 947
382 131
842 995
904 531
940 563
867 533
351 652
780 388
755 596
936 154
813 332
851 105
743 445
713 72
145 532
10 410
896 471
328 325
23 225
600 581
488 831
148 243
392 989
279 807
216 937
489 411
126 215
538 694
420 703
116 862
245 894
391 702
467 969
410 852
987 82
938 117
993 741
397 543
808 922
751 922
702 378
80 37
652 907
428 743
582 896
56 78
184 3
864 741
649 479
265 454
567 175
605 902
768 507
610 636
442 986
919 604
389 877
928 241
70 674
824 833
381 803
330 823
80 466
743 649
763 55
344 103
735 37
757 541
60 355
251 243
613 601
749 144
982 646
749 393
383 159
101 938
562 684
246 141
193 311
642 948
862 75
519 798
847 701
648 349
852 578
12 59
840 677
359 503
109 524
165 778
974 560
652 268
641 549
914 531
794 205
98 750
345 794
303 525
987 724
948 854
314 822
10 559
496 873
328 198
382 409
149 984
701 539
633 189
689 243
451 256
396 591
618 58
988 17
494 656
875 665
15 560
148 151
387 877
906 967
876 773
992 266
612 547
673 929
492 737
899 829
650 83
266 39
457 530
952 343
860 416
897 426
563 357
26 940
744 153
428 564
766 828
94 599
494 333
320 560
323 423
507 194
669 167
424 526
393 309
639 782
368 411
60 545
502 970
805 329
204 832
762 822
430 262
142 186
200 999
203 440
601 29
724 634
630 144
528 576
827 604
797 641
306 229
20 668
74 153
975 253
408 621
875 57
621 957
37 484
576 122
280 679
387 653
357 903
728 805
456 424
719 105
442 135
116 466
796 742
43 160
31 530
556 442
97 315
63 602
304 123
235 127
861 313
957 774
338 663
323 950
840 236
197 913
312 453
112 887
651 52
120 354
569 675
25 977
873 245
176 355
17 801
470 133
114 211
389 481
393 998
217 696
920 977
226 616
892 21
952 559
431 531
480 823
670 300
341 250
927 647
709 799
846 621
562 816
134 601
636 129
895 692
803 794
184 170
21 825
152 904
905 206
263 908
714 582
143 330
950 846
79 584
789 787
616 380
948 347
587 429
64 174
819 46
786 477
715 449
143 616
274 649
581 337
779 876
796 774
709 739
430 508
805 208
990 212
444 168
83 472
376 334
681 467
610 475
611 878
171 781
961 611
602 887
608 760
3 264
776 520
281 110
68 555
804 126
898 231
370 566
407 619
983 968
395 35
824 943
510 234
662 231
477 483
615 189
104 613
766 59
841 832
589 546
159 312
25 828
550 75
524 290
449 600
959 197
967 762
713 768
902 99
771 735
29 128
655 252
227 209
355 739
47 665
842 943
740 150
104 176
33 212
532 250
830 483
517 251
104 223
394 527
568 206
942 205
493 947
477 558
995 177
227 27
982 409
80 344
549 554
532 472
72 18
848 861
332 326
49 888
782 96
584 935
17 474
734 377
436 420
131 366
619 555
105 981
734 264
274 346
903 773
580 918
268 316
732 761
508 446
808 281
274 749
24 808
442 635
60 190
26 378
709 711
572 193
700 398
447 895
9 794
931 674
415 477
589 898
49 805
250 510
287 151
382 19
433 710
978 266
693 789
324 168
714 272
917 349
520 553
524 17
818 306
712 817
106 96
783 976
718 363
497 677
594 205
393 610
49 192
432 200
894 104
310 233
918 1000
723 256
577 207
660 279
1 107
359 728
310 152
917 160
901 619
426 397
617 918
436 806
719 881
722 331
127 430
7 873
1000 185
785 903
614 105
989 437
462 609
411 529
357 373
855 218
807 178
442 706
110 23
826 460
868 71
817 647
322 127
548 817
185 301
61 706
360 837
531 990
43 840
264 11
915 492
809 785
130 650
155 419
943 314
216 179
113 285
463 651
683 905
278 431
407 9
155 80
810 284
683 550
652 559
503 529
877 484
615 401
454 447
95 443
723 898
151 117
689 566
301 296
287 341
704 220
532 816
37 46
793 752
421 671
27 824
948 672
770 192
666 702
993 9
741 891
460 970
582 703
760 347
465 855
301 91
927 443
988 187
992 190
810 995
319 30
542 518
708 298
806 907
953 581
575 585
703 529
480 369
311 469
12 496
884 664
864 215
722 13
685 919
29 659
176 233
953 295
295 240
647 95
940 235
669 419
779 175
121 867
712 154
472 735
590 95
208 169
397 945
654 349
5 913
651 838
806 422
128 281
871 344
86 40
911 41
920 660
226 679
490 880
877 900
554 441
386 599
973 433
575 461
423 592
25 357
138 704
69 700
469 242
491 358
146 183
888 786
479 457
485 888
770 608
808 435
937 209
612 290
133 476
652 636
657 210
30 876
142 298
250 229
680 796
257 637
120 713
227 751
581 452
675 515
865 369
11 699
528 194
126 370
642 507
164 107
455 916
867 556
896 626
439 160
481 212
675 462
396 446
594 974
774 518
611 672
408 187
600 399
849 464
747 433
784 325
897 122
516 772
186 972
443 496
135 478
698 6
592 525
901 675
961 322
587 757
769 465
328 703
190 261
733 57
637 228
416 322
459 356
406 877
43 101
293 354
800 696
708 849
712 665
15 459
678 697
385 714
104 228
303 332
142 970
234 875
146 505
682 199
792 443
183 626
887 130
707 296
601 813
821 816
215 513
436 338
476 775
131 484
96 817
749 46
94 253
666 994
965 198
99 137
248 717
87 696
96 982
959 612
84 162
400 642
588 850
766 452
561 422
732 645
45 730
616 682
67 830
956 204
86 241
117 248
944 524
256 673
233 475
486 903
412 830
605 339
272 137
130 235
847 394
813 358
126 249
897 779
166 836
598 859
845 550
428 13
222 703
376 779
728 544
270 829
239 152
559 981
466 772
802 874
984 889
567 430
842 635
350 203
204 865
959 256
266 63
125 242
261 376
590 665
686 571
341 970
785 922
552 955
664 21
764 602
285 19
342 492
750 473
517 984
497 85
308 91
937 621
275 146
389 230
808 403
808 734
521 255
298 160
265 313
751 727
735 178
347 661
169 149
762 879
545 963
839 33
625 157
221 714
352 519
204 536
904 958
335 326
317 215
374 488
302 373
322 591
883 894
210 748
869 875
848 568
585 968
791 32
500 165
852 50
835 885
389 3
80 728
639 123
469 863
1 297
936 156
427 531
1 346
475 271
955 25
993 206
278 814
250 721
469 945
163 250
880 632
785 969
791 484
31 435
876 652
106 949
722 38
779 902
944 116
288 421
755 914
135 294
211 964
730 732
34 87
751 198
898 524
367 201
258 879
722 328
547 855
393 940
786 557
350 658
845 14
650 12
428 594
945 632
916 335
540 627
697 88
240 477
147 123
864 743
924 833
668 520
803 836
56 63
679 233
326 318
826 670
481 679
635 2
170 226
109 855
26 445
84 363
625 185
40 241
80 754
338 522
531 413
326 107
273 381
285 211
776 276
71 445
364 329
628 526
330 201
991 764
362 553
235 188
572 85
934 596
918 73
576 16
79 71
600 150
853 620
602 812
83 115
73 58
720 939
221 146
25 447
376 101
806 496
370 639
831 734
214 692
453 432
348 138
24 368
441 880
563 601
949 944
200 145
664 768
607 864
849 260
809 327
357 37
638 910
909 718
73 630
497 930
258 960
632 227
649 478
39 238
495 280
280 295
863 299
693 349
143 188
38 930
648 626
26 938
262 794
764 198
656 977
877 865
26 989
450 909
271 137
19 96
347 575
613 776
497 441
514 937
19 209
388 506
959 877
139 948
725 369
895 611
240 167
882 874
97 546
468 959
51 209
701 151
204 977
250 697
83 736
286 967
13 181
253 230
878 625
147 595
344 702
316 106
923 50
734 80
684 829
232 900
429 854
265 781
362 267
783 599
861 883
455 518
918 506
836 274
188 131
279 308
46 33
488 701
140 30
417 743
989 47
352 412
723 255
904 547
980 278
213 673
987 562
698 963
71 711
455 804
404 133
321 996
125 282
846 362
962 895
436 586
951 181
148 198
739 247
500 849
963 347
620 578
609 311
992 441
243 241
741 338
334 216
93 654
694 72
825 783
328 849
682 640
475 898
276 209
369 976
461 235
815 940
372 570
615 462
987 111
608 376
564 531
294 810
722 419
190 149
262 774
934 276
845 423
574 895
960 959
893 443
531 936
346 814
330 619
147 947
959 816
561 705
265 284
74 359
847 819
259 314
568 18
806 60
460 504
688 859
361 849
953 277
967 11
790 512
705 56
845 223
706 275
251 434
108 89
787 974
917 899
973 775
714 398
10 929
839 866
507 669
736 577
476 324
616 683
113 260
230 351
377 249
148 678
758 193
575 821
597 717
73 97
336 989
867 587
762 30
766 351
824 550
788 613
914 744
791 338
244 109
580 391
157 626
487 699
268 509
393 580
286 153
713 179
737 277
72 336
423 352
595 179
914 331
157 179
345 748
287 753
492 773
254 892
256 75
885 671
814 514
963 196
967 646
877 630
149 353
301 614
566 18
287 535
313 104
702 498
561 946
157 39
34 786
343 371
354 567
100 55
24 248
820 776
683 112
422 484
498 886
665 690
397 730
15 95
971 317
593 259
5 405
429 169
838 559
591 953
425 34
632 838
961 400
265 649
123 333
490 984
677 372
952 845
90 121
682 474
753 399
354 123
890 153
818 650
691 424
51 9
549 778
347 946
604 310
122 126
784 661
213 805
53 716
918 320
869 874
212 99
801 666
767 467
435 388
495 764
645 537
792 963
316 385
781 73
658 916
918 72
684 916
226 498
657 340
720 960
749 849
814 98
943 954
586 197
434 598
166 710
633 166
199 318
904 321
805 815
503 50
658 713
589 627
1 202
883 298
612 980
542 955
283 820
414 462
92 188
24 388
72 432
419 421
572 613
594 493
616 16
617 916
803 267
971 669
664 195
683 289
803 664
977 939
94 751
276 888
320 696
697 238
626 188
897 508
845 414
204 490
207 901
741 221
265 122
384 600
61 704
942 827
137 176
583 703
288 36
234 928
660 708
919 566
331 70
272 367
691 742
251 175
948 255
930 606
273 961
403 706
497 291
304 857
601 149
873 664
146 224
97 630
867 118
540 48
268 339
506 194
119 348
454 34
19 515
406 449
372 144
942 759
374 501
891 733
487 174
754 623
758 111
191 918
801 678
519 936
683 710
905 704
598 567
377 177
897 592
571 441
232 839
88 427
417 587
434 747
129 383
700 242
63 722
176 830
288 940
254 75
622 835
112 608
332 689
645 928
923 514
345 778
171 640
73 283
275 563
827 110
428 243
659 880
10 270
860 238
622 868
664 769
258 558
63 769
505 785
399 259
94 937
202 851
223 719
847 678
337 952
51 886
915 993
976 785
945 863
560 464
924 529
265 180
690 847
894 759
760 899
94 715
387 777
795 740
419 462
225 892
212 914
693 205
52 251
475 756
834 949
997 327
764 54
620 381
750 1
473 475
740 63
743 968
651 550
545 63
610 543
937 309
618 74
804 931
297 39
505 196
844 307
922 677
833 6
800 201
231 491
947 10
735 939
277 527
362 505
749 763
472 345
734 81
754 659
648 380
64 99
447 800
16 390
235 10
681 500
610 50
849 778
481 142
76 431
107 468
111 516
171 947
852 474
980 279
358 167
783 884
700 150
651 506
689 131
896 983
339 374
747 149
664 639
721 626
404 826
814 773
125 394
769 132
440 526
827 394
814 884
513 159
517 703
428 358
432 865
784 470
676 716
351 563
350 502
245 819
358 626
252 209
437 65
920 933
849 1
47 646
637 226
98 440
399 5
113 782
721 79
801 690
100 28
228 41
802 264
60 738
958 159
801 192
897 425
408 802
207 738
333 611
317 382
579 855
213 445
621 464
623 390
683 821
853 141
446 301
449 223
805 362
346 577
754 322
166 220
668 54
725 632
573 201
835 543
306 166
485 922
861 515
496 429
796 146
65 408
411 180
710 296
99 756
698 266
58 963
772 155
675 120
478 380
27 964
298 191
69 321
351 519
210 665
928 486
466 303
448 814
343 919
704 31
937 533
638 543
373 364
391 381
512 834
250 473
359 137
864 341
330 401
738 370
810 647
124 917
741 514
818 269
909 930
604 286
128 889
539 732
224 978
131 638
79 348
461 704
289 682
767 963
932 660
511 622
2 753
276 400
205 470
760 115
558 298
392 653
689 393
998 157
15 629
720 545
242 861
519 453
745 106
225 617
135 316
930 4
234 393
328 846
510 602
37 938
681 678
745 528
855 66
358 542
489 733
608 261
238 64
59 607
578 677
96 892
119 327
925 176
347 344
276 980
8 682
264 820
318 75
51 588
252 475
750 78
330 573
919 711
191 296
503 202
821 225
34 757
436 129
222 374
919 564
578 502
514 936
198 577
652 62
423 538
27 277
388 28
147 684
535 962
647 779
389 535
144 998
283 238
776 235
210 603
320 39
411 144
784 662
639 438
400 143
537 962
476 792
724 400
317 838
412 638
491 223
917 535
352 359
141 233
532 910
348 787
129 50
444 318
762 289
547 407
527 661
644 599
97 390
371 291
689 890
763 841
219 919
96 90
426 711
543 240
68 144
778 535
921 162
382 496
664 951
183 225
793 85
962 676
231 725
112 803
802 140
987 285
993 543
613 416
251 757
656 713
54 144
312 367
954 930
77 17
828 847
479 909
225 742
941 744
492 520
309 78
241 264
127 347
432 535
914 399
57 609
341 206
712 430
821 84
548 828
454 615
904 256
579 158
216 408
199 177
378 898
268 622
169 247
385 978
351 155
378 39
1 990
74 316
312 649
8 130
445 435
999 620
526 68
196 879
674 715
469 317
142 333
145 31
553 426
862 188
841 667
369 633
464 851
302 151
451 827
14 267
752 6
9 371
700 318
574 451
297 373
923 217
583 147
291 787
511 180
334 663
11 656
84 954
321 536
508 670
341 633
438 881
6 661
260 685
84 809
783 787
54 641
534 159
102 189
233 290
340 514
475 365
675 420
909 453
681 603
556 353
509 294
970 250
728 538
747 470
710 734
414 43
931 159
440 738
538 871
595 874
216 905
327 911
846 89
531 477
880 137
746 277
493 308
635 631
854 727
393 649
270 388
932 785
973 251
81 451
950 348
244 800
702 282
760 615
9 15
798 777
472 604
160 173
87 450
238 858
557 670
905 69
464 755
519 201
251 221
397 737
41 271
441 549
66 202
449 242
843 910
915 269
312 822
900 95
114 766
662 439
902 517
118 158
514 713
625 202
188 456
958 316
445 471
212 454
766 869
948 498
967 438
861 943
476 499
72 704
17 193
239 860
518 855
743 284
102 492
526 322
801 833
295 804
532 983
469 679
934 999
128 637
712 543
178 423
287 219
770 163
866 792
664 880
541 816
801 931
733 40
440 817
979 793
447 662
124 993
885 665
33 535
399 576
332 549
24 334
29 707
824 757
492 803
920 136
137 772
259 908
931 971
581 712
565 723
626 995
897 281
407 433
798 75
660 40
385 606
744 249
446 97
695 630
221 831
81 602
886 563
564 307
341 134
161 352
398 119
792 446
892 247
405 27
164 528
754 240
313 526
190 836
763 2
212 260
182 980
327 213
576 623
339 763
540 661
683 978
758 394
779 787
562 737
191 715
566 781
127 201
532 661
991 772
891 644
291 858
295 898
611 773
11 587
601 287
767 398
878 877
183 841
538 360
886 264
118 678
476 100
461 760
135 891
796 599
176 872
120 170
771 883
337 315
689 174
107 721
568 797
382 469
337 340
672 843
163 848
930 659
224 931
906 776
923 890
730 596
305 391
125 30
586 528
91 402
664 890
367 65
82 307
190 552
629 527
119 465
67 42
33 398
569 300
606 291
128 422
368 539
510 682
367 807
24 247
63 62
873 870
985 604
177 943
513 821
850 590
119 247
601 620
673 79
88 601
177 824
26 787
804 92
104 195
855 784
890 453
854 104
15 206
623 421
950 959
682 73
614 35
722 822
338 771
662 479
855 630
531 164
382 712
74 281
934 99
829 407
406 328
744 657
84 338
66 933
196 884
583 904
450 516
804 587
878 700
607 6
991 487
227 330
292 438
136 666
174 950
723 536
567 549
535 459
918 305
403 868
575 986
444 328
706 535
451 636
749 313
21 275
107 898
685 491
596 58
652 244
49 393
175 441
932 625
442 200
64 330
819 714
349 171
14 872
20 749
63 521
361 425
714 367
486 683
991 857
11 51
893 987
231 724
641 408
733 818
111 898
441 93
738 744
868 527
154 521
836 45
621 817
272 791
534 316
42 534
561 242
546 134
290 456
609 750
186 265
501 836
384 828
629 660
650 11
209 297
686 709
874 190
985 696
414 904
273 532
368 662
898 813
186 619
100 213
7 523
431 335
159 860
384 602
631 316
62 105
201 57
138 601
616 641
660 710
57 879
703 224
853 211
179 177
198 488
473 159
19 295
312 795
192 817
504 515
485 832
914 72
605 267
899 804
903 980
575 651
706 294
891 878
710 486
303 980
437 551
967 461
127 304
442 680
173 584
689 989
330 315
396 233
697 906
700 319
294 520
652 442
212 129
305 801
966 30
680 947
420 118
991 761
465 539
818 97
947 383
311 252
500 43
448 902
748 369
676 22
804 35
789 465
52 186
876 461
714 304
400 680
936 778
521 956
873 337
919 565
193 999
875 783
951 82
840 393
760 61
13 337
980 578
694 240
197 952
534 361
958 677
985 841
343 115
863 872
422 614
363 954
972 720
898 751
514 179
497 816
953 657
926 161
180 259
381 414
863 526
451 402
674 185
659 343
473 424
642 667
437 269
151 755
946 729
602 151
95 950
557 669
687 530
588 245
617 426
424 688
331 100
180 932
873 283
961 429
191 496
359 594
880 315
825 398
494 547
652 840
541 346
834 196
597 99
299 992
174 780
554 994
700 364
437 882
779 839
710 349
412 560
624 30
933 498
899 62
334 577
960 48
999 881
182 565
331 561
746 656
196 753
396 499
879 924
585 796
370 700
432 295
333 314
628 259
956 266
872 853
689 129
118 613
413 513
585 112
35 19
515 285
998 100
67 642
405 185
438 495
721 641
314 41
558 268
120 248
103 465
34 184
510 429
718 214
96 353
971 953
46 595
806 661
842 722
493 390
371 854
194 805
655 592
380 24
91 87
590 191
441 900
974 286
981 514
167 969
680 415
223 451
25 758
725 525
906 169
38 860
276 929
522 921
62 86
834 919
947 684
12 939
416 36
116 777
937 390
665 951
388 74
123 53
270 647
915 443
644 283
924 59
235 495
761 970
364 184
326 261
933 803
973 546
544 14
652 608
218 517
921 699
934 215
437 805
386 857
540 122
248 576
620 424
255 391
919 214
463 202
999 772
395 922
452 601
895 247
829 197
192 182
340 502
287 297
857 969
150 115
5 788
463 488
546 844
914 596
790 67
765 675
757 20
741 959
716 546
837 108
698 994
383 662
221 215
353 839
119 876
300 202
780 252
286 269
141 566
235 423
241 806
596 912
847 180
736 683
824 803
202 951
349 548
506 821
966 957
128 153
664 891
810 410
441 198
225 623
266 59
121 812
241 401
651 684
690 898
929 218
821 348
256 364
901 276
738 918
472 522
659 286
643 997
368 527
299 479
198 739
532 135
476 961
702 211
373 583
284 472
325 740
622 10
553 513
739 810
320 492
137 234
490 948
520 293
868 285
504 744
527 162
447 203
142 196
151 142
636 896
654 35
51 10
895 949
625 145
917 819
402 416
352 456
553 477
737 680
700 276
421 277
351 980
944 974
291 889
952 541
202 388
993 375
22 251
994 168
667 242
62 744
874 402
654 492
638 442
970 897
218 938
844 938
752 261
315 220
26 25
562 119
732 907
989 20
691 962
520 607
698 631
135 862
338 102
927 450
676 66
913 624
922 18
851 897
936 815
538 111
405 52
564 995
725 729
967 913
720 737
196 126
876 648
471 164
756 86
24 391
160 711
440 234
371 865
389 258
176 337
985 925
402 655
42 678
708 247
638 880
146 648
439 729
636 369
180 479
387 530
441 813
65 873
180 834
284 397
322 120
211 871
956 274
726 209
839 338
515 203
768 497
218 296
350 805
976 372
960 617
155 265
800 962
235 743
145 243
147 861
331 200
902 543
563 293
998 948
13 828
179 44
867 764
481 276
946 374
895 937
877 334
40 245
79 700
61 129
174 864
892 653
986 710
757 825
809 208
687 147
585 889
404 963
740 783
923 505
597 642
793 51
801 901
422 914
1 265
330 471
534 12
665 211
524 50
234 154
806 908
167 706
774 430
685 1
637 264
56 581
54 80
382 381
885 586
803 347
441 254
189 872
461 195
9 450
86 720
855 327
253 353
751 230
551 261
902 44
65 555
769 377
890 681
128 286
475 713
778 328
137 64
602 148
416 25
452 311
437 933
356 291
711 363
986 870
824 117
402 183
920 520
856 646
532 413
40 947
666 907
188 347
596 584
502 238
529 369
880 395
577 109
597 98
598 261
265 599
106 719
892 546
714 782
457 319
972 458
4 308
631 839
652 456
577 59
416 564
885 990
147 383
295 920
818 947
784 879
253 526
829 79
178 421
452 772
912 867
830 677
120 940
410 304
249 776
796 824
654 599
785 484
804 64
680 206
295 591
944 323
83 145
978 612
394 190
336 439
120 138
107 644
628 34
811 514
104 670
968 39
396 560
105 382
772 895
771 490
243 245
997 73
129 772
81 3
320 965
300 299
846 378
747 722
287 575
219 413
94 795
385 547
498 108
377 773
238 26
369 409
533 641
620 6
209 368
525 829
758 163
346 955
486 781
848 73
692 490
124 244
314 713
384 515
612 1
562 810
820 86
184 176
848 887
248 867
104 391
71 61
643 580
881 241
574 44
446 675
965 593
47 297
568 389
517 308
350 31
408 770
724 264
725 49
891 809
18 877
74 867
743 429
481 851
500 334
504 137
141 194
110 901
787 688
771 87
150 112
541 865
102 281
837 218
50 188
219 543
58 659
757 19
654 563
773 148
220 99
455 772
175 645
215 440
434 409
546 414
140 755
180 896
475 196
850 8
962 718
138 412
983 589
806 807
699 327
367 67
663 630
885 514
618 399
677 986
86 792
770 80
350 669
560 411
869 111
798 933
836 376
918 945
224 90
497 72
668 593
617 367
212 981
801 112
105 387
379 108
588 344
915 248
411 809
284 473
14 246
17 690
881 435
958 9
731 657
473 129
535 513
42 150
687 698
363 350
882 686
601 777
875 443
307 439
921 695
631 926
64 128
728 167
88 6
986 739
952 943
221 374
22 777
334 527
122 841
822 992
144 135
442 500
848 671
390 636
230 383
896 785
511 354
138 900
373 333
272 506
433 40
244 481
921 243
409 7
598 777
413 599
875 916
803 243
625 685
898 197
387 600
618 190
606 663
497 607
851 332
357 187
124 666
923 701
742 38
543 19
216 944
510 356
671 383
142 587
449 965
385 506
849 61
321 484
85 515
507 465
697 129
846 866
59 636
578 644
545 309
638 704
678 619
20 257
756 523
649 375
981 207
916 315
20 496
905 46
997 432
677 562
659 27
143 490
844 37
167 464
351 119
360 986
571 896
184 360
882 835
243 775
105 810
895 987
237 585
188 295
170 726
62 472
545 994
500 583
566 856
588 768
476 490
187 633
923 45
126 638
559 840
438 554
865 510
17 32
687 45
429 877
909 197
788 852
666 360
794 165
869 223
118 893
1000 838
361 818
991 520
761 31
779 648
762 320
28 668
323 532
857 298
741 431
662 71
594 905
496 948
280 705
134 23
137 856
444 588
874 169
728 308
270 988
804 188
953 734
37 555
269 361
742 480
353 767
827 428
673 600
888 193
238 245
172 228
745 190
357 497
158 19
196 559
777 635
579 291
559 889
546 168
730 701
603 441
548 494
699 906
150 838
977 73
750 299
143 187
971 522
493 194
441 991
371 666
946 836
433 927
124 98
881 281
842 993
789 742
477 2
540 684
759 344
9 12
617 295
910 330
12 897
911 55
34 713
751 820
934 380
807 966
574 983
722 730
834 32
82 829
657 537
762 176
809 742
661 653
22 757
901 158
932 173
341 449
469 252
363 393
635 23
812 894
274 806
696 692
861 571
863 93
829 477
903 826
812 781
795 709
715 474
607 88
147 598
97 775
316 103
335 261
670 774
430 491
605 423
75 968
447 812
516 319
151 260
687 182
980 172
590 373
19 878
80 896
245 330
107 345
624 333
220 152
297 641
465 295
233 259
380 598
490 46
444 711
250 786
750 907
860 95
54 898
537 100
105 621
917 747
543 90
11 125
964 45
784 443
986 238
517 956
888 255
559 940
985 939
124 305
782 364
788 386
807 972
674 505
950 362
219 412
755 254
725 922
820 898
289 206
398 344
346 9
668 310
238 27
260 345
123 233
820 817
821 24
531 979
782 365
530 506
90 389
860 673
882 937
702 132
761 712
463 657
281 956
415 797
548 966
683 809
901 242
798 522
770 504
626 309
408 324
576 610
688 848
432 355
984 199
123 277
919 355
468 79
620 872
566 768
326 37
245 155
407 956
778 816
429 804
527 927
969 375
945 462
799 511
191 938
231 233
850 467
753 617
754 770
405 316
763 560
343 512
73 100
382 254
956 185
941 171
733 9
686 129
118 583
470 764
918 852
229 715
163 853
44 80
337 218
724 530
841 730
487 557
828 560
99 928
671 154
52 490
324 375
474 388
427 6
342 375
20 255
849 97
471 710
359 904
30 323
488 278
388 144
754 49
648 926
173 925
356 277
179 308
787 53
536 883
136 65
320 494
997 492
195 574
839 23
955 1000
636 22
442 800
117 354
833 81
544 44
717 759
587 78
199 892
61 123
672 448
583 26
141 3
820 625
153 973
10 846
796 865
999 810
640 797
93 187
435 331
724 3
410 87
981 412
832 324
398 945
634 496
83 106
124 838
549 329
992 826
644 595
25 421
462 146
466 49
106 216
511 703
344 749
936 785
319 412
49 104
712 824
864 83
441 262
408 249
145 403
157 450
140 656
718 157
511 210
909 676
894 482
536 356
20 957
975 615
707 797
727 198
622 488
519 291
471 388
219 87
60 977
920 114
428 441
696 723
967 612
753 472
458 692
96 521
613 60
996 180
33 24
753 425
825 36
80 29
483 168
928 299
657 675
216 493
289 359
532 165
147 897
964 584
125 724
553 611
831 207
122 842
587 268
626 490
151 831
75 193
661 842
443 613
299 397
431 140
257 761
790 461
829 41
407 119
103 21
2 303
684 855
279 185
966 29
482 576
914 504
109 516
234 746
118 882
250 426
947 320
72 902
273 401
64 314
233 405
344 602
97 422
776 711
509 377
141 491
474 568
93 978
654 173
885 310
618 147
836 878
28 931
8 859
150 394
643 874
120 223
818 416
91 430
457 520
223 677
2 20
742 195
979 655
871 933
160 741
590 397
626 616
344 555
167 802
958 571
501 948
266 497
142 548
494 123
391 555
910 553
740 198
479 882
86 944
695 759
678 660
973 328
540 685
775 470
949 495
806 296
661 539
955 818
596 884
812 601
303 294
142 96
180 211
825 290
610 536
575 458
373 686
28 31
29 498
469 251
952 155
40 949
293 429
459 957
142 130
535 980
39 526
647 847
541 456
340 255
359 301
51 68
383 187
865 424
739 467
335 260
242 435
320 99
84 4
981 370
417 927
22 822
60 125
667 15
553 164
45 823
44 553
124 799
106 894
123 948
842 138
951 380
609 141
275 546
953 648
145 571
149 915
415 436
940 642
525 655
374 918
451 343
367 331
684 383
337 364
822 277
718 170
955 180
766 150
380 821
79 483
884 197
172 201
196 199
125 231
785 806
972 608
580 109
808 472
34 921
146 703
772 927
214 150
786 623
716 748
494 134
61 545
981 752
674 216
290 721
459 234
77 823
154 540
276 531
797 143
798 760
450 794
752 390
289 408
815 105
187 853
792 561
705 784
275 733
412 450
786 51
143 338
276 2
682 480
904 58
156 869
657 806
992 723
402 443
331 355
389 591
602 682
714 800
253 413
978 621
435 226
502 379
977 494
149 612
44 638
330 48
136 625
600 288
80 990
547 510
444 769
714 484
58 256
542 566
547 220
31 55
223 991
408 158
779 433
873 302
858 666
489 21
626 718
261 591
465 44
776 362
502 375
864 150
955 321
439 976
501 452
195 84
648 666
878 488
54 137
366 143
350 752
371 823
195 485
488 121
507 311
81 421
848 265
776 575
655 806
604 974
808 935
860 608
73 786
78 477
794 786
445 998
601 624
143 976
290 757
844 172
996 151
204 83
705 722
172 753
964 597
915 107
420 523
222 379
895 592
821 797
575 258
62 339
299 527
684 965
754 355
616 320
943 415
400 946
972 445
482 145
283 416
344 482
675 994
616 711
87 970
572 362
19 602
724 413
212 105
786 328
143 965
519 834
577 373
740 903
870 978
28 523
106 807
514 350
382 136
697 844
166 674
120 887
709 497
488 651
783 826
699 311
711 525
666 52
718 540
65 871
549 473
183 79
757 358
533 579
390 303
817 17
950 659
845 963
82 497
45 251
28 975
420 268
659 643
237 659
793 201
742 36
49 459
927 882
551 67
129 209
239 42
665 391
685 828
532 648
107 876
769 481
458 802
332 847
211 385
833 726
545 346
685 355
489 700
436 989
73 957
517 916
790 946
276 774
560 441
744 166
526 610
539 690
967 820
427 393
733 754
601 588
685 190
358 793
593 464
385 779
462 779
583 693
911 66
199 172
826 566
351 113
868 173
304 960
786 232
358 46
812 551
170 325
961 118
725 405
431 30
844 261
403 569
207 455
905 415
230 940
70 837
200 802
520 34
792 775
101 977
9 547
819 110
841 490
979 954
991 340
465 910
156 549
231 163
804 329
18 706
183 796
26 201
27 816
357 537
503 783
841 196
257 779
420 449
323 534
710 934
219 601
310 304
63 728
71 873
774 530
477 434
799 101
710 832
234 153
988 34
590 794
828 667
354 962
461 926
334 84
323 965
343 414
386 686
531 166
332 909
546 311
105 29
366 212
662 385
480 599
177 521
168 980
336 118
997 111
506 586
366 54
857 421
470 80
752 361
104 240
602 147
784 634
553 973
462 871
321 145
506 415
986 869
472 502
956 525
155 278
925 262
658 387
201 628
347 722
26 617
833 111
341 432
640 521
38 496
423 686
537 828
50 290
911 757
753 865
112 119
592 417
723 569
524 574
924 352
340 111
515 837
130 509
79 770
953 941
148 649
188 154
221 283
693 947
639 171
469 687
309 954
348 976
990 681
120 943
818 144
213 682
399 681
617 538
129 882
376 136
413 541
148 350
702 925
222 715
888 35
707 553
868 636
941 504
279 753
413 831
836 859
845 796
827 497
890 903
708 20
51 811
12 611
516 915
684 45
742 895
301 635
993 928
512 454
59 465
594 318
280 266
800 577
48 294
893 338
768 239
773 370
261 46
544 582
24 734
409 686
548 738
150 871
756 589
958 129
256 469
39 826
265 436
213 470
86 76
588 134
916 765
593 280
260 121
63 372
138 541
434 436
990 641
204 782
481 631
62 180
271 982
621 91
53 479
365 285
347 830
956 640
875 821
265 743
160 283
476 573
776 245
406 272
120 527
625 378
544 600
32 948
931 544
87 918
973 913
408 547
338 348
999 145
749 618
53 915
828 31
611 921
603 793
73 106
92 258
917 735
678 695
55 7
207 926
529 815
414 315
433 978
275 915
934 742
738 511
922 246
373 392
447 689
140 799
641 262
462 86
836 167
405 423
414 469
253 83
453 625
292 561
703 593
278 612
599 640
141 788
347 3
522 357
447 484
33 272
715 629
825 812
163 949
203 576
497 867
24 77
704 767
82 703
841 570
82 871
648 674
394 466
472 526
55 897
522 982
670 230
366 306
402 984
186 963
282 642
835 306
60 627
132 128
561 742
526 848
319 754
285 958
863 497
900 141
578 99
338 764
598 102
502 11
798 612
394 790
740 698
236 227
423 948
459 836
244 758
939 574
961 26
624 892
147 547
900 419
153 546
425 965
118 74
175 241
759 99
178 6
435 397
666 275
403 875
762 184
709 351
81 738
351 758
528 431
642 443
314 792
831 861
614 423
619 511
21 407
127 812
79 137
463 1000
347 733
585 12
509 124
538 922
645 966
758 625
599 567
710 756
20 968
718 227
404 111
707 910
121 733
910 817
510 489
581 934
655 615
342 294
270 515
642 622
627 84
76 502
439 676
554 255
526 752
450 159
587 962
324 740
249 258
686 718
817 557
821 45
517 804
759 369
883 130
952 419
706 238
686 936
764 408
503 164
308 361
964 100
90 379
442 992
208 770
190 950
772 404
459 811
376 12
122 187
722 217
491 258
418 157
471 808
810 370
133 692
86 449
434 94
986 595
109 992
203 278
991 454
861 593
958 344
106 614
622 614
109 625
348 687
700 308
258 195
64 30
140 227
659 568
990 149
757 182
831 915
210 859
373 189
322 845
162 534
680 71
207 323
850 395
995 590
374 537
837 159
608 697
609 208
58 342
790 15
404 958
847 74
206 326
889 832
598 808
126 57
127 704
993 226
262 327
283 888
354 76
659 670
860 229
54 84
2 691
243 29
461 110
335 565
103 569
181 351
698 107
94 912
898 633
811 824
963 133
197 709
294 417
976 776
663 808
907 378
52 380
985 622
103 799
803 701
960 828
319 124
707 25
182 605
947 550
30 270
342 44
109 495
401 446
733 725
574 843
976 54
80 251
501 581
281 820
105 600
67 808
366 273
427 511
332 304
5 470
688 728
865 368
804 938
877 12
502 596
276 801
782 33
162 48
703 945
44 886
639 487
696 273
145 509
643 266
437 893
386 993
465 856
961 883
321 732
857 770
1 734
670 510
919 62
852 3
728 17
482 605
808 105
572 130
41 862
521 316
547 452
361 697
415 412
97 87
978 312
351 718
634 310
204 63
620 773
609 252
866 794
709 73
875 849
495 128
374 775
875 750
659 845
401 973
382 306
954 147
58 76
591 218
149 115
832 571
766 148
159 334
152 56
390 22
447 451
530 821
942 128
935 366
884 374
634 861
11 348
30 72
841 541
570 197
55 527
756 680
544 1000
788 227
807 129
812 281
364 790
728 753
413 354
221 825
60 761
707 386
420 529
739 821
575 411
668 367
407 501
48 916
782 227
360 902
381 880
40 516
848 875
759 95
180 817
105 205
716 178
57 539
701 322
888 823
688 851
710 400
929 607
514 679
365 429
942 711
442 235
491 91
97 800
259 81
80 690
210 513
27 989
66 637
412 529
575 498
622 542
491 232
867 405
886 403
746 622
69 219
4 86
41 954
410 225
49 359
415 112
809 445
131 841
408 450
228 707
361 294
89 983
825 557
106 114
269 636
551 325
573 558
775 950
216 212
483 650
572 718
681 917
370 270
775 967
153 332
600 739
312 491
483 773
292 641
647 9
290 814
785 768
953 358
320 805
135 330
464 4
686 691
302 996
263 550
697 218
492 434
898 835
276 979
722 639
445 996
479 734
986 56
255 925
276 578
669 53
288 16
768 490
610 623
60 524
226 868
136 68
358 635
434 345
790 730
645 77
48 783
202 768
605 857
566 705
400 472
630 308
117 367
796 94
728 316
505 133
748 839
308 608
862 203
352 528
292 687
162 785
34 44
967 372
71 323
719 704
875 221
571 548
148 946
903 541
409 233
931 684
880 772
756 305
644 719
810 723
486 88
453 161
426 322
972 647
629 56
196 325
759 794
509 138
606 776
275 942
477 428
888 493
135 234
580 364
604 505
367 397
974 159
799 16
965 312
452 284
309 437
461 161
348 477
483 638
780 594
27 897
531 556
328 657
935 310
955 476
973 998
928 576
786 546
290 309
445 919
582 876
787 372
401 465
842 969
661 403
891 312
543 595
503 54
965 790
94 497
30 717
270 124
40 589
459 5
276 725
8 427
377 652
764 264
398 160
735 153
942 541
532 629
248 526
106 724
145 16
402 385
460 655
81 758
306 244
549 8
239 694
511 189
404 601
852 95
746 678
757 38
810 715
300 873
638 507
931 985
275 861
886 374
112 475
802 598
128 905
456 6
650 514
596 787
33 524
729 735
570 349
21 35
349 758
928 799
261 712
859 777
328 943
440 745
883 191
186 469
929 443
712 53
784 482
569 652
237 518
132 630
650 503
444 908
102 752
507 256
548 490
219 436
884 851
191 336
759 566
781 944
855 3
397 935
293 534
336 85
422 378
388 830
6 389
688 364
673 152
506 699
68 710
968 972
807 109
354 503
1000 445
384 572
425 320
178 568
118 624
75 384
60 525
97 712
756 777
389 950
35 878
880 305
578 462
94 271
387 173
557 953
936 780
411 51
149 145
623 584
554 193
761 387
668 89
227 315
691 488
359 302
351 101
861 408
808 332
809 21
478 136
438 75
144 560
123 619
933 508
383 53
792 555
477 976
848 716
11 548
841 277
738 247
131 991
98 278
118 861
374 715
529 176
235 147
607 395
230 394
529 833
344 569
453 377
516 601
885 358
376 138
288 218
803 143
349 681
45 176
928 972
672 806
830 237
326 668
771 570
867 869
295 424
689 101
963 322
15 978
254 198
719 927
570 295
138 116
604 199
72 496
210 418
232 246
622 423
732 291
327 761
114 198
550 28
909 774
986 434
237 780
589 119
739 598
759 651
445 991
446 104
264 376
329 894
384 617
761 867
195 697
893 434
592 67
954 566
646 288
575 410
104 381
621 456
125 665
143 302
22 661
904 174
668 159
687 685
160 430
514 821
621 787
960 379
445 387
672 73
196 799
53 590
112 6
277 698
4 134
26 506
476 430
94 5
813 553
311 441
246 192
433 293
14 714
786 475
176 513
213 618
992 931
445 733
5 798
905 768
495 121
857 575
54 721
115 933
98 685
282 292
671 834
755 757
112 593
538 21
352 32
850 227
300 192
62 931
68 164
408 225
634 557
708 340
785 741
181 500
589 471
880 677
497 519
902 316
599 642
537 245
663 909
371 907
569 268
780 943
855 485
694 45
823 843
312 347
39 216
735 797
929 220
324 642
399 240
721 18
785 898
650 30
467 934
565 929
751 906
662 850
226 515
488 282
293 703
619 252
65 816
137 131
856 549
144 673
821 233
289 456
53 287
535 943
114 351
354 302
407 280
725 269
602 504
469 207
848 840
560 713
325 512
627 980
883 643
887 414
464 976
303 57
605 713
93 405
764 233
122 391
108 182
951 530
205 844
23 63
232 950
853 380
961 609
364 351
681 427
114 882
135 950
447 864
271 103
657 434
127 968
476 208
719 276
442 352
850 421
572 96
689 993
652 243
465 577
106 181
857 539
253 930
593 429
171 953
196 326
235 488
703 32
811 675
826 407
814 986
535 520
177 439
234 160
988 89
34 684
41 704
780 877
16 898
250 953
198 552
73 576
238 266
319 207
301 735
668 748
682 237
281 572
376 638
678 541
823 732
474 583
446 81
764 180
46 879
712 327
659 320
220 934
775 494
263 666
782 446
824 240
989 918
424 542
425 363
482 268
320 607
66 79
255 513
311 787
630 631
946 526
13 933
144 540
291 735
273 952
271 349
226 670
804 515
62 370
642 5
450 752
627 944
296 246
244 724
118 37
210 38
674 707
810 73
369 625
799 669
688 880
72 684
434 47
17 221
994 215
800 388
931 762
97 751
330 255
944 639
546 799
533 515
808 30
791 207
406 171
908 105
451 494
701 262
491 977
664 765
537 369
844 859
810 839
978 485
390 383
546 737
563 645
620 946
125 268
827 8
974 841
296 592
650 515
305 304
335 785
326 700
846 391
794 354
903 196
43 417
910 864
603 670
332 904
495 76
135 495
822 47
668 833
617 127
128 502
147 338
539 980
793 452
389 497
30 509
159 539
705 637
25 739
337 849
275 103
761 838
759 343
831 930
105 606
656 858
731 318
528 979
973 653
133 158
445 156
297 180
748 603
490 871
566 620
648 809
354 63
298 366
658 510
297 46
83 637
959 996
982 335
855 567
541 452
445 495
943 80
782 982
584 889
182 738
817 302
140 306
468 167
217 481
382 997
848 717
667 3
634 82
407 772
230 681
66 646
37 896
453 70
933 332
956 960
735 688
149 701
885 67
26 40
390 569
488 679
433 26
508 698
861 250
735 705
168 345
222 940
995 620
525 387
729 536
162 683
951 489
148 490
502 286
215 402
532 838
788 570
993 780
909 518
65 260
572 704
557 20
650 694
157 390
11 320
57 274
989 489
681 968
165 838
710 589
716 522
638 803
54 336
574 523
485 531
775 272
356 24
952 383
695 473
475 698
518 50
280 444
182 598
178 763
837 888
180 413
643 799
130 886
459 238
425 274
407 390
860 702
772 328
53 11
887 151
35 956
967 223
551 412
420 610
385 993
868 352
339 530
378 244
861 745
952 187
113 321
886 836
407 213
155 100
856 279
400 269
553 345
576 918
630 345
278 354
134 324
835 663
36 816
2 352
836 540
456 643
205 824
294 587
944 936
525 197
909 102
552 189
199 586
19 800
663 91
352 451
279 338
300 818
954 681
729 628
97 482
561 403
619 421
44 190
7 458
282 951
396 579
418 7
400 518
609 504
704 468
172 26
926 439
105 73
693 584
768 817
626 605
110 442
543 458
142 962
608 175
111 84
494 68
295 173
557 282
622 320
826 333
846 776
413 467
950 762
94 648
596 970
384 599
855 187
68 543
640 392
551 162
313 336
395 25
99 355
119 124
53 286
494 506
222 383
646 269
649 63
632 737
174 514
820 48
566 596
547 289
296 396
155 467
339 558
47 225
89 91
201 561
200 988
293 97
302 273
430 330
490 593
52 760
1 890
454 60
661 930
810 300
135 659
396 253
507 706
900 317
773 713
141 143
641 436
535 451
558 800
390 630
28 519
857 745
966 69
804 416
326 804
308 823
537 747
791 170
150 22
266 563
733 503
861 34
20 518
575 737
840 132
27 274
858 856
418 841
499 398
943 573
343 257
663 577
110 628
435 842
755 833
918 885
85 954
193 908
37 787
794 702
306 884
950 53
723 337
298 676
371 870
257 391
55 704
48 119
974 302
63 245
247 376
817 465
217 701
380 95
761 451
271 920
55 625
96 526
371 644
669 245
33 19
986 107
569 449
331 351
973 351
556 841
333 704
356 167
817 691
468 601
464 256
85 208
503 161
305 546
557 706
928 14
570 575
990 860
203 58
631 90
622 779
381 935
283 19
205 271
198 130
155 221
339 808
875 298
52 579
970 202
364 301
630 48
69 256
474 880
221 453
885 110
249 900
188 865
814 21
211 448
874 256
240 592
942 185
841 495
893 661
876 453
948 970
767 755
131 528
278 705
172 444
896 384
341 560
606 629
811 543
619 225
286 223
949 901
841 772
167 840
813 214
262 100
449 611
430 734
306 792
81 209
882 507
989 565
186 322
732 618
394 183
604 876
271 847
592 684
403 191
661 126
156 413
484 50
983 456
324 731
579 71
281 648
319 960
507 96
860 548
682 836
280 464
851 795
564 288
472 888
345 238
695 666
555 111
333 629
281 938
341 90
469 21
52 995
753 170
700 919
166 95
95 975
808 970
456 767
303 146
783 228
40 954
277 819
518 659
65 25
321 951
213 129
877 154
880 386
2 490
330 943
264 305
563 183
891 770
929 545
936 259
934 818
57 125
635 281
585 572
566 937
770 918
130 505
574 484
978 533
486 772
782 753
418 572
473 703
511 339
371 452
279 329
840 605
13 285
92 314
516 436
576 119
795 279
615 942
720 482
379 846
412 861
235 290
291 20
296 702
831 662
758 914
283 936
550 942
277 58
480 442
483 845
998 28
785 767
295 426
353 541
466 788
417 312
862 910
940 44
210 273
194 906
565 681
894 319
732 398
76 961
718 73
371 862
444 914
444 428
489 751
733 532
449 404
693 134
453 989
631 478
628 275
673 186
178 760
195 298
52 161
949 93
881 319
938 206
740 118
722 553
83 845
178 587
584 730
660 791
536 797
317 372
47 863
854 69
363 474
623 392
203 117
375 339
947 850
485 831
570 759
813 474
151 866
189 43
597 158
598 201
752 153
623 622
934 207
921 732
562 662
601 68
395 517
253 713
17 11
92 585
557 821
514 867
602 550
568 746
528 785
790 377
168 24
817 351
891 524
197 403
537 526
188 186
486 947
948 876
257 887
810 459
168 310
704 152
427 547
852 256
242 542
295 616
866 676
724 826
546 550
180 792
555 700
262 258
840 166
306 766
297 842
3 674
907 72
621 836
983 829
710 543
345 761
508 131
293 889
559 846
217 567
362 712
266 434
177 597
52 359
389 575
147 141
994 824
774 26
632 405
47 183
319 907
329 403
589 25
369 446
242 132
685 518
265 75
88 546
472 897
330 547
95 865
441 650
471 125
670 373
752 584
215 584
364 774
807 900
994 653
958 48
884 232
855 920
605 805
489 775
626 448
661 719
593 649
497 316
498 591
265 559
998 896
468 907
255 333
860 929
190 479
26 429
62 295
537 202
783 333
120 559
652 568
467 194
529 451
896 970
974 695
575 636
726 760
503 689
473 582
743 351
395 783
678 462
409 159
762 311
266 560
150 134
941 137
54 680
628 323
115 816
560 995
111 102
85 968
414 426
222 647
135 116
965 293
237 654
328 950
77 293
724 940
63 790
484 313
33 327
50 671
932 513
814 549
547 938
472 720
287 623
632 322
544 932
265 133
711 712
660 122
608 315
94 730
55 624
890 669
786 944
917 538
243 577
427 262
375 68
86 25
989 916
655 869
8 479
82 848
835 274
213 394
302 61
910 534
631 164
804 946
821 892
903 958
288 285
951 850
459 868
598 241
467 369
13 133
87 884
520 39
539 197
799 671
359 404
508 946
643 163
654 476
662 892
790 289
421 642
260 512
120 809
852 90
175 503
952 688
883 580
3 318
650 815
499 335
391 191
379 933
784 25
642 411
951 391
386 349
952 503
409 996
562 226
582 225
89 780
537 480
42 846
567 47
437 369
262 315
779 367
362 991
806 900
36 412
738 530
647 172
817 129
175 811
90 965
162 470
200 157
328 978
684 439
413 199
197 560
551 545
132 625
774 192
220 614
403 190
846 214
850 749
445 583
751 193
858 224
401 545
593 305
901 340
959 34
797 387
596 880
56 137
256 475
320 526
432 700
34 536
69 798
351 44
551 477
90 347
977 545
89 242
701 400
108 331
19 330
123 270
476 598
368 119
204 965
813 945
397 143
15 851
840 785
807 515
810 485
62 590
544 217
581 45
853 955
839 882
967 313
24 877
170 983
944 910
871 349
196 619
273 486
202 452
663 659
410 137
799 401
12 69
529 181
469 682
384 484
899 455
704 189
173 214
512 992
947 467
827 185
860 70
77 551
654 718
604 269
641 317
736 253
558 480
794 469
124 618
585 456
552 287
236 792
439 837
903 372
564 850
391 982
964 20
806 819
898 422
659 559
328 861
238 448
591 452
958 985
299 204
465 228
485 233
824 477
492 98
583 952
593 224
612 324
159 761
143 228
846 861
191 168
768 147
147 386
682 825
652 977
887 145
51 283
514 897
604 693
553 701
716 95
887 326
329 558
517 427
648 86
349 595
725 72
504 580
675 895
621 231
218 522
114 619
170 681
191 765
472 401
97 804
649 989
914 310
155 132
117 833
767 291
430 422
239 890
634 116
586 280
356 914
840 747
641 974
282 432
103 40
451 539
412 819
953 353
951 350
384 448
644 614
131 845
831 804
44 410
391 135
345 587
767 712
352 35
44 297
10 489
339 287
141 557
605 72
186 182
617 650
689 53
858 612
508 301
805 663
572 742
439 953
188 767
318 570
210 355
267 232
580 56
764 973
67 391
510 577
996 264
816 926
375 861
381 492
402 819
55 623
399 468
298 992
651 812
185 56
986 405
751 919
842 977
347 341
77 836
304 555
349 885
530 582
401 378
77 725
942 811
246 756
195 662
89 191
289 461
441 762
709 367
193 105
375 385
378 167
761 687
380 505
753 576
147 840
494 625
976 764
703 327
535 8
748 812
341 386
578 239
412 339
715 10
348 593
517 272
79 675
596 511
865 161
782 908
353 190
425 857
591 596
835 770
236 269
339 49
395 782
792 292
466 428
685 481
463 471
103 76
771 200
150 135
747 185
896 567
383 701
46 117
442 65
975 473
353 890
201 318
756 40
828 653
331 943
885 460
153 387
211 989
250 853
8 821
776 927
7 185
621 807
733 953
347 98
76 968
480 577
802 382
484 137
343 744
882 292
208 187
426 270
816 954
411 638
736 268
894 711
955 577
337 508
66 424
673 240
820 833
55 992
688 467
657 676
622 188
954 634
388 100
337 532
566 391
53 368
41 280
77 586
552 425
545 152
507 789
715 200
769 976
57 998
4 59
373 836
895 963
157 607
192 954
340 226
771 360
240 918
611 105
481 412
514 874
966 133
322 573
537 939
866 41
830 596
121 102
339 923
175 257
433 354
624 123
219 689
236 369
944 626
373 184
822 308
681 277
184 795
650 812
908 100
638 511
145 592
202 643
686 81
689 147
83 252
607 722
470 716
966 321
405 95
7 511
889 820
879 721
224 917
78 48
515 457
789 42
258 546
923 828
388 735
426 534
682 657
194 983
956 682
552 977
191 490
366 586
565 885
105 109
532 98
806 577
988 636
664 90
424 991
96 556
209 259
891 363
855 140
907 55
498 803
707 429
858 3
878 454
890 400
691 673
267 1
352 783
208 739
657 930
971 78
256 873
956 762
95 94
960 765
479 319
190 806
677 304
183 555
350 40
8 169
672 400
191 728
433 428
144 793
697 579
313 953
38 705
204 597
960 411
875 264
843 374
763 257
211 128
529 27
291 824
952 734
934 530
993 79
944 542
707 242
361 700
396 858
940 746
797 879
512 993
288 853
360 487
664 732
687 775
727 579
858 798
382 420
898 133
202 566
520 751
447 744
512 527
254 226
951 136
258 663
867 905
730 583
124 730
568 731
21 366
709 704
544 783
60 82
724 629
445 562
826 180
704 792
545 260
122 279
34 771
18 508
971 558
823 513
590 308
123 562
651 656
195 300
379 91
994 628
47 1000
969 850
15 78
749 143
115 578
255 730
203 119
187 874
117 741
728 293
584 777
202 180
369 941
1000 601
784 678
269 34
236 411
644 946
386 990
832 178
482 887
299 855
356 780
175 328
452 579
978 759
138 806
174 16
733 383
770 235
486 896
115 568
81 760
615 895
482 601
89 937
220 197
461 749
318 846
120 977
512 574
637 628
853 567
288 881
883 428
684 715
712 772
987 410
624 496
861 509
98 907
872 970
830 499
845 937
633 503
651 240
391 821
620 667
916 244
699 236
827 275
979 588
938 511
702 620
349 988
388 988
320 826
101 107
104 897
157 137
806 574
555 378
964 446
142 662
470 35
273 549
984 654
44 663
471 591
310 715
702 217
222 553
320 631
151 925
622 16
772 303
170 473
994 378
186 815
759 62
998 902
346 553
256 849
28 205
377 469
783 335
790 569
402 406
889 370
83 679
786 304
927 93
929 790
707 565
395 944
724 893
435 403
659 125
745 764
32 581
150 309
326 795
957 955
336 807
353 927
117 174
874 997
957 524
157 696
379 776
270 969
306 446
163 27
868 865
6 967
140 763
686 165
12 364
699 42
721 694
375 2
43 429
525 682
799 31
802 785
231 713
159 380
64 914
284 963
103 531
487 944
662 508
497 944
557 234
468 279
219 431
459 508
868 784
673 774
160 959
215 923
916 494
350 614
871 748
893 276
698 796
364 582
989 865
459 218
707 577
427 376
670 196
263 662
857 451
712 474
329 826
175 159
898 979
460 192
707 321
599 343
492 177
754 220
497 333
579 795
624 688
731 756
209 961
165 199
86 360
948 371
341 689
536 629
815 185
74 435
296 137
761 347
65 348
231 331
364 296
24 787
645 479
973 962
818 901
131 837
434 954
880 214
704 36
168 845
763 515
175 497
141 257
361 947
194 192
239 546
980 256
303 541
235 315
182 326
636 291
750 773
415 196
828 291
228 535
690 316
999 266
436 580
418 987
198 3
8 835
376 849
436 747
533 195
127 556
718 193
702 714
975 722
903 81
998 337
376 960
875 550
630 6
603 432
252 194
841 619
60 909
902 26
6 495
691 789
284 709
17 994
439 330
806 582
94 692
845 36
367 864
699 611
4 875
794 853
706 204
959 770
691 672
769 374
32 483
342 768
960 72
740 435
931 367
146 166
915 673
671 522
835 558
19 747
644 72
38 491
153 627
445 491
878 515
718 980
188 435
979 424
84 12
340 118
583 218
343 785
623 821
757 227
169 266
887 608
451 656
732 551
434 862
886 312
163 501
257 872
511 301
307 735
686 3
154 144
417 610
272 299
127 797
666 119
776 747
814 935
227 843
693 862
54 1000
127 738
2 847
672 827
474 663
182 76
859 261
441 326
594 132
43 406
176 53
216 962
802 857
733 847
422 558
964 165
660 222
288 857
828 916
617 95
599 987
343 153
937 832
794 919
694 868
608 485
721 186
638 513
717 142
621 259
759 311
100 144
670 284
948 102
324 53
234 858
759 933
613 862
299 650
51 285
288 121
414 745
496 252
946 466
564 37
322 344
473 220
924 445
429 633
302 505
145 66
75 129
516 534
524 586
173 628
94 358
340 27
422 851
3 463
938 656
705 187
246 197
660 651
790 380
4 417
513 267
876 617
644 721
421 600
5 793
444 303
468 421
966 492
259 231
707 748
315 101
709 390
379 879
20 733
611 636
614 269
797 995
227 871
139 249
998 913
894 237
314 97
537 96
908 275
231 676
141 700
733 802
767 970
58 106
314 208
685 959
83 604
262 144
408 898
893 956
90 955
807 492
366 804
276 20
300 370
656 730
96 503
389 420
584 396
358 523
768 83
461 931
73 905
369 290
3 978
47 681
566 159
163 664
807 163
994 934
838 895
422 22
43 975
191 351
873 908
565 78
968 73
347 629
668 329
597 349
448 300
467 632
749 114
198 504
576 552
302 426
564 57
949 985
991 90
389 538
374 72
680 677
420 864
4 359
226 51
840 126
84 230
732 436
273 275
827 916
776 502
481 80
76 432
943 874
662 966
754 863
277 300
634 505
407 697
175 589
328 887
733 499
590 612
455 845
594 923
762 421
490 160
387 578
63 573
559 664
176 927
429 451
585 53
768 755
793 32
667 523
814 846
769 223
537 43
665 30
261 427
941 313
488 191
894 491
732 450
293 794
257 284
516 146
208 302
523 89
945 655
158 76
489 283
396 833
440 305
372 576
502 563
985 539
787 269
950 299
882 181
419 689
60 857
702 408
404 315
479 769
103 833
398 281
169 951
385 658
480 784
543 601
644 416
38 147
151 592
942 837
415 847
477 514
86 254
715 202
938 935
597 226
338 65
70 802
473 788
899 784
810 381
557 992
924 485
654 10
490 689
198 134
433 250
227 658
778 878
32 900
197 310
905 750
218 883
221 336
791 148
939 119
946 79
88 155
861 864
370 829
296 936
150 71
244 870
283 674
783 753
917 687
667 856
239 402
184 908
645 769
942 189
120 914
106 37
839 719
994 608
241 778
941 123
101 494
301 220
908 324
860 77
219 895
606 633
954 134
333 203
456 234
385 306
224 774
522 341
262 88
376 961
431 819
837 732
297 924
689 349
176 360
34 906
241 342
133 854
760 662
581 616
927 636
677 873
192 8
77 953
26 957
284 373
394 405
57 181
925 508
506 308
507 213
809 579
826 611
702 150
463 660
579 873
364 841
365 160
663 335
66 223
86 282
494 559
188 366
481 732
597 134
729 54
37 95
681 16
833 16
887 349
355 372
302 333
929 549
347 968
765 539
460 681
212 58
127 169
771 471
610 85
829 259
169 265
460 824
799 525
429 304
681 486
311 167
387 367
961 918
415 389
257 879
365 774
496 635
478 575
707 755
743 241
267 402
275 895
457 864
225 268
98 626
422 494
634 572
876 549
138 313
629 875
63 629
599 519
324 103
326 669
348 381
846 484
613 423
855 366
548 319
289 777
785 652
20 911
326 344
228 874
871 960
30 32
396 954
237 996
381 899
457 700
578 180
523 97
713 627
461 365
816 836
618 688
780 743
86 890
837 978
877 677
569 396
272 918
841 871
100 2
771 618
530 609
802 282
513 853
716 372
452 195
76 27
683 5
646 139
207 835
606 350
872 74
108 644
610 578
282 729
891 87
933 838
626 472
221 980
437 535
591 938
830 214
227 127
600 728
982 509
74 278
610 932
866 282
479 285
7 131
431 222
696 325
348 584
511 908
98 99
305 699
724 650
840 770
424 23
245 201
815 53
504 805
917 205
870 322
767 563
701 942
683 751
169 391
583 334
514 371
509 413
943 966
503 975
362 225
550 748
936 144
723 168
200 336
102 231
675 269
896 558
839 518
789 285
901 819
789 928
562 169
266 890
747 367
766 473
326 622
572 882
955 122
334 101
539 151
598 986
875 707
750 941
716 837
897 37
880 731
836 62
432 172
766 187
414 786
509 946
827 277
629 609
299 156
564 672
410 735
52 508
107 891
146 521
316 14
114 228
230 699
65 1000
198 221
485 411
379 136
198 844
787 353
384 732
521 269
6 327
906 369
104 161
51 602
898 973
167 336
928 398
618 950
527 400
667 203
455 85
958 52
1000 266
910 443
479 480
762 780
48 774
447 245
967 79
830 861
173 710
504 611
819 236
452 715
14 398
94 88
499 936
230 520
499 653
456 597
697 633
667 81
121 79
982 618
107 108
117 59
374 666
359 82
182 457
115 534
791 161
922 48
303 593
214 990
303 635
508 767
179 521
829 536
755 550
525 122
991 633
390 661
961 719
165 128
186 230
774 559
576 290
25 92
627 307
125 150
447 733
653 354
680 623
241 766
992 18
921 26
908 304
672 379
328 954
609 287
444 880
421 317
617 265
993 106
239 61
738 876
522 257
707 775
854 618
802 241
181 789
34 103
403 166
521 591
404 341
419 683
427 92
836 304
12 690
640 75
454 695
436 934
366 35
294 268
223 510
467 840
530 534
252 414
159 690
990 766
795 646
868 112
982 232
160 159
414 516
256 610
440 255
593 463
77 758
933 909
626 401
22 740
886 999
83 830
946 520
599 454
198 485
680 612
2 748
449 145
178 881
469 350
491 506
701 131
938 823
961 254
584 835
151 23
355 424
608 985
302 161
340 92
767 279
514 537
165 855
222 152
11 561
286 757
417 890
261 953
614 537
226 310
140 106
35 260
110 840
662 995
275 545
336 773
965 368
697 792
106 147
326 916
419 50
370 540
146 792
979 970
448 514
768 545
103 339
698 785
987 319
441 296
522 451
342 669
444 677
357 196
965 261
343 401
453 561
862 919
497 961
133 691
25 858
86 347
855 314
712 60
167 649
720 487
522 293
326 330
445 722
393 879
711 795
569 262
586 684
403 194
77 39
632 354
116 563
445 579
636 314
234 285
472 607
454 659
290 336
60 894
958 771
512 17
480 720
881 278
203 878
475 709
100 254
63 458
856 628
764 69
892 114
125 31
199 250
898 949
539 314
875 655
511 693
703 487
302 624
449 204
982 470
329 566
420 987
807 729
95 91
326 485
269 170
199 937
867 131
528 547
122 86
344 196
326 52
961 838
771 329
991 290
848 564
762 38
563 43
657 265
322 647
112 255
735 809
495 724
114 805
143 287
961 996
438 306
508 833
309 784
734 211
22 191
280 522
408 639
654 432
69 112
162 562
789 407
455 903
495 938
864 768
93 594
698 979
685 183
957 562
870 253
447 644
28 874
132 940
546 525
989 578
56 766
984 166
401 854
360 63
208 344
659 563
586 625
54 187
526 759
556 89
707 223
120 483
23 107
733 610
881 720
733 623
437 82
116 575
237 687
704 795
158 276
316 756
228 472
625 486
671 465
363 691
644 490
613 971
184 668
857 313
51 494
948 96
510 997
648 892
441 738
960 574
683 706
450 784
469 52
307 137
270 63
200 855
386 520
829 276
223 101
192 711
818 519
122 136
838 578
711 208
554 29
96 547
429 581
557 918
782 5
216 124
307 423
511 911
635 331
287 510
861 901
623 730
792 840
83 381
619 863
103 14
895 250
26 231
615 747
636 710
268 104
788 791
283 618
391 370
784 982
35 220
988 302
292 184
483 910
198 749
788 629
92 394
166 885
617 765
770 152
489 114
70 465
861 506
55 423
166 964
405 148
567 8
456 212
755 792
172 16
428 170
410 685
893 954
660 269
73 685
537 901
780 934
603 333
821 318
733 962
845 136
593 183
722 341
741 503
209 174
105 365
259 521
324 649
328 716
664 102
780 644
216 621
786 585
753 442
570 848
830 262
344 246
708 934
32 335
346 867
241 127
958 170
846 294
569 137
454 901
518 323
901 74
481 569
522 817
467 634
18 16
751 742
593 652
175 739
812 938
877 111
424 470
43 636
688 887
536 651
244 622
338 535
264 462
691 41
197 336
612 794
142 499
308 543
432 99
165 771
331 615
478 474
391 449
728 977
646 521
109 678
461 573
49 443
236 559
833 172
887 17
305 98
3 487
335 826
581 62
287 935
917 476
866 564
779 471
728 525
529 556
402 757
663 569
78 75
480 726
779 36
945 828
339 436
110 344
314 357
778 148
228 803
94 223
824 724
821 274
659 619
16 679
877 182
185 240
938 478
495 279
464 73
392 438
138 134
360 10
622 358
289 18
418 374
955 581
426 157
450 7
694 211
218 27
242 793
740 164
640 362
695 652
772 383
609 843
423 969
562 791
502 834
994 682
351 123
503 300
325 604
986 774
170 331
65 55
545 781
142 173
153 660
35 600
240 906
847 537
409 454
230 565
840 841
179 217
459 633
960 34
302 379
966 8
126 501
421 653
867 469
175 498
842 157
348 966
779 644
346 209
546 649
799 329
269 730
231 334
270 936
21 186
281 165
711 102
513 274
54 946
770 355
276 488
427 780
48 71
980 592
929 450
858 459
569 660
43 333
760 809
19 673
584 119
103 641
986 311
592 674
423 62
284 976
51 759
237 800
440 446
516 356
268 427
523 293
191 179
194 245
18 295
95 791
100 255
47 375
930 400
894 961
130 796
293 368
317 362
191 401
69 793
397 274
972 138
847 814
518 762
557 800
961 447
320 289
249 509
303 152
605 872
53 449
130 574
792 591
188 360
320 640
92 972
611 56
977 710
597 117
469 482
992 689
810 494
944 820
990 239
66 409
955 663
631 715
447 848
865 135
191 198
153 771
406 223
796 979
500 214
412 804
365 772
918 122
542 694
279 436
529 825
583 394
552 486
127 798
258 369
462 209
409 971
62 911
871 143
31 68
456 42
845 560
976 673
29 547
883 242
333 237
742 11
584 181
747 419
968 84
479 532
336 302
56 989
340 705
685 890
683 345
441 918
172 994
54 474
423 179
621 670
950 640
497 40
891 248
433 768
583 679
664 344
955 875
761 724
209 525
459 66
393 326
306 423
809 718
683 805
728 984
304 898
302 397
583 772
365 275
259 442
868 510
834 314
765 850
787 880
737 557
791 840
574 168
98 97
698 499
782 949
586 282
550 433
616 525
744 578
697 972
314 552
683 737
563 951
268 105
14 637
617 437
182 483
383 422
205 898
421 581
558 894
5 774
681 639
68 398
641 626
453 180
127 941
419 124
443 98
624 357
660 579
793 984
166 874
745 406
444 520
983 981
314 108
346 420
618 222
874 100
585 495
34 383
111 895
426 501
903 5
814 672
581 891
565 614
418 113
556 175
461 45
742 134
101 6
893 42
418 224
55 757
307 552
550 189
721 10
738 936
127 345
330 676
600 953
52 284
481 260
860 635
309 235
954 752
685 512
747 971
930 361
455 198
863 709
223 186
848 946
200 161
263 831
105 543
784 629
894 793
826 537
333 567
174 517
985 504
783 181
713 937
734 733
807 787
99 70
869 598
728 406
31 816
867 77
977 765
451 45
657 255
245 319
2 428
296 145
95 291
244 623
652 566
544 151
442 534
114 795
499 603
135 537
984 461
412 590
452 675
288 580
728 178
248 328
176 549
88 305
734 168
868 607
3 200
175 590
70 272
9 593
342 666
723 70
136 886
943 597
470 677
658 679
128 934
382 401
699 877
305 644
222 649
797 629
85 835
102 651
875 673
910 612
664 822
883 170
186 454
708 455
686 597
259 583
169 653
453 748
357 667
20 65
612 571
557 230
81 53
928 746
811 871
974 305
302 926
836 306
450 149
233 771
380 86
901 303
262 812
711 599
656 999
307 949
988 645
627 380
170 135
748 728
470 434
109 402
720 57
919 763
498 907
502 835
473 685
130 936
204 249
939 374
467 537
985 468
325 603
454 881
425 13
282 910
948 34
673 311
986 950
680 757
933 237
574 145
541 504
49 538
835 711
707 26
201 679
387 86
501 92
620 486
36 887
850 600
986 79
16 395
933 336
193 549
240 760
405 376
188 888
65 887
654 581
896 633
839 571
735 634
166 803
499 450
228 652
580 441
340 530
837 163
954 274
168 387
760 221
927 715
816 642
513 643
902 365
64 579
780 777
820 750
270 715
201 430
814 728
263 306
264 922
906 707
267 823
909 764
569 667
551 991
988 859
203 693
699 808
578 987
246 885
431 941
507 283
200 353
309 1
276 190
133 851
737 888
464 279
531 704
659 503
705 629
315 769
502 653
985 741
4 855
744 28
302 660
368 304
739 771
501 508
696 78
488 600
825 302
165 309
216 791
801 277
431 86
658 502
274 495
498 657
433 598
394 980
645 285
47 23
674 767
911 766
734 439
257 721
37 852
689 758
355 454
361 901
344 885
142 424
822 933
608 625
330 283
540 442
743 157
301 394
715 644
827 846
760 283
758 890
337 446
780 120
763 656
692 668
736 260
644 543
546 541
841 975
325 294
970 685
115 238
89 679
866 378
71 983
292 512
181 503
139 117
180 545
162 500
953 487
147 408
388 598
831 450
101 225
671 149
394 195
968 164
664 157
43 168
778 173
724 737
599 983
157 160
329 505
927 972
196 958
868 980
134 144
873 890
389 199
756 545
180 101
844 188
527 206
683 6
930 223
100 156
393 244
126 916
181 893
554 505
259 671
198 400
350 239
632 828
83 944
799 942
673 270
412 470
968 106
640 625
442 785
522 637
463 901
946 417
875 461
344 51
108 52
460 635
148 995
80 239
293 198
317 192
246 174
987 932
235 955
923 224
541 593
598 418
66 627
505 465
892 715
948 597
771 52
141 244
568 260
680 122
787 702
537 535
996 924
44 513
705 473
390 541
49 413
927 334
982 815
932 631
325 504
73 23
550 739
366 748
75 705
222 624
581 183
286 493
859 573
58 276
223 946
618 307
742 458
865 848
104 466
196 506
556 394
614 144
110 467
613 472
3 928
449 947
964 118
787 98
275 747
837 574
461 505
67 397
512 270
181 157
241 386
938 504
71 480
600 996
587 979
497 233
224 559
209 317
212 884
764 169
11 451
927 561
180 458
789 688
703 30
137 57
545 404
303 396
929 53
199 303
848 35
578 340
778 306
63 268
282 9
380 384
367 634
5 387
298 159
192 694
778 645
195 370
826 649
95 12
887 480
284 205
322 440
160 451
274 311
204 948
922 635
251 123
551 209
912 445
526 273
805 398
572 399
408 876
886 43
944 878
136 315
446 984
123 701
876 21
884 568
169 309
396 68
1 540
460 936
465 559
304 491
926 993
714 445
99 309
240 556
314 815
541 968
518 139
323 695
965 12
292 890
573 471
869 673
810 906
405 182
172 103
230 181
767 918
642 835
516 824
333 180
599 697
341 665
984 808
475 943
112 931
849 158
155 813
210 464
393 880
868 881
755 478
253 366
769 509
988 743
829 635
466 60
759 548
25 925
515 909
564 566
600 999
716 729
39 68
21 713
830 337
320 650
267 633
329 940
76 207
612 489
6 294
692 257
296 804
971 378
554 302
584 537
795 953
329 649
825 386
165 225
38 113
609 79
739 196
61 944
407 164
544 470
674 617
571 783
772 46
829 459
632 995
9 734
268 381
596 713
292 331
43 699
900 394
114 941
705 246
175 158
643 168
687 51
107 77
382 833
261 934
867 471
690 68
268 50
646 514
642 483
680 50
532 947
58 746
496 595
480 72
279 402
603 858
778 877
534 172
25 396
689 149
90 682
328 251
555 876
2 868
612 875
573 507
128 818
989 363
684 287
479 685
465 471
581 929
430 631
72 79
182 20
318 756
194 958
17 267
305 511
548 397
572 539
371 842
509 744
241 330
557 346
195 425
267 532
255 889
544 566
86 973
859 207
971 393
40 757
384 647
702 267
815 616
350 238
965 563
255 607
165 16
872 225
679 190
540 832
817 945
468 859
395 855
191 625
213 137
341 324
952 791
537 879
222 89
250 554
914 303
936 267
947 98
518 949
260 973
378 810
569 686
679 706
22 195
938 584
429 835
463 542
782 761
678 214
309 797
145 276
115 546
885 74
577 265
596 19
409 175
235 141
163 504
220 255
311 208
72 279
392 982
546 173
430 838
207 227
607 514
97 477
310 817
942 221
600 500
504 457
955 82
987 293
435 906
441 329
673 630
237 591
292 656
901 526
778 219
798 158
214 449
254 966
242 950
828 913
479 935
926 98
712 170
349 245
826 190
318 498
637 240
506 626
472 574
915 892
733 669
498 238
6 351
446 22
983 341
17 566
843 750
882 72
20 463
960 898
687 593
565 117
198 518
808 726
955 877
596 669
706 45
725 383
701 486
925 766
195 961
472 122
473 649
455 403
592 347
938 891
740 291
8 252
373 774
781 287
658 106
550 36
662 610
22 180
381 597
433 450
487 147
456 573
143 583
37 192
79 837
259 235
504 152
219 767
611 876
621 676
974 637
5 772
300 907
488 652
70 192
809 426
383 108
860 520
225 300
524 26
762 509
301 143
739 937
845 978
242 617
205 371
873 281
563 629
538 829
796 288
564 829
680 601
167 335
564 684
80 191
641 173
825 824
842 742
25 896
780 560
573 397
208 101
355 790
356 37
216 624
472 538
548 699
781 443
111 653
602 172
915 9
954 609
332 397
541 95
670 381
624 571
398 32
492 331
517 214
663 24
243 651
134 558
527 13
431 408
531 70
324 840
860 778
564 6
566 732
843 121
723 671
587 124
53 680
40 777
520 51
501 70
218 491
212 15
729 227
966 144
593 828
830 931
69 275
931 712
952 557
516 342
80 792
154 51
780 291
781 118
840 526
801 792
896 736
54 536
554 560
738 181
426 915
499 379
260 699
514 194
220 167
922 175
64 347
482 742
750 883
378 245
297 715
427 822
817 12
210 186
287 928
880 620
186 85
99 772
619 265
140 646
917 74
214 414
585 282
414 76
882 460
390 213
229 115
270 527
371 14
533 395
558 641
39 767
119 388
696 743
91 239
370 308
741 121
781 786
592 999
864 540
773 190
833 451
691 989
858 54
273 660
652 912
79 737
622 54
330 963
688 552
960 744
377 266
878 594
290 895
579 575
105 932
89 309
696 257
917 871
19 532
972 470
131 206
518 974
835 854
785 61
261 308
202 89
455 633
793 602
459 634
353 211
830 607
101 853
902 798
249 34
377 213
931 740
515 997
432 349
175 511
163 907
386 162
371 352
692 698
434 62
202 650
478 727
59 746
338 58
729 699
487 671
269 552
54 774
457 984
851 136
284 799
675 86
380 9
127 581
372 284
152 413
569 552
384 92
183 324
115 50
703 669
650 363
241 504
58 158
77 82
884 358
668 859
775 145
428 508
266 483
458 89
54 322
593 252
955 501
6 481
48 311
211 869
855 20
905 658
164 953
714 217
313 181
591 526
940 502
834 785
161 505
346 951
511 595
113 992
354 394
501 585
310 946
393 222
997 177
769 619
350 328
665 938
749 164
472 240
62 133
306 186
74 767
350 128
632 913
852 962
187 549
913 83
234 404
148 952
312 550
591 745
390 789
925 940
654 154
678 300
516 159
365 735
516 486
282 53
212 182
988 471
420 411
277 510
849 611
390 567
118 680
932 62
880 839
55 185
443 91
562 47
908 7
395 220
639 47
720 891
421 896
832 873
82 136
357 770
859 576
855 835
6 897
10 332
523 435
563 536
380 724
551 671
880 692
662 348
707 933
48 102
530 102
582 487
508 368
971 872
627 250
20 916
828 547
214 98
376 994
396 951
43 170
923 910
928 532
62 35
621 633
932 976
350 657
21 671
246 966
229 796
17 932
309 148
649 303
775 411
636 457
229 877
397 593
74 942
551 176
973 286
665 533
474 982
65 801
422 406
416 53
952 103
629 210
935 166
351 47
134 579
377 736
695 870
845 612
702 6
9 827
356 582
382 706
610 929
211 361
986 293
748 855
51 1
273 15
668 341
312 595
644 276
740 691
889 800
714 850
911 732
550 436
454 89
649 965
612 224
304 626
861 818
55 424
499 753
260 561
83 494
877 445
41 934
975 175
761 119
121 144
304 336
235 360
310 346
25 474
408 462
444 404
227 796
926 624
641 736
490 182
664 575
701 764
128 781
379 722
803 84
261 516
438 41
186 190
695 282
373 890
627 997
728 565
111 888
917 53
225 525
82 398
20 936
669 453
541 301
396 859
421 9
453 646
241 384
792 691
522 72
778 478
858 160
237 229
309 232
555 128
207 957
544 639
502 715
692 303
885 581
661 500
242 268
596 835
812 640
707 362
873 630
251 38
640 305
915 121
576 703
334 944
91 590
130 626
446 764
105 830
244 763
99 216
619 529
568 433
454 42
916 151
259 40
779 801
725 229
840 849
14 258
295 963
773 575
729 275
549 24
171 424
610 22
519 944
866 908
170 919
525 31
533 756
861 135
576 831
918 438
580 561
857 608
107 385
948 841
305 724
809 389
905 563
486 39
823 252
20 767
944 315
943 711
162 344
626 661
195 5
864 98
295 404
171 650
542 943
465 489
395 450
414 34
570 316
291 309
187 744
149 191
206 896
79 434
742 214
745 178
86 618
859 854
552 622
94 929
864 832
920 210
495 418
858 296
650 455
299 255
120 432
730 681
401 675
717 413
755 22
745 656
319 65
1 521