1000 9877
855 115
432 939
397 951
933 709
60 855
540 553
243 475
670 188
104 115
267 635
824 268
808 881
203 889
989 890
946 803
194 28
88 519
103 972
142 996
713 872
844 198
510 982
604 710
128 569
700 901
60 548
42 235
981 924
263 941
914 39
597 236
523 761
491 497
402 354
421 454
631 989
943 65
103 895
653 876
726 674
286 879
549 939
538 412
867 328
10 789
174 992
434 949
597 800
943 788
740 88
491 829
75 570
495 925
23 826
553 917
410 301
528 504
841 71
568 905
704 217
619 470
548 90
187 162
358 393
503 10
861 318
699 79
152 186
158 483
447 333
529 524
720 589
224 796
23 766
651 49
410 737
125 212
785 811
271 800
591 491
573 844
961 323
695 345
494 10
298 785
200 575
273 878
87 137
471 302
555 187
112 556
454 551
551 143
554 369
147 61
612 399
226 734
668 489
489 932
218 362
347 514
151 626
925 359
198 427
447 644
322 335
431 83
126 857
770 731
623 495
402 311
649 206
423 719
136 407
459 49
297 164
444 77
299 978
13 160
821 633
318 997
628 857
875 812
886 17
234 188
268 498
731 868
382 784
933 480
979 286
21 837
945 466
84 122
567 639
37 268
629 418
442 444
437 623
712 562
840 583
123 837
184 831
387 738
432 457
585 149
435 750
440 964
166 834
499 419
727 603
215 281
210 197
785 612
767 988
462 68
154 957
399 605
634 908
105 90
124 722
43 284
685 997
962 618
409 666
51 825
499 115
917 242
152 436
560 17
779 241
513 909
721 34
314 392
997 181
266 279
489 614
53 109
897 415
368 625
275 31
281 882
85 444
51 580
678 675
436 10
384 613
263 727
14 235
843 881
129 727
152 624
890 444
462 721
446 374
472 205
374 244
910 80
930 658
570 765
517 402
421 13
725 95
47 71
303 41
605 761
680 688
186 413
72 950
57 663
649 891
304 740
814 270
9 613
880 134
936 120
311 129
596 49
211 21
12 98
503 965
54 685
538 246
757 482
225 177
443 102
118 548
448 976
732 800
14 867
591 111
906 709
318 380
896 467
334 534
552 740
150 589
599 662
525 527
100 215
276 171
778 253
637 432
750 657
876 948
110 304
394 373
569 321
42 323
8 719
177 988
142 670
215 892
842 977
976 92
811 643
975 806
190 170
891 299
661 499
111 428
795 545
941 803
526 947
765 703
569 140
369 150
5 384
269 267
626 502
972 206
847 994
95 9
530 132
902 545
446 765
453 984
200 967
592 313
810 128
995 900
812 822
286 993
639 477
341 378
517 263
322 601
178 728
348 729
335 461
763 398
114 870
297 414
733 416
944 591
852 72
835 922
660 896
736 481
183 958
277 309
188 848
830 643
727 829
528 413
219 586
274 777
64 349
908 71
460 158
712 729
737 122
278 816
500 960
604 462
785 556
842 471
993 833
666 468
724 983
357 170
818 428
175 793
860 23
438 421
462 179
443 465
228 857
928 895
216 897
124 282
492 854
110 349
94 934
288 833
24 8
233 886
289 932
16 668
509 705
333 403
65 605
980 910
159 555
21 726
650 38
897 455
206 637
911 34
532 181
644 431
169 799
62 28
190 977
86 134
511 671
701 443
768 550
178 920
179 401
677 434
538 119
331 991
843 820
946 405
430 258
322 411
431 47
326 435
329 493
881 168
402 355
97 921
571 881
848 590
409 438
787 541
572 285
370 933
576 856
176 630
28 463
526 378
965 826
842 55
74 157
763 125
59 291
12 91
32 633
162 552
127 912
53 989
519 548
5 858
559 359
174 195
657 283
732 889
769 329
420 327
379 812
288 945
954 286
457 990
24 727
922 304
158 870
894 44
417 440
920 273
680 572
636 831
632 26
893 908
966 600
54 38
826 71
78 168
577 799
855 304
893 125
390 404
661 119
292 718
721 948
997 15
466 585
307 759
881 558
774 73
208 144
959 455
742 989
416 333
834 317
181 67
731 584
938 334
540 526
264 785
119 283
798 978
51 619
660 919
40 760
4 851
521 335
830 451
650 173
751 839
456 541
781 534
330 752
69 507
591 991
522 754
982 488
69 479
113 337
313 762
852 972
429 525
78 140
161 571
588 966
576 902
120 514
360 709
166 391
577 492
409 402
874 550
583 210
783 572
291 850
787 569
598 501
356 992
13 385
931 642
414 242
827 981
867 500
597 707
563 975
68 407
895 34
400 985
19 897
115 980
595 478
617 634
893 733
549 305
849 543
210 83
619 437
395 47
988 102
707 534
615 129
447 275
909 570
289 657
457 587
703 546
300 503
1 735
33 660
282 202
211 518
885 572
889 495
708 27
466 922
574 538
634 879
606 979
416 506
487 833
55 541
441 921
372 647
265 203
393 30
342 491
894 516
588 471
972 886
648 516
264 781
212 963
730 896
983 342
938 181
705 710
479 215
597 464
7 700
510 719
907 626
820 177
198 517
592 48
204 174
838 130
631 241
852 514
907 963
431 385
605 982
643 553
331 53
574 115
283 182
319 604
892 370
565 276
587 452
952 839
227 501
598 196
806 402
285 717
791 839
809 649
925 541
286 789
344 166
14 545
19 590
675 583
804 289
992 961
11 639
528 291
468 318
839 985
219 752
60 717
923 258
460 119
893 624
89 944
720 970
910 830
301 123
193 658
875 922
569 795
720 857
662 28
242 533
426 732
637 764
214 663
287 969
14 787
935 589
426 623
816 219
798 479
546 428
230 141
729 866
417 352
436 516
241 676
438 478
29 691
699 344
261 448
300 808
417 66
334 48
294 234
829 797
172 812
170 44
747 672
954 778
332 170
975 944
502 606
138 895
376 734
859 155
143 194
493 121
920 773
48 576
583 560
880 804
877 787
165 407
935 247
204 67
530 463
179 263
911 126
843 796
113 63
810 111
269 574
632 749
9 964
764 506
657 976
131 313
528 835
963 532
217 50
398 833
271 509
956 699
829 419
23 364
575 643
847 241
819 245
434 173
275 996
353 347
540 169
634 188
482 161
529 440
433 483
329 210
918 362
334 541
767 457
509 457
532 820
165 781
849 820
743 336
283 734
399 976
917 659
738 176
701 593
211 48
733 234
547 394
140 972
13 346
107 387
965 353
154 208
895 331
951 37
388 875
332 699
315 463
707 577
853 835
512 593
271 552
577 897
963 376
67 335
93 767
371 965
581 858
196 248
968 145
306 872
915 618
509 879
717 266
124 679
883 94
495 428
73 454
48 447
877 580
470 890
971 643
111 124
403 175
332 895
119 385
289 20
368 555
116 597
952 451
920 168
132 309
960 862
778 323
530 416
301 27
389 819
912 864
394 731
274 117
147 769
131 388
829 741
21 792
939 365
375 383
621 387
325 582
657 225
554 158
784 569
285 516
988 512
204 980
540 30
796 176
579 544
28 298
819 209
80 729
245 177
62 601
892 664
434 32
680 792
199 736
245 143
677 137
764 969
376 303
175 267
732 596
453 85
550 333
222 786
689 943
607 282
353 946
266 987
233 388
759 619
939 642
560 555
176 804
528 9
490 140
736 236
112 662
810 987
408 183
137 991
613 188
436 589
737 246
721 649
832 558
871 839
254 863
132 725
314 144
773 556
711 899
253 413
989 521
441 19
974 487
229 148
985 974
56 950
320 891
485 331
638 643
513 976
143 149
402 881
111 257
206 559
229 886
378 400
108 521
938 222
367 984
996 40
725 758
711 455
161 367
697 397
476 916
518 365
834 810
318 135
644 799
87 159
697 510
476 779
238 990
866 415
630 428
441 568
748 991
820 508
596 603
69 49
64 385
728 339
66 838
622 309
752 361
238 568
791 802
181 945
911 709
516 975
740 617
126 392
622 525
808 201
610 109
495 733
733 425
946 107
69 232
788 890
520 812
794 151
151 278
249 940
214 942
145 665
475 446
537 687
747 234
268 161
163 77
861 126
699 399
681 648
281 26
283 932
272 435
571 201
292 958
997 767
154 955
29 573
84 568
489 40
241 703
431 878
214 618
307 810
487 610
717 321
310 185
38 461
439 991
298 721
928 696
159 460
238 463
348 411
486 28
100 468
941 650
944 178
817 388
765 454
785 934
834 705
392 372
835 40
86 882
324 547
850 599
318 65
321 291
375 144
184 101
85 299
434 469
307 865
807 916
846 586
777 65
772 298
998 769
388 437
416 645
71 191
739 401
421 885
890 15
156 863
490 753
628 959
330 70
899 578
744 584
321 649
657 55
362 311
386 563
535 434
918 318
443 922
525 248
505 325
532 896
226 505
382 236
115 214
996 872
337 413
248 16
563 859
702 990
499 385
600 468
162 307
642 201
438 44
296 533
462 422
354 922
780 974
513 205
751 341
737 431
920 249
479 630
834 515
453 643
147 296
555 574
30 988
262 939
467 967
324 752
522 119
464 499
265 230
868 527
727 18
566 148
273 531
642 700
916 323
732 827
522 966
890 764
542 413
356 176
468 586
103 933
74 961
751 777
493 9
864 739
4 788
497 462
59 834
762 562
63 267
808 694
365 207
557 721
963 646
661 897
394 695
155 61
477 678
123 338
195 929
805 312
956 692
204 945
26 433
868 408
875 428
503 615
677 254
550 68
347 923
818 772
965 691
179 194
398 608
378 988
600 116
636 626
268 436
987 820
764 991
210 871
743 339
466 509
305 953
268 11
822 614
89 610
2 123
184 778
991 513
116 333
603 885
857 613
987 722
325 455
935 786
594 912
331 890
372 102
628 343
756 140
205 642
150 269
854 785
489 87
988 47
827 107
848 764
979 788
395 455
935 785
993 944
816 87
615 345
431 806
183 493
996 320
410 827
267 926
162 168
435 227
982 619
6 505
669 343
816 949
506 583
379 319
472 587
916 496
773 297
631 485
853 288
815 738
17 609
503 875
389 161
610 26
947 587
12 904
130 819
256 634
864 655
298 237
597 407
618 914
18 220
977 561
616 143
528 785
963 610
32 64
52 899
146 184
648 138
140 478
14 451
515 698
56 309
986 382
959 583
212 440
888 243
617 159
986 547
203 279
226 236
672 510
178 75
931 539
342 702
74 8
314 635
80 873
62 553
361 572
707 480
737 841
511 162
121 220
802 702
36 83
114 46
455 808
59 3
331 870
278 867
50 962
896 494
914 795
419 139
975 390
119 800
965 260
139 56
270 802
573 615
304 285
929 475
470 933
402 573
845 871
375 873
983 110
220 634
613 253
521 659
119 356
873 128
67 217
542 74
963 915
827 525
34 869
626 203
934 272
38 805
111 369
557 631
171 196
5 71
797 8
195 714
419 946
824 88
354 377
669 974
800 899
88 661
566 638
659 72
454 964
716 47
207 660
815 341
216 249
804 986
986 997
588 113
677 293
787 861
333 501
120 516
728 195
45 96
51 86
17 26
606 228
58 966
274 651
112 247
386 96
597 848
249 962
526 340
754 781
44 539
966 510
509 353
935 837
292 217
75 731
129 13
171 920
836 926
528 487
206 178
709 57
177 408
179 758
36 341
409 893
194 765
146 888
589 548
112 770
738 548
922 389
946 486
506 810
237 586
737 386
208 336
659 653
397 794
955 420
243 374
171 501
501 870
822 180
646 102
777 789
688 168
450 215
177 949
826 298
635 918
821 117
209 501
636 52
48 565
195 678
355 44
875 421
623 415
167 389
460 401
946 456
85 12
812 972
783 350
397 384
695 915
406 694
320 179
356 721
126 715
95 308
499 983
265 615
300 627
173 507
598 420
957 87
287 375
109 553
345 801
671 541
84 921
106 817
452 709
804 434
273 446
644 731
540 404
598 646
582 123
400 967
202 383
443 123
409 63
593 184
580 101
590 641
979 906
452 10
251 697
400 741
576 334
137 534
300 70
615 491
384 105
974 2
189 986
775 55
499 222
724 557
600 755
323 908
215 170
183 718
298 690
561 248
898 758
16 691
897 222
99 546
815 856
670 53
66 683
569 326
237 848
509 683
134 374
872 497
20 249
753 434
761 927
464 387
319 783
243 496
473 507
297 167
260 447
337 548
144 656
494 402
151 951
759 386
174 524
434 329
454 780
716 119
403 702
501 303
484 563
892 400
87 758
951 861
255 368
374 70
909 329
69 508
786 404
92 947
476 530
187 609
45 515
942 755
947 91
396 243
454 441
149 549
981 269
304 530
875 205
453 127
878 944
202 433
409 249
174 59
265 893
657 419
572 90
610 389
888 287
823 331
664 752
760 345
437 358
338 83
266 948
509 154
534 117
883 405
477 444
25 43
797 989
675 417
34 299
84 714
128 812
205 274
615 203
893 997
462 306
709 420
747 241
807 394
126 439
392 559
693 303
328 641
220 663
594 356
354 641
741 19
134 195
30 496
307 525
401 560
366 40
574 717
371 658
964 389
768 184
897 452
439 183
683 55
591 678
939 65
613 954
975 775
247 108
894 941
454 590
237 86
930 511
596 722
632 779
134 527
69 702
397 375
291 716
401 124
243 795
905 316
911 882
456 924
75 242
828 296
518 560
540 24
544 91
193 355
490 679
821 609
36 751
517 376
960 395
579 691
502 262
395 632
415 373
967 328
1 705
130 487
757 788
378 643
623 907
202 469
738 227
554 121
832 100
481 138
514 837
286 525
468 368
309 948
19 870
369 885
830 674
945 148
509 205
184 918
828 327
847 37
261 834
742 261
211 447
953 942
766 399
59 115
335 998
48 224
599 84
127 576
898 292
992 55
522 456
820 757
582 508
521 688
629 799
120 353
543 483
871 982
894 269
167 975
793 292
461 238
464 158
483 394
64 888
930 87
414 828
56 952
440 471
828 890
685 671
105 301
68 679
552 876
156 258
661 455
789 754
994 612
80 236
560 294
356 329
817 713
698 152
289 272
39 324
262 557
14 390
986 883
882 768
830 32
746 133
321 16
388 616
821 931
183 533
725 71
247 775
364 97
386 825
274 377
937 207
187 568
766 924
838 377
895 888
87 815
625 332
772 159
88 36
705 212
101 995
814 548
305 742
97 132
829 203
524 703
365 875
390 810
444 286
282 417
598 635
804 494
988 323
651 405
687 307
477 371
779 876
604 258
987 394
382 464
115 247
210 225
871 788
72 2
366 932
149 130
668 918
40 656
483 712
211 697
512 650
414 126
492 778
537 233
786 364
557 150
263 271
176 191
479 992
860 329
241 415
301 159
441 45
868 844
962 409
536 478
555 266
445 638
483 311
858 201
312 173
167 209
522 32
337 686
554 957
195 280
380 260
327 271
990 597
228 336
247 84
731 363
844 10
442 966
990 130
877 78
714 26
447 870
632 835
815 360
995 414
467 470
122 347
364 838
888 708
806 37
296 302
992 742
934 249
151 225
996 992
969 666
60 189
320 82
857 877
117 45
89 516
164 97
538 323
512 249
597 740
355 873
103 95
549 321
365 992
921 234
135 864
192 442
157 680
802 575
505 677
988 214
419 75
936 809
422 788
421 943
681 380
158 786
395 76
949 557
337 745
842 447
827 65
294 870
614 139
465 384
685 284
309 319
310 232
771 518
909 684
57 319
167 774
495 405
388 561
831 495
561 255
506 958
141 915
401 698
959 395
194 787
485 304
731 56
345 485
567 342
338 98
114 26
102 571
678 624
334 384
539 794
207 952
882 928
764 23
786 977
894 950
60 686
226 642
191 320
798 696
714 703
844 46
277 923
95 996
460 295
434 326
678 941
327 17
425 25
579 952
191 550
963 673
52 856
712 955
454 156
942 641
874 859
892 512
586 818
357 855
606 189
112 161
707 567
325 611
197 488
568 660
253 134
473 592
2 198
349 61
739 365
652 268
746 691
505 359
123 912
288 715
75 533
903 413
351 736
597 760
250 533
556 379
275 848
850 292
653 263
969 242
642 56
78 889
41 679
813 449
181 439
399 608
475 134
202 626
542 912
734 655
488 795
343 391
881 804
642 858
917 84
742 551
833 921
816 73
673 560
125 76
253 502
673 596
21 496
116 946
523 82
690 650
893 198
312 263
497 829
299 3
561 65
147 704
198 791
792 128
939 51
890 687
546 115
231 435
309 215
369 84
960 849
958 252
872 125
393 164
268 816
416 3
968 592
539 663
8 461
579 886
156 221
79 736
608 36
14 167
528 787
282 770
38 273
861 689
18 109
874 812
160 486
875 385
145 118
407 18
216 2
28 293
347 921
458 70
921 614
118 932
529 409
969 338
92 519
705 376
999 890
212 152
982 908
733 266
22 169
25 379
978 691
738 881
370 634
227 637
233 504
468 369
876 278
514 305
362 410
429 122
31 218
913 693
974 814
225 253
710 804
824 915
461 826
907 160
980 490
987 478
879 740
382 260
220 423
718 162
955 188
793 9
825 883
50 546
418 94
347 44
112 887
647 51
25 800
209 147
121 655
965 412
824 608
682 642
976 875
472 256
339 902
390 171
375 875
674 510
103 696
552 954
954 862
494 15
276 838
209 237
143 150
702 419
260 338
462 600
820 810
215 800
147 64
384 670
833 417
542 475
891 215
741 931
838 946
983 319
593 53
241 62
977 898
459 545
284 110
782 277
584 572
380 455
808 624
551 488
40 538
916 603
259 312
901 137
795 922
464 618
599 508
53 456
866 269
277 495
388 355
687 777
704 53
451 977
933 137
348 639
710 26
791 831
23 831
601 121
692 800
144 790
198 217
157 841
44 759
524 553
446 923
87 927
753 743
370 965
386 126
832 210
481 36
361 542
822 957
126 286
242 172
909 195
396 410
613 907
400 989
440 858
827 838
610 330
684 581
847 395
150 233
725 705
840 475
641 670
605 197
419 216
644 519
671 645
6 1000
942 228
649 415
180 779
287 977
895 268
988 98
400 763
779 441
517 994
538 800
119 695
873 439
357 238
971 321
897 71
862 889
86 62
912 81
85 756
488 226
789 962
150 644
101 122
177 602
416 510
713 632
841 563
309 109
320 858
30 457
967 536
803 587
402 848
902 141
885 971
320 713
872 38
912 909
158 429
401 281
470 387
346 917
756 600
483 94
626 409
165 209
497 257
482 439
635 103
689 164
787 778
94 216
4 224
297 122
960 726
264 333
636 907
973 539
520 30
1000 582
175 238
948 430
342 629
330 69
577 460
444 221
173 505
335 101
601 375
587 270
791 150
79 96
886 272
227 949
457 184
661 743
380 528
987 469
228 588
41 100
211 374
214 683
631 89
572 773
828 767
101 292
999 326
699 138
537 91
29 655
267 230
710 742
983 163
4 610
976 819
890 793
172 808
622 336
966 838
751 608
281 528
189 555
886 990
155 615
691 857
599 96
67 147
459 755
590 285
540 626
116 748
583 556
200 671
347 464
977 953
9 127
281 962
925 441
718 214
566 437
274 13
682 158
611 268
230 941
422 157
173 793
389 876
763 89
958 577
360 980
369 794
243 924
249 458
152 960
778 540
249 444
53 512
700 733
900 15
648 96
660 302
283 7
655 359
89 468
315 740
937 6
188 408
482 189
726 664
361 948
912 452
641 794
345 509
662 752
321 618
31 963
378 877
533 653
1 532
202 447
679 643
114 867
260 531
141 272
75 532
821 600
313 846
509 503
11 748
124 851
755 563
936 887
352 110
558 18
407 546
304 193
462 643
721 528
230 721
651 301
339 457
603 532
305 233
116 157
157 429
887 683
859 831
73 742
400 594
671 311
186 463
59 823
759 798
980 693
557 221
76 257
780 636
930 49
751 219
890 829
871 658
158 203
622 364
255 845
163 723
38 941
740 223
816 775
30 630
142 895
570 890
533 374
756 609
593 161
735 469
592 109
648 943
522 840
708 531
322 242
655 52
968 672
740 396
356 437
480 952
173 654
49 896
340 129
359 679
269 187
38 504
576 959
687 997
947 8
515 716
988 555
848 579
944 770
706 673
527 957
416 575
145 407
255 116
24 864
811 34
499 574
502 439
107 69
143 821
457 22
728 951
106 887
269 895
825 715
572 120
349 433
407 721
686 895
558 46
923 509
339 372
107 752
261 721
944 477
547 136
50 592
694 297
457 594
702 868
607 478
154 978
447 331
379 513
965 266
128 185
974 120
484 204
949 774
825 776
972 617
220 710
438 309
703 747
137 891
655 596
768 120
110 237
973 17
414 845
730 1
894 142
12 984
38 856
207 883
688 493
564 304
919 534
394 730
279 360
616 95
288 106
986 881
15 233
811 262
631 153
298 351
890 277
873 705
160 404
605 894
986 992
201 616
331 157
558 684
208 608
691 333
675 880
584 795
520 356
58 850
480 949
795 187
532 512
784 680
303 896
360 714
35 638
843 151
365 583
264 432
304 589
636 582
984 31
64 730
986 693
931 17
918 836
136 586
193 623
179 940
732 5
553 159
631 626
500 240
514 862
527 695
969 431
715 703
755 634
679 984
278 915
11 820
249 801
233 356
608 872
720 882
560 971
766 50
335 855
234 70
681 541
993 787
277 74
775 959
564 946
304 24
704 381
206 96
334 132
997 844
10 198
195 222
931 338
662 454
223 756
940 28
854 574
341 601
180 729
508 254
88 981
538 707
764 9
627 481
220 601
828 792
578 679
363 799
953 57
71 723
775 400
843 742
385 313
19 40
954 597
4 828
99 374
796 304
527 384
711 423
649 50
812 554
542 327
437 539
403 679
828 544
853 163
446 715
506 62
235 660
463 908
412 350
808 395
19 484
773 691
499 984
356 675
286 798
550 431
273 145
934 846
41 141
369 552
959 745
35 610
736 620
597 881
672 680
322 785
306 170
533 729
400 939
940 557
955 486
852 133
384 479
314 784
645 828
634 345
232 761
619 7
141 461
549 464
20 738
633 167
383 267
73 376
579 661
48 170
927 228
513 336
516 845
423 261
194 591
546 280
282 242
140 617
993 304
570 402
807 483
366 817
719 759
320 921
300 359
319 197
807 368
149 390
133 769
685 852
9 307
265 153
470 194
767 680
402 802
534 539
242 37
684 140
281 679
893 258
252 398
533 481
425 492
426 63
815 699
467 809
62 716
180 66
660 852
865 974
920 697
5 121
905 43
172 734
32 457
34 539
164 31
826 559
829 732
920 552
902 904
373 704
568 90
515 565
990 849
244 895
105 807
749 502
643 409
627 934
903 987
133 487
652 601
28 195
767 84
137 507
930 803
23 472
725 238
429 993
981 340
108 160
457 488
79 801
61 246
500 266
526 352
268 432
698 717
130 433
41 890
294 612
482 924
139 421
231 59
532 928
239 540
832 906
571 279
438 226
315 85
10 557
652 108
294 321
563 699
951 327
876 466
269 572
6 945
82 75
980 464
16 869
529 537
13 745
127 574
310 202
132 766
977 335
262 105
620 749
209 135
800 558
160 973
789 612
691 948
375 167
121 956
142 892
470 89
218 238
116 143
62 14
548 468
264 970
87 448
826 592
612 97
703 138
568 135
363 517
364 858
354 192
263 938
344 470
972 232
956 741
867 2
904 24
192 794
981 22
566 688
625 212
583 887
421 463
39 542
777 383
820 315
92 914
368 202
84 254
967 325
165 859
852 251
301 267
571 597
952 721
763 124
754 741
684 972
150 80
939 957
879 915
550 721
366 706
257 798
735 498
461 726
334 284
705 408
542 578
103 97
984 721
779 270
304 238
177 112
598 974
949 754
417 449
440 926
721 627
900 838
250 777
242 681
388 725
443 386
580 321
488 889
685 111
2 671
702 756
480 653
745 151
413 215
661 557
183 461
223 544
828 902
834 583
103 698
489 738
716 615
474 86
609 529
208 150
51 217
683 257
396 574
864 577
574 748
276 823
850 620
544 591
213 348
786 900
787 421
630 647
317 270
137 120
263 744
17 722
799 897
702 131
27 409
433 866
929 403
21 834
933 853
38 59
574 89
226 827
621 189
476 695
373 809
601 206
340 166
325 950
910 799
41 7
601 127
784 681
433 477
808 319
37 211
311 404
633 846
828 145
500 322
762 157
799 496
70 180
74 187
383 439
774 822
429 203
549 170
784 767
2 379
738 373
706 983
119 501
380 526
20 719
813 502
954 316
257 4
870 71
654 841
733 208
224 832
745 226
637 308
755 953
332 990
480 681
215 115
494 648
76 475
243 378
280 240
209 190
573 956
294 166
87 53
555 271
977 177
827 790
786 601
437 471
683 483
354 567
805 232
123 254
413 334
821 113
470 385
274 148
402 993
864 732
739 984
100 134
240 838
639 883
969 835
911 96
536 878
114 294
665 910
541 227
545 224
543 917
325 648
87 633
536 925
406 45
144 598
773 271
700 571
166 251
563 373
361 845
322 477
456 983
610 808
631 898
500 384
45 894
72 647
687 804
973 130
314 588
387 408
155 148
134 186
551 304
948 607
316 385
447 889
670 996
817 670
605 182
935 869
41 575
101 631
736 314
2 946
843 666
432 123
305 195
589 627
886 337
595 222
607 471
284 863
512 762
654 805
327 795
163 842
862 968
224 876
765 131
949 972
595 828
29 830
391 699
432 808
775 209
194 878
195 475
626 813
826 347
898 700
497 231
881 598
363 762
505 421
938 256
613 898
523 358
82 970
599 211
381 734
990 564
420 520
156 244
138 603
51 470
204 200
441 522
1000 313
189 380
377 644
199 71
769 964
956 706
916 383
243 771
688 660
543 798
602 326
566 725
200 519
478 21
781 561
722 943
448 472
901 597
992 645
330 20
277 747
962 794
317 250
709 552
726 670
144 848
182 696
109 632
37 235
81 876
187 722
120 687
515 359
992 995
17 206
425 730
580 682
856 146
753 574
610 385
663 393
352 497
978 349
939 993
441 604
46 117
628 301
776 706
780 58
489 201
822 645
948 960
291 479
275 962
331 974
614 219
67 676
304 82
694 323
384 218
686 295
689 65
159 132
679 275
254 805
970 634
129 138
833 926
704 514
832 631
727 382
68 937
620 750
860 157
475 953
581 724
76 742
979 633
413 99
327 541
882 340
954 953
663 787
78 369
320 644
912 952
747 787
640 503
253 63
42 433
318 2
557 76
378 489
521 165
784 403
449 66
86 153
860 880
184 145
627 615
166 33
846 647
828 559
377 498
412 481
71 92
479 459
490 528
916 928
527 782
964 980
783 432
348 517
580 1000
173 430
598 369
985 91
807 542
4 472
102 801
862 437
944 610
582 52
749 541
535 102
885 237
465 658
92 471
516 593
922 136
63 758
961 678
414 356
296 579
685 215
7 495
512 563
675 65
513 366
966 704
51 859
201 458
555 759
336 687
957 771
816 153
105 102
694 222
822 387
14 763
418 93
188 695
880 155
233 970
196 218
329 235
401 758
682 641
573 836
185 33
836 394
68 796
548 518
586 721
517 593
757 232
647 466
671 472
746 441
858 241
181 76
592 813
740 253
1000 2
893 457
507 114
125 959
293 659
920 835
868 25
997 379
156 141
363 595
274 192
518 359
65 205
483 74
179 325
367 708
647 918
29 75
778 579
583 788
843 939
327 218
835 543
52 787
754 469
734 135
979 456
196 934
412 747
394 938
134 231
330 44
592 407
378 816
568 736
572 312
408 733
649 545
889 420
1 407
487 71
844 900
849 886
922 970
136 987
653 106
457 129
75 734
774 710
245 290
449 504
505 653
452 908
310 486
383 660
776 666
2 862
811 732
723 504
589 782
284 884
426 873
875 987
774 371
427 868
91 403
882 442
295 293
375 987
859 918
589 257
699 833
516 905
383 704
651 930
431 586
16 731
333 340
222 582
891 406
566 130
254 686
682 903
403 90
910 904
777 873
237 137
627 257
719 689
302 703
527 386
46 608
868 140
9 977
835 477
367 273
916 634
152 999
248 892
320 281
998 906
285 597
680 553
700 564
792 695
28 249
472 499
71 181
588 993
628 790
922 669
669 608
908 920
987 945
342 648
992 617
679 523
631 818
228 534
605 831
430 31
452 691
469 635
571 559
719 415
369 703
614 579
814 129
743 293
288 675
606 999
164 94
733 122
240 684
810 744
690 2
465 730
276 681
637 516
839 756
326 969
918 141
79 131
257 799
559 661
305 194
197 820
839 645
888 85
107 189
210 193
599 569
926 283
547 66
77 303
152 250
704 551
309 428
572 614
99 984
6 132
286 951
949 892
141 911
716 601
453 653
629 740
189 695
355 691
424 471
970 622
789 709
5 214
857 503
511 530
973 313
260 420
400 866
561 703
670 363
142 896
588 208
687 748
502 994
75 124
587 122
518 702
596 554
155 420
356 611
285 569
481 278
868 390
653 750
602 758
621 186
735 950
365 525
723 903
870 618
374 357
586 437
163 348
643 198
792 795
706 634
546 775
303 664
625 618
353 943
564 669
79 246
634 379
398 926
982 530
906 737
138 375
970 744
755 850
862 538
224 922
798 290
715 820
607 866
637 507
487 928
664 177
223 718
3 769
777 630
684 214
525 956
251 657
512 485
846 200
479 993
851 562
233 783
489 661
588 391
670 1
976 226
116 604
599 1
341 881
656 979
548 705
755 319
827 937
189 445
377 581
764 55
750 6
682 238
939 213
118 508
4 384
160 28
717 984
421 235
389 845
468 842
535 588
614 975
361 891
412 273
933 145
19 433
717 570
547 640
265 593
550 410
917 877
536 756
222 251
114 928
799 418
601 402
127 186
875 56
594 701
44 670
300 560
746 512
213 589
737 835
331 574
226 557
582 53
947 344
58 753
331 655
37 483
10 636
505 752
382 46
917 289
7 345
743 83
563 665
589 681
680 347
441 457
205 672
962 893
637 701
659 839
173 227
509 42
220 419
8 883
278 583
960 901
33 640
237 107
838 833
309 371
185 829
224 789
135 475
823 878
789 938
572 558
168 828
64 893
712 185
752 966
163 611
147 358
954 858
967 560
180 486
53 16
881 695
57 85
705 577
254 59
484 956
178 707
855 159
109 473
904 329
725 767
928 351
892 128
473 54
346 812
844 227
368 300
994 720
890 417
589 657
912 835
4 121
422 216
687 676
672 195
123 419
531 136
255 678
130 563
661 789
226 936
423 710
878 672
188 492
976 556
749 134
677 176
203 297
813 560
745 906
908 836
784 826
198 108
67 803
913 357
101 274
885 95
853 689
124 807
804 491
611 995
280 647
153 191
872 801
728 773
932 439
563 510
554 641
44 311
581 104
949 724
6 842
519 294
336 765
619 716
618 239
200 92
128 233
594 116
278 611
667 329
638 117
876 826
608 56
868 762
764 955
765 110
523 749
453 680
241 402
936 654
741 453
523 158
45 462
301 612
161 177
938 411
314 401
522 90
467 929
186 454
589 98
402 844
609 940
705 557
63 399
618 562
712 435
648 923
605 957
682 166
597 329
891 100
237 426
518 723
341 508
635 426
860 936
85 735
675 785
565 397
217 311
790 546
247 919
268 312
934 845
3 61
696 365
409 374
100 683
913 966
566 920
18 738
774 897
690 176
28 527
136 296
166 645
48 442
848 561
227 953
358 157
231 97
322 927
460 801
235 354
440 890
165 627
847 107
776 552
979 35
384 321
776 695
266 877
927 80
913 514
439 794
443 351
428 9
908 259
381 39
36 454
609 268
607 777
388 687
279 802
599 681
727 340
195 191
604 1
842 825
842 666
681 792
186 422
777 601
618 485
573 65
312 368
403 155
495 257
977 2
925 226
546 249
398 354
609 607
863 572
212 888
29 94
897 498
994 950
80 26
298 97
924 813
33 244
971 330
700 772
882 99
366 368
792 327
562 869
523 489
290 809
768 496
937 479
665 872
523 582
59 329
563 656
53 411
170 922
535 5
222 888
288 260
697 680
38 464
733 374
50 258
70 833
418 461
520 62
278 274
815 105
122 400
473 554
644 903
738 102
444 253
317 873
746 557
156 553
654 344
947 206
804 333
988 482
519 938
940 637
836 574
452 807
628 696
127 619
495 899
575 847
429 53
653 177
277 173
592 954
687 502
28 817
712 706
749 857
849 607
277 30
319 439
705 765
486 172
949 524
758 865
864 124
702 844
594 173
561 60
134 463
950 110
770 256
883 185
115 35
7 171
765 165
196 224
436 663
167 801
281 614
582 692
414 202
39 235
712 763
578 635
367 558
172 776
263 483
803 694
596 907
25 538
906 181
545 467
673 134
195 326
802 482
694 828
237 191
702 283
850 534
464 357
137 65
674 690
62 5
707 304
891 191
749 181
520 365
313 497
21 800
618 812
704 258
14 91
731 711
492 49
184 258
648 177
429 544
88 990
855 574
714 958
911 888
53 608
459 777
633 710
136 372
959 588
122 69
451 905
857 910
506 228
487 801
893 850
771 346
883 7
118 953
549 81
487 673
403 815
50 8
966 122
843 461
790 308
22 162
280 573
525 57
488 672
452 795
62 818
88 393
714 453
145 582
628 259
6 513
580 430
72 157
846 445
474 529
510 243
528 239
732 144
145 864
183 296
21 61
153 365
872 627
348 355
401 859
598 152
99 898
546 351
195 119
25 128
828 897
372 517
2 730
306 919
987 377
699 916
167 90
833 666
970 275
582 803
860 385
329 884
554 359
795 627
959 172
263 741
433 790
226 99
226 839
298 200
852 759
462 895
549 561
731 690
870 406
556 207
644 283
166 67
652 830
121 757
191 532
907 815
303 174
108 438
860 423
995 963
492 21
866 262
729 6
829 483
72 466
985 221
434 109
109 941
537 996
779 867
942 301
544 236
946 144
951 108
415 730
622 533
329 146
518 816
614 677
227 527
836 743
818 86
31 903
514 383
92 663
75 579
192 293
102 280
92 262
841 602
272 284
756 803
992 608
885 368
814 948
746 918
440 957
277 86
372 212
374 878
432 33
181 490
805 736
935 479
926 332
30 129
687 21
659 723
807 507
976 788
385 366
104 776
160 554
788 420
789 973
958 972
155 937
232 236
802 72
822 143
951 328
30 306
858 211
234 681
808 146
919 848
963 884
602 220
74 981
220 246
402 988
151 571
85 451
906 476
104 196
644 360
630 529
75 936
108 267
991 192
186 793
557 886
621 67
863 26
645 211
334 876
886 169
670 702
341 364
289 249
97 984
559 226
778 839
231 301
857 966
24 813
593 972
923 255
122 492
729 316
26 246
800 465
639 150
793 648
170 841
19 865
698 535
606 884
496 594
564 380
174 256
213 266
606 934
720 995
348 51
665 247
791 371
483 780
907 158
859 697
328 63
789 158
331 948
723 406
564 914
84 612
586 930
128 246
456 195
591 151
712 460
826 4
516 984
637 610
63 895
600 873
694 55
950 429
599 910
102 674
358 568
132 459
851 649
854 312
81 597
603 120
533 349
772 763
994 951
5 212
116 745
68 628
915 21
890 631
691 634
854 38
116 55
714 697
639 820
492 191
723 731
976 372
207 676
282 525
924 204
564 155
97 658
680 632
598 142
545 882
428 914
730 318
696 130
291 678
237 286
851 761
321 835
65 188
291 567
53 700
165 978
297 234
173 583
619 923
784 756
680 805
433 688
8 66
369 712
196 527
54 613
257 901
899 82
719 381
61 355
666 235
840 570
975 359
697 875
519 570
935 579
567 814
679 924
650 950
1 37
359 616
607 717
197 790
921 791
223 810
189 902
813 76
67 310
712 929
735 400
608 114
257 498
724 584
266 96
711 918
693 391
363 104
492 840
958 565
725 790
410 626
986 290
470 883
950 393
842 782
656 263
424 839
223 601
557 361
595 586
924 620
925 197
450 231
894 762
592 836
111 244
459 383
96 531
878 650
308 104
436 37
954 678
39 456
831 124
782 400
450 905
858 58
615 296
787 506
366 269
817 823
468 741
696 64
868 326
657 939
839 455
911 970
878 283
991 24
321 958
406 298
792 753
957 9
926 188
916 786
194 922
667 412
710 338
892 657
202 77
26 191
961 1000
945 419
528 725
608 611
832 123
615 800
926 917
98 59
235 156
258 461
123 689
624 332
328 153
185 752
93 903
542 724
444 599
1000 983
537 500
529 616
829 815
362 522
573 901
689 98
257 478
657 57
996 413
202 882
665 378
793 301
189 652
885 735
299 212
102 667
450 344
252 236
826 175
209 245
601 741
176 488
485 370
708 862
982 149
307 927
51 758
829 574
351 430
703 69
616 53
47 993
347 543
973 511
399 910
833 340
925 380
484 668
857 350
89 196
455 13
866 404
152 910
118 329
490 992
731 546
914 126
290 804
445 392
891 952
382 151
692 191
216 112
827 656
517 308
442 766
761 404
373 934
563 138
148 844
972 494
553 838
504 794
696 408
476 320
791 27
786 910
889 26
338 240
231 127
641 615
642 472
885 206
357 933
619 30
803 215
684 607
899 328
666 69
18 869
177 400
966 656
568 799
970 735
849 422
23 561
615 187
671 101
853 770
31 474
695 99
189 974
150 444
870 463
466 769
769 22
517 656
394 611
295 294
426 403
744 426
941 368
637 417
534 603
774 144
264 729
30 416
343 171
258 823
99 671
483 316
530 575
806 400
939 113
21 960
190 181
946 783
359 806
515 210
381 566
130 832
95 888
298 26
998 687
56 40
283 984
259 653
428 792
51 367
913 376
623 423
865 647
131 455
834 154
375 318
360 525
880 324
471 779
238 626
706 448
999 581
567 68
661 920
956 792
499 991
526 30
213 801
641 816
678 245
58 994
495 651
387 412
691 74
736 609
294 637
266 678
908 249
781 69
766 669
69 179
309 836
715 705
457 209
535 58
903 438
401 548
305 997
61 419
718 595
945 770
118 563
374 937
767 130
37 567
244 77
742 452
84 758
267 62
159 228
382 503
845 965
667 515
884 29
899 992
328 911
590 939
718 156
81 169
710 512
77 189
310 28
225 650
390 218
358 686
210 135
362 549
256 218
885 663
542 232
484 16
821 447
290 313
272 852
773 316
530 547
469 368
986 97
454 715
523 410
322 121
724 921
699 701
955 791
540 767
136 237
100 166
137 180
599 348
123 15
307 836
991 150
12 46
761 641
118 262
667 509
500 589
70 677
100 900
672 13
564 11
268 760
894 275
736 944
130 761
725 120
870 607
469 314
532 728
114 955
193 264
430 463
822 861
538 396
459 589
400 125
537 588
149 670
478 709
465 537
620 151
917 665
224 192
22 119
236 393
749 966
185 731
438 231
815 936
542 761
227 804
546 740
234 454
642 51
22 510
348 16
280 880
619 375
381 88
910 916
516 671
148 768
707 984
342 362
159 361
362 871
736 56
864 237
665 492
416 578
872 680
711 913
698 108
789 915
628 237
797 360
945 701
711 806
762 106
72 319
807 275
419 722
259 777
842 293
135 130
371 749
355 720
981 620
515 917
553 813
935 431
425 418
208 62
160 817
52 199
894 717
755 256
21 682
860 744
67 193
91 920
554 272
366 274
264 94
238 968
669 914
87 573
970 435
218 444
193 202
601 245
623 588
551 291
313 721
812 781
282 768
834 373
339 849
352 708
192 61
190 536
123 599
931 514
27 745
112 196
441 799
600 89
912 181
822 936
843 463
496 754
944 614
541 668
662 732
602 922
71 557
705 403
616 850
685 322
462 197
180 830
839 697
474 543
22 381
685 211
633 354
724 911
270 811
1 54
20 627
650 653
824 760
767 952
636 40
557 170
194 944
822 54
642 936
635 679
64 375
349 785
902 9
65 566
526 677
90 99
678 544
309 131
388 790
427 312
543 670
398 748
786 897
676 70
717 151
95 775
631 369
27 495
449 433
655 225
954 352
235 529
911 952
346 730
332 345
540 854
189 160
317 491
781 412
400 505
792 607
406 675
958 332
249 448
679 402
916 832
499 962
385 948
452 564
624 941
435 318
916 823
352 736
939 766
653 900
42 812
967 292
550 276
700 481
538 452
300 535
360 346
727 920
766 614
412 901
179 946
606 15
308 854
771 86
700 80
426 973
481 174
923 307
763 560
158 540
326 854
883 567
237 1000
723 158
373 281
714 487
698 992
845 591
239 448
261 686
729 738
664 607
150 450
391 940
106 390
822 496
132 812
974 47
353 551
817 208
784 423
487 916
395 717
185 862
42 561
849 327
668 797
659 880
101 18
214 467
911 427
461 138
542 141
120 500
11 327
803 497
751 25
589 142
910 509
9 362
800 619
128 296
77 843
647 323
741 164
9 251
782 478
927 723
301 934
274 145
347 461
792 366
691 608
756 982
333 515
238 705
342 819
364 927
381 791
178 855
383 235
304 769
736 358
654 33
285 706
126 752
622 725
762 60
184 427
293 247
442 659
84 175
361 176
779 816
106 516
586 266
964 161
201 872
666 738
634 797
883 757
476 293
994 166
136 620
528 286
183 942
611 947
210 552
481 202
743 406
450 261
571 257
991 932
286 476
159 86
858 916
552 434
257 202
59 66
13 11
25 86
48 209
357 809
710 871
197 816
24 161
779 474
193 905
948 600
408 662
767 995
935 727
846 470
974 670
733 928
578 995
850 892
262 22
401 630
871 534
747 524
342 288
803 270
654 331
882 301
367 215
8 620
829 899
116 580
546 103
930 262
843 555
38 779
593 64
155 899
997 302
432 666
241 110
459 179
788 870
248 958
446 399
240 290
646 500
541 194
48 857
288 168
769 991
610 999
388 403
778 519
375 285
503 456
126 669
995 136
199 125
772 57
189 89
579 69
32 796
469 313
255 456
574 372
734 798
407 119
320 7
853 419
430 460
145 428
865 509
128 761
866 897
88 257
876 298
842 150
291 228
771 174
222 972
463 418
232 844
505 728
914 666
399 787
932 458
625 840
475 353
86 871
719 2
409 915
391 103
598 901
253 172
56 728
894 383
186 562
63 959
414 47
638 485
556 236
56 566
388 541
242 263
45 386
530 866
68 805
472 678
987 25
219 435
954 834
820 181
852 700
869 85
410 944
30 505
12 860
507 508
811 228
117 885
527 288
711 583
582 853
108 536
893 654
56 131
458 571
114 393
99 295
751 823
830 418
687 543
281 935
28 797
13 636
956 524
463 615
800 992
873 750
929 716
252 765
623 478
313 464
938 914
759 238
242 406
264 189
220 783
863 443
122 64
175 62
913 97
182 750
634 231
890 77
230 730
415 380
512 600
684 827
293 484
215 343
965 814
698 747
715 315
130 111
519 907
892 881
344 903
366 708
495 928
506 12
406 179
943 904
123 805
509 196
115 885
492 917
121 595
634 667
338 44
643 623
451 343
380 599
362 934
490 243
314 69
376 246
215 263
290 186
272 465
127 411
153 370
764 380
413 800
345 666
510 464
224 809
209 715
516 914
834 577
7 793
873 253
56 833
932 930
462 561
546 60
285 8
642 715
77 934
480 848
642 803
693 44
308 78
825 92
438 744
327 752
830 463
498 844
924 784
204 190
495 83
78 739
372 964
670 423
798 760
86 190
180 183
902 586
784 507
728 431
708 653
415 941
696 205
535 620
108 17
316 806
958 333
361 859
606 323
164 498
572 471
957 43
481 338
699 776
585 580
308 561
862 120
754 545
993 555
961 857
669 520
956 597
123 626
490 275
349 204
421 719
279 225
168 720
698 655
412 821
75 725
442 304
206 265
196 359
452 905
144 458
480 466
98 513
404 430
591 15
13 61
906 677
357 133
983 945
533 130
90 991
607 785
591 188
150 434
7 95
279 794
910 852
909 703
750 535
937 922
955 321
686 467
907 418
323 43
309 452
437 63
315 607
870 303
66 684
927 956
59 594
872 415
47 673
998 579
949 241
374 798
421 755
960 866
264 825
215 732
492 455
111 415
223 177
267 520
743 958
542 31
240 263
759 432
743 783
403 895
878 358
695 884
330 792
481 668
248 641
288 252
967 84
933 196
89 515
443 600
299 924
726 773
875 445
213 190
926 195
969 560
273 249
240 116
904 933
210 596
184 539
224 472
830 282
729 257
164 112
296 964
465 563
545 663
286 547
752 685
586 493
737 911
874 288
451 497
586 124
625 722
864 374
572 63
408 476
874 179
90 706
163 18
685 137
23 998
194 676
525 288
895 296
951 74
240 438
171 668
949 933
793 814
385 222
391 800
493 442
495 412
9 427
932 619
935 308
296 705
331 503
622 344
548 603
955 587
869 385
467 833
836 350
159 715
751 941
293 709
479 174
810 826
228 494
449 463
322 119
877 775
695 698
540 761
744 68
477 522
691 748
161 669
983 569
990 688
904 99
652 705
473 780
181 579
169 11
976 366
908 554
383 134
442 692
939 680
961 144
203 69
398 623
62 568
945 388
250 312
325 170
533 661
878 958
761 172
524 888
706 631
417 732
793 873
761 29
429 13
602 389
444 590
447 633
84 677
270 930
434 628
861 443
573 487
281 223
387 180
945 64
784 194
343 297
474 680
723 439
182 24
870 405
655 715
234 443
987 235
845 201
776 964
498 500
119 484
500 538
393 864
767 740
563 274
521 636
719 577
808 454
103 796
52 338
950 319
201 440
116 601
484 901
892 10
983 445
587 636
968 970
570 770
540 686
416 28
270 171
786 189
273 790
60 570
619 717
35 876
368 483
574 55
978 868
1000 744
624 820
566 651
951 955
274 249
460 546
445 466
999 911
692 853
121 229
71 376
458 79
921 621
4 311
558 634
291 933
888 615
300 557
905 661
601 262
297 208
549 46
576 196
120 832
192 221
504 223
433 229
19 880
589 723
549 697
296 698
609 110
921 90
6 916
7 485
979 844
12 317
840 134
694 289
182 117
116 249
428 205
893 927
620 697
90 988
187 737
81 247
245 908
214 437
659 552
202 881
661 233
719 692
214 351
25 984
617 86
135 359
798 61
677 948
418 313
276 847
150 864
547 716
632 375
882 197
454 529
445 818
122 307
267 738
604 521
4 983
26 683
268 67
318 179
472 564
674 955
455 14
882 822
900 169
117 539
65 112
268 563
446 776
825 430
286 573
616 357
528 903
302 502
750 492
627 871
79 704
796 232
435 256
653 635
937 70
60 147
173 396
84 855
784 831
508 658
644 859
832 43
317 941
377 130
838 17
692 320
730 959
904 631
524 768
672 755
586 68
783 801
735 568
115 931
499 256
103 130
913 648
633 115
845 712
754 994
611 631
741 524
300 198
34 502
253 226
291 413
96 35
279 676
176 75
50 620
3 702
43 509
361 210
180 562
890 923
154 673
158 673
518 249
69 10
998 497
285 122
234 514
153 708
419 748
133 934
453 363
925 138
246 288
116 462
384 366
593 90
726 350
214 34
345 177
679 108
424 544
687 609
851 975
91 962
58 294
268 576
549 721
142 89
307 861
181 765
679 338
313 557
653 627
527 174
772 71
95 168
443 603
62 204
230 897
639 559
344 4
606 316
257 659
899 860
921 692
848 628
45 532
598 320
417 981
753 809
828 221
994 53
279 151
232 948
601 461
576 759
515 925
516 354
754 725
271 88
847 336
848 658
887 595
211 178
800 469
881 62
130 84
404 555
72 664
776 606
173 146
984 737
32 702
165 638
168 302
317 659
382 280
666 164
63 564
409 949
998 81
121 387
340 603
896 417
166 179
756 35
719 985
48 162
709 147
513 168
91 324
639 579
537 34
23 624
112 494
564 781
964 103
140 609
894 480
253 488
163 960
93 543
901 594
393 843
530 892
128 488
203 620
766 98
483 460
450 159
294 276
955 586
233 729
255 273
565 524
760 914
897 501
534 898
920 786
668 432
890 512
428 729
144 319
513 645
695 693
579 698
114 498
969 864
769 940
292 266
248 815
24 107
874 943
765 546
416 991
57 995
151 825
647 26
625 32
492 89
152 888
374 93
123 735
382 632
167 831
539 193
444 11
796 208
763 303
909 463
13 26
508 950
435 376
383 22
370 947
689 557
140 227
912 332
732 581
14 700
74 107
353 48
101 690
597 797
487 389
550 685
258 485
979 85
799 326
552 1
862 738
704 204
957 534
154 805
905 939
301 82
841 37
179 650
399 709
684 661
465 329
563 560
279 999
20 893
225 457
651 181
484 322
466 821
91 416
497 969
6 203
965 430
197 564
909 812
161 790
708 240
211 1000
108 884
324 329
480 989
268 447
800 550
214 136
437 487
740 192
281 651
449 313
379 184
87 363
159 686
60 725
389 149
123 191
160 163
816 892
217 950
826 600
668 267
616 108
869 646
873 579
765 597
181 644
575 500
647 939
65 107
374 159
782 182
715 241
455 442
189 10
887 471
340 138
655 477
969 638
606 357
109 819
662 587
165 97
772 31
571 55
467 456
791 898
23 500
872 172
781 168
18 660
662 661
526 324
844 927
153 820
399 819
923 296
690 117
598 618
586 34
236 751
257 790
278 908
481 240
597 674
836 942
452 919
589 722
58 362
934 763
811 109
903 264
418 693
653 289
708 472
455 216
681 552
115 228
245 335
561 642
837 405
291 369
989 378
698 550
919 538
987 345
771 584
115 2
284 525
379 393
766 231
570 82
863 843
759 618
362 626
135 358
964 206
988 724
20 230
372 689
214 148
270 362
556 903
897 769
526 603
151 629
863 766
8 260
869 297
634 657
160 207
837 779
401 299
556 677
351 59
208 827
642 33
749 148
214 865
682 95
166 68
591 941
750 791
782 146
929 750
321 926
269 214
161 565
183 560
113 476
732 751
482 890
247 574
801 758
253 701
836 748
434 321
31 898
757 110
879 959
736 423
76 952
67 583
339 170
159 127
552 473
849 521
560 964
687 437
233 252
803 168
512 906
41 741
651 364
229 328
849 299
353 548
854 964
746 181
659 726
492 893
42 572
774 261
64 800
752 905
826 220
39 217
354 749
355 668
816 922
927 958
661 270
241 357
356 50
637 159
110 1
151 705
8 337
651 697
431 689
825 126
37 80
833 411
389 237
744 655
678 813
42 592
77 682
762 658
449 3
990 866
919 418
218 627
830 858
557 898
924 691
946 222
782 904
605 635
516 220
98 511
889 472
942 338
139 547
911 605
329 177
919 102
631 696
245 493
762 185
999 180
453 16
737 909
463 459
379 900
874 535
790 96
813 321
175 564
288 920
550 608
681 727
361 403
269 608
845 961
115 220
10 272
677 450
500 657
717 280
926 60
323 9
859 971
767 706
536 406
919 941
167 904
24 170
780 545
376 647
693 320
669 247
934 933
638 708
270 290
53 82
935 20
960 832
619 782
397 901
531 891
843 701
628 523
491 675
800 872
929 948
573 150
576 655
497 149
942 946
964 730
240 180
335 907
798 577
13 823
701 138
631 969
869 980
49 995
14 355
217 277
535 263
661 952
442 690
615 597
743 608
174 869
676 431
572 264
39 837
118 966
374 380
269 960
311 325
370 771
814 164
961 944
563 996
946 36
567 948
879 902
843 436
884 808
222 947
740 820
68 477
534 150
598 809
144 276
44 245
263 21
115 649
15 916
617 626
512 734
305 368
470 938
366 875
969 106
521 640
872 684
524 269
266 109
287 689
401 770
989 567
647 81
280 129
798 199
197 708
806 754
879 24
519 155
781 944
929 133
656 955
237 808
94 691
940 259
355 805
816 817
428 559
100 852
40 279
768 180
678 651
806 476
517 775
459 195
740 80
806 303
369 210
575 102
83 817
948 52
146 26
972 146
421 148
637 580
596 742
670 473
711 247
126 813
218 440
381 988
720 831
832 436
246 474
213 131
763 185
677 308
678 87
383 215
347 837
294 844
868 417
282 780
415 744
438 667
114 987
939 662
814 486
106 603
657 89
166 986
728 18
69 230
970 115
771 126
760 419
482 953
993 913
33 861
363 411
148 634
492 939
279 444
157 756
123 806
354 129
22 390
633 245
63 913
432 428
218 673
352 243
208 721
837 404
287 887
272 468
936 635
674 588
379 539
909 664
864 141
276 107
742 226
768 963
608 130
510 550
497 837
463 939
945 733
362 633
381 459
641 506
699 938
78 341
81 407
228 66
152 244
361 849
682 939
739 598
260 325
6 353
599 34
32 300
506 735
971 443
129 682
612 447
581 869
565 111
761 716
706 215
757 696
193 57
724 208
161 603
679 313
869 159
17 388
348 626
934 201
386 851
317 201
818 878
478 177
326 25
203 302
748 250
633 853
908 835
306 45
658 790
52 569
127 71
173 283
762 86
988 416
990 338
166 656
407 670
637 903
214 952
163 491
896 697
254 425
36 100
510 55
629 35
581 192
528 468
855 406
534 94
437 14
656 295
447 691
267 9
72 191
239 317
767 762
410 877
747 262
380 741
57 461
958 660
150 433
726 999
615 263
985 794
983 803
305 440
648 744
72 413
328 999
241 570
148 82
498 427
355 526
530 790
422 672
63 214
159 579
288 588
402 820
313 119
188 975
484 968
180 449
398 312
220 962
189 397
245 1
928 259
323 475
604 632
934 297
111 408
722 527
942 804
134 417
674 874
490 815
703 948
968 659
146 467
455 95
866 450
817 882
412 434
794 904
43 758
869 558
216 162
181 620
475 796
316 197
152 798
84 345
412 336
765 894
532 705
38 318
114 912
776 147
226 54
32 867
752 714
128 314
93 262
631 778
101 779
62 515
391 443
283 338
467 930
217 474
790 263
386 89
897 678
101 668
109 541
280 635
80 957
282 393
669 149
243 726
913 774
130 197
390 659
700 848
828 259
442 66
870 130
965 150
64 623
395 457
785 705
733 779
882 104
858 492
286 13
608 219
590 991
422 637
940 250
979 612
569 736
693 831
309 37
167 907
480 573
112 273
82 864
410 971
432 527
752 978
96 764
995 504
99 271
337 646
191 231
303 409
820 245
52 159
218 131
809 636
591 838
557 690
781 766
434 491
604 755
588 200
978 439
477 519
602 476
343 332
255 662
818 411
442 849
545 884
126 641
914 67
403 570
407 2
14 352
15 254
649 903
745 954
527 930
287 457
17 221
182 689
322 258
442 546
761 192
796 833
670 958
748 74
552 229
678 357
224 342
550 154
614 615
600 391
937 593
783 746
54 750
771 146
388 460
439 32
336 783
83 10
249 886
469 889
475 500
97 442
800 4
512 945
305 149
664 620
332 682
405 82
465 335
286 335
452 83
860 112
805 721
439 887
585 447
274 471
724 598
681 893
149 319
447 62
823 905
677 925
509 721
354 658
885 886
82 645
454 665
825 987
892 5
103 878
677 767
15 504
109 493
845 441
169 936
940 403
964 537
983 303
531 918
271 147
754 117
845 266
929 855
824 123
791 585
593 322
243 912
887 331
331 234
687 889
946 389
395 649
786 90
952 782
94 159
630 381
765 806
911 758
382 922
697 574
827 763
631 861
500 449
282 188
999 793
468 167
491 14
164 184
93 334
923 189
529 38
159 459
296 124
165 722
370 804
810 537
528 610
64 491
267 270
676 162
383 362
511 289
408 488
406 183
656 62
487 312
246 224
678 922
701 706
315 395
614 365
325 318
474 536
993 780
405 118
443 303
686 217
580 292
374 773
547 181
988 1
132 821
107 836
405 231
279 754
603 762
949 922
399 505
737 368
722 228
834 554
154 584
713 511
698 13
883 11
828 920
544 891
985 991
216 723
295 30
126 962
613 112
484 932
437 362
740 117
423 779
64 92
636 38
485 606
860 702
476 875
534 827
792 390
544 295
427 477
907 983
804 889
574 71
170 393
946 470
762 200
308 287
100 601
446 677
164 510
875 338
799 708
505 88
162 779
714 812
18 871
313 865
79 882
486 848
221 413
602 968
734 197
158 513
250 494
287 167
79 1
83 194
211 505
582 152
932 447
894 921
365 896
921 138
595 95
387 610
745 462
999 449
547 192
819 615
415 144
422 884
922 356
154 906
965 322
641 436
236 770
372 357
214 613
732 482
128 144
64 802
309 448
699 856
996 270
229 185
727 174
431 605
750 373
290 303
772 639
868 960
941 524
946 950
998 583
301 749
927 585
414 916
860 636
474 163
313 400
523 372
906 372
321 316
322 111
910 660
610 762
39 398
422 18
649 430
640 295
364 773
818 167
679 254
517 239
795 965
373 753
787 650
963 667
394 642
714 543
551 384
296 396
457 800
47 225
514 790
94 196
4 212
703 426
100 637
998 826
53 673
69 411
714 832
737 673
330 73
294 740
460 756
232 951
28 400
496 132
17 129
59 266
683 724
616 753
232 966
411 393
615 150
896 791
398 689
438 866
828 62
558 147
500 223
552 307
344 579
499 39
650 925
228 737
562 193
438 8
608 783
755 720
920 443
741 557
1 192
124 648
497 593
44 162
390 434
581 965
656 292
823 904
71 935
79 424
85 811
964 98
875 569
146 993
589 331
972 597
538 699
689 317
945 651
86 719
306 967
988 751
448 391
126 679
180 311
3 970
910 705
103 837
180 422
971 501
203 847
864 515
794 882
635 832
781 876
30 672
927 690
215 764
971 322
742 891
392 125
599 346
57 887
829 495
706 28
388 609
285 927
625 84
237 390
313 590
995 38
333 947
325 995
71 3
623 566
83 721
619 515
468 29
566 850
835 616
991 451
320 908
118 85
598 355
196 999
912 304
804 742
114 772
278 133
207 225
279 180
1000 829
549 54
838 92
14 562
1 401
516 464
300 875
796 608
374 540
433 78
948 859
129 373
718 433
370 739
544 870
805 591
438 104
385 28
757 326
262 314
853 851
202 615
884 127
760 69
926 380
744 589
519 503
297 986
194 934
546 307
86 632
529 679
15 692
347 76
284 603
105 146
696 523
215 973
789 782
403 191
295 117
924 619
915 856
57 64
460 11
333 275
775 444
834 792
651 882
359 791
805 877
863 647
220 907
4 872
556 813
851 795
356 347
547 562
489 958
181 784
819 455
761 822
958 120
946 672
338 75
786 185
751 675
882 782
403 379
355 146
118 143
610 900
748 890
514 734
307 68
113 309
369 899
152 855
178 235
953 74
112 107
990 90
313 836
527 897
567 756
169 261
210 683
343 901
443 670
718 755
258 85
743 356
841 228
145 685
814 49
732 842
842 262
241 929
205 710
614 354
444 622
597 528
508 409
439 31
755 648
334 5
851 157
944 457
619 329
106 428
201 496
99 829
882 115
764 569
949 921
189 788
579 372
64 967
874 364
506 904
551 970
628 207
177 562
593 34
426 329
449 760
376 584
824 476
822 187
863 965
4 558
81 405
856 813
195 413
656 921
986 432
807 130
185 407
578 710
890 724
440 195
104 208
983 306
949 462
143 443
612 8
281 902
526 888
178 986
360 905
35 959
363 474
380 468
365 136
863 409
810 23
364 862
302 395
564 90
303 182
820 460
386 702
101 284
140 497
568 396
511 896
900 459
723 616
649 845
778 939
193 345
116 113
956 994
297 299
596 329
541 600
924 320
283 328
714 188
715 333
255 28
149 623
4 422
45 718
616 662
447 846
552 348
970 885
899 403
900 632
886 257
733 402
342 877
974 996
831 805
10 537
597 579
824 973
76 778
477 325
707 632
656 426
804 242
877 68
774 416
171 695
695 120
992 481
721 741
149 148
50 537
362 697
806 862
384 11
2 630
92 778
465 176
51 779
361 881
713 410
388 362
495 500
280 251
392 405
524 422
198 825
181 5
400 307
891 416
765 327
332 6
134 276
506 753
15 51
721 306
795 599
136 248
247 42
618 586
782 339
237 16
4 951
108 259
238 906
900 137
938 964
521 116
498 591
749 6
38 429
22 550
902 698
230 901
805 389
532 707
108 121
810 301
649 873
676 438
507 709
44 712
597 916
487 12
524 849
743 351
619 213
909 137
14 599
842 124
700 114
957 669
699 823
373 342
926 980
139 258
312 563
219 624
951 419
707 711
562 254
121 872
883 390
115 816
666 160
335 831
546 586
214 676
76 701
955 130
331 940
140 654
77 293
974 13
826 12
974 444
711 827
403 162
157 111
852 255
128 411
555 356
424 994
688 323
561 971
265 22
204 29
995 506
133 23
178 640
800 605
169 963
575 79
541 43
146 742
215 620
588 202
915 394
132 96
207 684
243 671
853 218
375 362
401 129
493 795
460 420
905 305
669 824
781 478
618 832
585 842
156 796
32 786
117 497
981 344
640 832
349 158
169 296
297 355
316 457
762 105
746 530
700 423
867 430
226 314
245 462
926 929
953 773
292 177
644 686
921 295
443 39
504 55
529 858
714 470
589 810
19 968
573 369
261 863
410 343
287 15
418 874
76 850
917 388
314 939
991 791
371 182
934 657
346 504
609 438
257 89
978 5
194 564
881 982
223 675
793 168
975 720
172 227
543 508
46 572
17 748
738 884
86 744
626 40
879 37
350 717
730 823
254 669
402 890
354 515
742 950
488 453
416 162
588 264
517 772
77 781
119 182
377 595
284 489
639 943
18 189
695 661
95 922
494 462
371 248
159 968
327 90
972 141
954 823
973 420
928 43
35 787
571 933
857 100
680 747
296 212
389 597
193 380
979 924
23 496
688 905
731 877
952 622
537 896
994 249
978 530
624 102
291 825
202 452
165 720
499 698
27 787
582 35
533 549
628 741
868 361
41 979
443 67
689 815
429 108
927 509
875 964
249 415
573 405
667 976
634 677
483 844
372 307
489 35
327 839
182 78
793 11
372 360
713 364
72 100
608 22
522 330
831 452
263 280
129 796
521 562
817 399
447 92
841 513
629 674
498 100
325 221
674 99
203 953
539 803
521 492
812 277
426 104
766 484
68 549
751 992
583 58
954 578
773 142
846 972
530 501
199 226
113 101
539 577
60 283
29 319
783 74
484 619
378 242
929 738
35 783
566 761
143 344
274 473
203 453
667 338
897 928
250 40
123 298
714 987
745 341
866 142
614 880
754 540
282 879
292 675
869 786
933 12
826 956
188 85
785 13
198 90
18 756
886 407
944 938
945 455
201 87
481 167
893 634
140 54
767 1
992 607
314 769
131 845
742 321
942 135
870 229
762 498
162 316
842 394
220 490
58 509
980 540
294 444
825 597
474 365
183 263
993 927
353 568
231 571
15 638
676 644
554 278
845 827
205 92
426 411
500 267
561 204
506 941
461 131
232 213
983 2
52 352
15 284
976 212
519 220
212 878
603 23
470 34
254 725
627 413
367 926
499 750
346 871
506 353
218 349
411 522
792 484
354 301
539 22
655 115
749 116
363 739
838 682
195 948
622 877
974 536
683 923
74 414
688 962
713 661
300 611
887 697
690 215
856 19
268 385
145 330
847 351
409 237
197 118
414 985
828 56
226 390
944 549
376 487
249 863
129 367
386 374
905 946
376 86
19 885
253 784
310 473
690 283
417 389
520 678
775 918
256 396
965 292
15 557
590 947
793 211
298 531
619 204
870 483
873 413
11 186
86 594
676 696
733 953
7 206
923 961
964 243
290 478
664 207
630 910
519 179
619 78
781 904
255 892
267 434
272 844
441 971
464 484
281 690
547 651
314 990
510 863
904 444
722 607
7 637
265 102
485 515
68 637
553 987
535 863
111 441
597 386
65 785
82 849
856 516
468 714
21 143
57 885
331 114
592 935
725 302
734 555
925 316
907 785
178 995
605 776
458 371
313 588
499 869
317 44
47 135
218 595
471 807
147 725
900 509
243 956
338 620
448 468
122 55
911 671
148 925
353 650
238 641
313 814
762 7
355 423
697 791
933 452
476 401
443 856
482 830
546 939
585 919
527 988
931 767
473 673
917 560
377 189
464 616
269 845
805 875
809 360
41 471
529 857
32 735
452 952
239 400
774 645
419 355
796 657
838 11
159 51
219 972
76 851
404 810
462 96
484 504
305 283
789 185
993 883
334 94
689 125
907 2
485 18
177 289
234 274
732 68
495 73
6 204
228 884
46 573
541 612
512 321
547 127
647 77
116 897
10 18
104 841
600 846
158 170
641 156
268 50
439 647
545 376
764 868
855 31
42 274
540 565
341 774
986 77
263 228
261 69
748 711
843 5
34 705
365 403
310 690
888 223
106 738
377 707
892 230
86 149
694 136
874 840
728 474
138 754
624 731
379 468
648 187
188 364
65 31
592 472
815 166
763 337
692 851
118 402
553 499
516 1
648 409
745 923
155 187
658 814
456 618
918 260
188 33
745 804
670 921
253 517
549 40
585 558
37 215
560 767
117 246
154 96
339 36
802 660
984 303
419 92
498 151
16 702
25 501
443 66
849 239
500 17
982 889
399 695
934 764
205 708
244 30
651 502
133 720
429 508
107 750
400 654
590 713
920 100
349 677
428 52
927 18
608 952
383 986
916 14
280 963
279 783
216 961
413 825
882 394
827 503
646 841
258 518
869 144
858 419
31 271
270 589
271 828
628 201
756 262
774 173
45 479
428 489
802 58
949 185
187 263
43 194
263 569
878 128
156 274
618 709
268 884
604 912
473 402
660 930
446 511
713 824
660 785
184 202
365 799
743 992
952 776
492 248
973 583
721 502
316 846
958 485
448 782
299 536
375 301
982 511
951 868
398 156
865 739
596 629
267 604
100 580
505 236
48 204
293 219
41 114
938 768
260 788
840 782
378 981
13 671
198 200
880 63
361 710
866 126
188 86
802 484
688 950
782 800
415 609
719 399
994 154
525 194
47 258
782 723
515 52
753 609
239 746
809 279
681 283
705 454
227 902
679 768
487 456
572 18
719 173
893 746
776 329
127 822
224 127
520 572
706 859
700 206
487 686
291 387
135 18
460 189
162 428
715 792
989 345
112 819
404 754
441 204
3 821
788 956
998 280
659 586
399 923
453 669
996 265
45 451
9 118
730 893
310 440
237 859
440 387
39 165
556 977
993 745
301 746
860 639
552 824
682 907
654 524
78 779
927 731
535 826
976 499
208 909
798 844
251 33
330 688
203 130
80 343
49 792
847 794
575 267
541 359
104 492
740 729
304 825
636 922
875 434
14 392
472 511
143 556
37 105
353 332
870 747
631 183
895 780
17 245
715 410
678 226
662 743
442 522
938 631
23 59
231 180
146 211
149 641
121 58
265 880
654 506
892 833
966 440
736 489
102 306
935 792
438 784
36 565
373 961
656 121
324 159
80 476
102 425
6 967
49 96
582 266
944 411
676 987
736 166
866 569
615 214
429 341
582 421
71 928
419 451
668 970
423 419
478 930
718 184
451 50
660 294
897 188
366 195
538 646
557 234
245 846
18 926
396 832
309 33
424 853
155 967
90 960
803 647
933 732
551 797
642 539
627 459
242 87
684 130
744 173
835 246
871 748
450 8
570 873
247 411
113 319
195 740
623 236
330 581
185 714
570 499
679 159
665 885
647 957
796 409
247 185
32 54
402 216
614 991
706 394
284 212
213 234
933 225
237 276
353 511
960 257
320 224
490 688
457 265
653 814
408 835
904 840
84 232
913 14
292 477
735 971
68 996
465 780
886 429
525 185
598 465
771 738
767 506
3 147
166 589
832 105
814 169
616 720
896 758
206 773
828 477
758 794
300 870
961 548
252 166
339 248
895 778
37 577
908 935
318 774
727 702
647 426
972 984
970 653
202 531
132 974
79 363
281 160
121 417
626 702
309 754
326 688
111 826
21 46
499 28
85 859
451 129
915 526
475 7
591 381
404 9
893 101
73 608
497 812
920 39
65 688
410 777
676 556
238 405
938 439
685 682
212 816
755 154
518 74
5 173
530 636
273 749
436 47
976 44
299 273
226 694
65 252
997 475
998 876
947 714
269 458
595 545
771 118
669 873
964 827
832 393
675 300
361 871
322 487
291 588
681 180
442 736
752 889
669 651
446 540
620 447
655 328
700 359
787 371
502 279
676 456
252 842
457 438
130 500
168 63
973 998
283 286
469 711
308 891
23 208
300 955
999 251
747 98
37 404
610 438
866 812
906 599
214 768
13 363
311 74
906 550
889 870
305 181
201 356
757 295
794 467
893 807
395 388
414 480
567 42
969 127
665 38
560 263
153 378
738 307
676 866
368 781
384 34
298 744
815 973
262 71
335 535
604 220
676 753
592 764
314 286
595 899
211 906
592 651
898 710
204 321
82 192
688 190
336 216
450 112
832 774
544 315
800 917
783 84
713 904
290 971
510 168
578 22
355 179
527 70
90 688
449 170
783 197
19 360
367 651
201 746
19 473
517 314
79 713
596 485
9 531
378 978
515 793
933 10
627 797
559 64
520 739
854 139
443 899
27 315
47 269
838 8
141 248
435 551
40 469
116 352
351 667
465 600
175 425
596 521
607 490
205 534
816 453
780 96
34 331
686 154
702 977
797 995
409 930
206 16
736 81
311 739
922 352
449 782
391 935
28 995
12 472
695 117
970 596
115 119
777 728
776 997
277 71
229 451
638 97
451 89
6 813
272 580
238 371
813 179
349 938
669 459
559 843
696 599
324 376
976 549
863 917
333 502
962 486
180 351
649 239
498 134
358 56
584 283
930 251
552 825
966 595
590 273
30 328
786 986
661 490
935 255
905 56
998 677
298 344
908 285
369 157
481 571
40 998
424 325
777 455
282 790
783 347
145 465
398 889
971 9
335 913
772 78
95 145
338 646
448 458
356 707
585 671
503 620
330 308
874 743
13 239
415 687
329 298
610 173
482 792
671 638
339 897
909 53
643 371
135 941
451 616
625 633
143 882
844 989
763 301
888 277
226 388
823 369
36 133
130 222
548 56
415 227
698 909
720 845
906 766
381 270
998 72
799 137
966 746
789 163
629 804
797 632
465 503
376 822
95 577
237 651
497 550
950 9
202 801
96 292
461 212
841 590
76 493
919 939
497 768
206 856
688 247
958 957
604 827
74 64
660 5
936 688
24 223
869 393
160 815
859 239
110 39
419 798
994 586
808 993
280 504
925 24
485 513
159 832
878 40
459 170
631 304
318 227
854 17
294 256
643 744
535 974
247 261
421 250
539 523
155 258
377 662
581 549
882 889
387 183
687 864
65 49
912 534
339 703
280 396
749 376
970 359
73 790
611 248
955 366
179 836
654 435
457 204
463 4
445 994
710 15
827 801
535 80
781 840
22 13
25 287
12 51
782 571
272 192
590 557
205 734
225 224
23 941
317 688
140 847
824 904
880 516
496 829
817 53
211 290
379 644
770 145
805 732
148 305
82 461
360 311
361 2
569 549
73 662
392 626
634 977
289 990
183 510
497 851
940 219
547 843
718 746
186 305
431 529
802 391
968 867
800 684
263 612
639 987
530 637
911 136
330 535
627 343
518 474
596 782
924 773
88 693
353 823
437 642
943 614
578 384
800 906
984 686
622 54
333 962
743 847
764 298
160 408
783 224
861 640
40 958
368 27
592 5
156 972
839 73
805 457
903 824
598 10
221 658
852 820
144 795
625 342
753 793
438 669
240 948
991 291
244 932
269 278
982 546
658 812
127 169
957 480
728 623
767 409
269 798
915 476
2 187
130 100
231 76
433 29
987 658
789 392
436 636
633 14
724 179
755 569
763 671
430 834
801 958
110 726
257 152
758 918
82 507
890 316
370 402
358 73
454 840
315 329
181 512
96 142
404 191
300 504
250 907
94 996
2 622
332 937
613 264
336 300
836 105
521 567
263 426
177 557
416 483
96 603
404 100
8 557
122 232
46 825
910 530
364 632
534 978
540 539
152 332
602 204
329 864
826 404
829 563
167 172
501 546
561 609
661 582
385 843
596 657
852 763
445 187
765 626
930 553
790 817
60 470
446 735
17 493
861 740
277 851
503 395
35 605
610 791
147 636
166 424
657 63
87 942
148 710
294 588
333 54
88 339
269 770
295 774
957 373
221 277
743 132
269 659
41 972
461 747
483 911
858 833
984 700
839 518
515 212
478 682
448 585
250 717
987 412
126 120
745 322
504 336
766 40
988 758
457 638
833 935
387 775
279 813
102 848
251 630
306 845
200 216
642 787
746 561
99 938
618 498
677 975
452 438
988 768
955 457
3 836
632 298
543 326
637 39
125 883
181 1
774 30
890 645
997 175
102 525
30 318
843 569
612 458
578 294
427 286
319 772
947 615
765 308
893 511
252 489
473 492
950 622
204 68
77 722
248 940
670 377
873 627
269 384
347 628
497 423
359 569
839 803
968 744
934 13
645 182
725 504
596 918
502 3
468 919
754 408
41 451
596 395
320 134
709 916
548 724
948 264
689 286
778 843
448 122
467 198
106 522
217 435
1 750
273 129
884 573
810 440
80 661
361 600
677 40
737 789
874 451
193 603
925 778
106 812
987 685
749 582
79 115
335 229
689 992
943 986
12 8
719 131
199 334
838 755
664 538
516 543
426 713
98 570
45 97
24 557
806 924
291 417
883 315
885 457
600 599
508 332
788 366
314 245
99 889
336 357
444 393
506 861
784 509
458 374
833 828
656 711
452 426
555 459
620 882
298 816
924 540
671 497
289 19
280 330
686 726
410 981
820 844
158 367
364 576
129 635
648 981
707 434
272 925
38 144
541 39
264 941
474 545
526 901
798 686
492 179
921 973
702 74
890 490
283 200
726 92
998 977
838 634
530 331
901 812
770 762
476 735
666 955
4 38
208 649
264 139
433 564
390 511
308 732
381 930
772 35
628 431
563 350
486 563
621 172
269 23
763 71
863 243
443 748
749 264
258 219
425 698
383 613
249 30
951 765
171 823
117 31
427 124
819 279
306 382
607 412
990 300
832 922
64 308
338 175
410 288
747 9
876 435
969 23
491 983
130 163
520 615
405 491
387 528
651 463
620 936
126 33
755 691
738 447
991 787
650 525
10 428
733 248
880 660
239 371
441 296
793 3
779 496
293 315
447 326
896 308
200 129
468 920
135 485
915 897
453 706
205 97
759 926
869 202
301 526
733 523
954 840
829 844
42 654
295 112
212 818
51 756
747 883
877 704
753 498
811 222
371 615
673 145
911 139
713 688
667 676
800 796
618 639
982 244
346 858
973 463
282 706
82 816
104 264
30 528
217 47
569 194
751 686
554 406
725 463
677 253
576 529
482 12
175 83
30 818
288 317
394 45
952 788
183 548
865 565
259 492
61 72
338 591
579 535
429 932
286 823
123 755
179 133
752 193
960 414
923 2
597 999
320 125
339 971
526 477
586 328
805 42
883 774
89 545
509 504
491 149
314 646
760 426
633 924
942 508
46 49
504 232
603 820
92 311
222 918
44 434
135 773
767 378
103 145
842 259
951 487
789 504
883 469
166 841
723 124
980 405
788 704
224 965
225 380
998 17
945 923
529 612
470 606
586 927
89 682
897 984
291 377
497 540
501 905
498 303
696 702
101 146
837 302
140 594
470 969
273 339
475 101
521 677
959 287
872 655
120 372
176 134
306 825
552 545
437 33
959 364
906 120
48 320
341 573
298 776
850 717
483 268
48 735
489 611
608 487
41 252
522 59
674 238
68 545
868 991
894 621
971 432
39 480
450 993
878 570
937 497
938 90
316 986
868 159
599 281
711 323
108 276
146 121
184 188
114 645
955 985
832 443
834 138
47 203
692 28
3 135
186 480
759 196
264 323
175 119
130 692
517 312
369 930
729 130
801 541
17 14
39 6
199 802
41 128
346 970
678 340
331 635
226 271
178 419
690 190
322 794
623 952
774 806
500 193
62 840
984 270
624 277
990 484
758 832
814 86
824 978
586 209
642 95
438 186
756 161
870 153
597 575
603 574
34 271
767 867
167 553
740 813
885 500
488 375
219 166
149 159
116 806
429 114
711 957
91 480
402 525
537 254
521 705
828 971
975 660
889 723
484 145
160 551
517 533
95 569
812 471
586 740
614 340
206 749
355 789
925 129
87 186
489 607
146 296
59 29
310 607
919 871
665 636
604 631
882 113
76 56
821 582
151 590
557 583
407 416
815 551
524 65
826 536
504 646
639 752
584 586
531 69
215 564
759 437
366 637
907 838
969 941
169 21
316 220
463 927
623 383
662 523
865 637
575 746
312 857
396 251
988 650
607 133
205 348
386 929
434 564
23 52
463 189
583 156
679 649
448 184
728 977
451 618
178 398
36 48
844 991
6 664
870 859
498 601
779 745
945 193
605 869
150 266
135 226
194 698
376 201
736 185
590 772
148 287
495 192
79 257
598 999
859 805
73 760
491 665
629 979
831 395
542 826
48 42
710 504
286 116
604 23
63 866
724 680
410 816
802 14
169 36
869 38
777 735
694 947
976 180
885 780
780 680
233 685
619 556
181 774
184 22
518 399
43 813
797 220
360 951
108 717
949 257
109 36
570 598
165 274
901 174
80 310
852 572
869 762
621 393
325 604
17 283
365 331
334 810
264 140
411 47
344 122
833 610
190 665
429 959
925 602
13 128
506 210
353 365
559 149
949 783
917 971
884 530
185 633
11 560
799 555
729 363
583 128
676 294
823 433
607 270
809 195
991 751
723 773
300 978
142 634
412 960
273 398
486 124
430 465
993 136
813 413
906 513
211 439
763 866
837 23
380 582
366 529
112 656
224 58
741 587
427 767
581 18
927 58
78 264
270 859
343 291
399 637
867 913
764 531
581 931
654 785
951 209
543 507
513 60
943 860
77 85
629 600
159 627
931 490
492 716
973 27
385 466
647 478
831 141
9 350
674 88
677 791
146 737
530 764
377 997
449 304
892 28
115 667
820 208
830 478
707 401
138 924
46 816
153 890
894 961
401 326
124 180
542 381
854 51
490 878
513 617
327 81
221 974
661 657
683 825
234 199
406 544
647 930
544 385
53 449
57 518
791 695
829 352
79 577
140 459
14 468
435 129
70 145
847 588
832 315
273 539
208 517
887 351
213 892
674 766
911 767
315 785
204 593
244 934
763 450
35 453
606 140
918 280
634 93
86 109
907 572
474 862
904 581
559 399
395 842
951 369
935 844
628 738
940 742
473 393
487 305
70 347
533 913
137 864
192 501
893 691
183 137
691 544
558 431
138 282
11 24
769 559
456 185
811 625
993 886
819 814
290 32
2 620
538 842
965 393
276 226
565 804
413 87
290 258
937 837
595 629
472 572
255 787
73 867
366 472
977 213
155 561
55 804
811 74
647 736
260 120
17 705
750 45
699 753
118 299
213 77
415 769
471 901
168 439
721 490
904 86
835 638
393 345
146 137
517 406
243 971
766 801
689 203
756 147
145 71
169 73
907 476
66 963
416 766
202 3
610 132
431 412
761 272
279 133
691 745
191 841
246 351
297 181
719 395
173 275
853 721
563 565
213 626
990 346
900 614
25 292
278 54
378 546
185 686
883 515
443 98
814 87
598 766
341 855
400 863
59 50
561 404
427 819
62 939
750 960
491 559
755 874
854 894
335 982
727 464
653 461
215 316
396 634
842 518
178 845
756 64
206 929
888 184
906 827
118 133
323 903
819 778
15 581
16 557
24 40
45 430
980 767
858 387
34 65
759 577
636 268
341 984
270 476
932 969
566 701
847 912
873 855
694 839
631 994
271 50
328 604
848 403
940 451
305 393
484 839
807 701
267 683
967 922
365 68
728 259
115 43
507 159
513 544
221 901
611 261
469 299
532 491
184 345
169 139
612 185
981 108
739 54
577 183
333 793
317 116
106 362
621 198
252 943
752 222
83 683
445 272
581 789
931 633
605 626
74 490
420 242
594 741
352 664
437 637
458 89
464 869
718 642
918 448
921 476
39 809
26 248
653 45
183 930
40 436
847 459
978 358
904 541
335 231
267 335
822 543
35 251
935 788
992 822
752 8
997 555
145 446
781 179
18 836
533 969
606 753
845 615
768 758
306 525
234 566
699 46
404 130
171 649
856 49
925 785
662 257
96 328
224 893
206 957
262 115
708 455
710 637
290 104
897 176
69 586
989 319
993 559
194 972
638 787
343 237
423 21
261 330
462 709
33 443
517 921
902 205
741 123
547 654
612 488
481 890
542 503
105 618
199 272
274 233
954 519
21 940
950 307
753 135
8 84
282 543
230 889
564 105
934 47
204 840
705 636
435 164
181 584
829 460
939 532
943 68
567 937
469 461
127 289
631 881
389 652
268 854
587 247
606 145
918 381
95 404
871 311
473 676
936 76
40 1
922 995
676 182
163 477
18 584
990 274
849 686
757 45
961 568
512 794
461 689
615 16
802 623
107 761
788 558
41 667
23 543
374 817
927 37
784 317
550 788
457 939
980 267
213 522
559 558
195 251
12 483
76 558
297 963
836 112
837 729
403 487
58 144
684 60
409 554
360 472
966 774
453 849
20 212
688 150
247 341
285 56
142 675
536 106
419 686
919 825
42 287
777 832
477 367
190 239
543 681
886 607
342 58
81 332
506 307
949 499
952 73
165 420
464 56
422 93
997 455
915 428
478 701
905 198
669 869
857 253
584 899
769 823
679 268
260 644
98 235
560 999
344 87
92 973
292 287
23 409
904 921
812 770
230 583
526 48
639 489
126 564
588 857
383 175
633 832
540 148
264 391
801 736
877 437
808 196
793 560
95 392
276 302
933 372
428 68
795 383
961 619
413 752
880 616
600 324
84 861
362 27
683 932
792 612
210 87
970 685
801 311
21 221
301 829
231 700
750 916
56 640
773 474
606 600
160 686
50 718
16 962
279 358
76 594
902 472
211 545
285 506
802 196
716 514
721 924
355 618
547 872
567 373
290 259
589 157
910 677
388 884
445 613
284 293
465 44
473 356
399 20
976 125
78 461
741 179
820 774
233 612
731 485
74 928
626 245
130 846
802 865
332 104
687 598
941 962
123 85
216 433
713 262
271 255
368 348
923 776
562 988
928 222
437 532
943 286
57 656
456 862
751 573
592 346
773 827
813 894
890 147
304 786
322 455
142 362
184 579
887 290
487 144
270 637
936 486
349 175
101 798
951 694
365 709
178 132
723 847
814 989
438 926
991 550
26 20
979 166
227 909
546 863
13 314
182 403
809 427
884 873
331 859
758 838
101 577
965 40
823 158
681 737
617 739
870 159
84 736
126 127
42 768
614 144
870 110
196 9
90 532
495 31
633 506
414 83
850 909
543 434
124 362
346 220
421 486
302 899
466 533
68 865
803 750
290 295
994 819
884 451
119 342
822 969
158 374
90 72
808 915
627 355
406 796
958 217
816 754
358 873
753 684
459 130
482 353
462 827
162 966
958 59
961 501
544 347
583 858
621 419
825 358
6 400
227 412
764 365
178 840
571 995
329 460
957 210
316 222
613 592
265 520
450 532
948 267
145 34
588 786
916 873
888 972
13 450
407 102
448 125
306 119
397 140
93 285
408 667
653 987
229 908
639 310
107 97
628 517
166 602
259 196
727 947
896 735
567 938
552 129
680 86
405 355
468 453
396 426
776 628
951 440
59 224
352 86
210 908
585 168
162 747
823 226
625 863
241 866
779 376
928 926
357 860
174 386
323 836
181 988
491 522
115 166
22 310
7 38
689 75
300 847
438 422
116 772
44 41
689 420
411 602
253 509
703 123
457 744
617 592
634 808
824 556
402 766
259 795
298 831
392 440
466 761
622 356
380 87
346 35
369 450
77 913
596 903
135 832
362 125
11 459
591 728
545 432
503 8
289 370
635 201
835 283
434 480
967 782
218 315
271 311
994 680
252 750
695 940
331 249
117 728
969 591
36 658
950 794
610 875
727 125
888 889
597 95
592 433
689 713
680 788
774 962
302 596
396 104
69 153
453 250
678 493
737 935
315 9
983 702
253 861
382 35
20 546
850 273
832 780
542 747
745 509
598 807
927 407
710 813
417 458
497 740
593 745
277 46
525 376
124 605
250 768
550 789
582 432
183 212
165 143
98 844
86 513
927 181
388 627
315 693
957 894
447 464
12 627
15 700
971 730
328 808
771 742
335 687
543 394
513 931
487 800
381 317
220 637
114 216
588 932
214 135
52 294
18 402
860 897
829 954
498 202
636 420
48 645
718 245
431 642
455 248
760 632
622 98
308 494
220 818
773 36
130 681
838 970
765 618
14 184
626 432
296 445
541 185
657 932
131 269
902 746
49 948
620 293
53 624
330 983
630 330
558 535
217 383
127 196
93 499
814 492
456 656
335 846
227 515
11 606
867 244
918 393
944 532
88 490
936 184
594 972
339 155
529 831
884 172
366 576
115 832
889 311
372 81
231 814
215 421
755 656
93 777
421 786
943 214
871 597
305 313
146 895
453 385
736 99
755 769
457 582
21 77
466 780
323 941
884 529
483 60
752 920
548 417
534 756
665 331
815 953
363 885
233 841
410 14
275 428
939 816
333 350
299 82
281 707
545 286
53 111
116 522
575 174
212 960
360 211
68 556
252 449
626 242
812 675
265 416
878 484
973 496
170 495
557 753
373 740
542 351
142 692
527 41
568 182
131 472
96 923
647 896
728 444
449 173
157 51
17 481
682 469
103 859
73 627
249 264
40 484
269 203
34 830
772 230
574 174
779 770
100 721
268 261
235 954
36 825
609 447
634 12
320 92
472 263
625 455
697 978
813 688
763 568
301 348
784 954
610 484
146 326
460 943
779 625
853 576
184 798
451 512
624 264
272 253
624 226
140 882
831 813
301 126
763 703
837 92
152 658
220 114
292 839
840 400
205 738
172 124
513 344
396 628
609 503
168 747
978 196
262 149
428 165
949 965
34 714
944 203
138 950
121 702
217 575
713 386
343 203
312 357
55 759
77 27
885 644
911 302
987 92
384 801
955 570
902 231
869 400
372 664
394 454
358 927
108 966
784 579
688 302
411 649
899 652
347 475
385 826
833 400
890 611
891 134
269 444
978 440
331 79
833 257
84 397
13 951
820 57
549 709
90 282
881 61
702 61
260 208
248 654
748 811
269 158
861 708
588 956
131 325
28 203
446 504
222 334
821 514
661 937
10 993
804 715
737 696
130 262
900 294
541 564
925 917
433 383
515 905
956 13
939 857
245 498
178 397
452 828
314 701
225 110
68 492
97 525
874 994
707 719
230 72
214 845
569 818
954 380
7 400
905 284
38 859
309 664
571 253
940 974
656 207
971 928
143 605
614 12
64 1000
820 699
379 477
505 778
181 335
474 507
17 460
519 27
674 448
968 253
310 796
294 433
788 321
637 199
985 542
470 214
933 710
237 825
789 866
994 980
333 358
237 622
142 884
259 568
722 598
280 509
318 21
216 507
95 845
631 271
69 802
985 425
142 918
610 518
536 861
422 134
544 376
908 761
178 922
855 948
344 17
255 664
443 514
743 695
321 809
946 407
985 75
291 598
739 84
117 328
946 358
855 666
624 916
941 917
169 391
444 31
299 772
178 79
398 632
645 473
179 843
645 446
206 432
922 993
830 558
305 929
72 948
684 619
757 43
334 276
369 584
310 269
58 346
281 57
706 874
766 394
253 205
737 128
422 858
651 336
779 359
825 549
883 283
314 34
685 113
880 119
802 847
659 682
550 869
55 281
855 310
913 977
272 641
104 944
341 557
841 621
438 624
494 5
149 438
412 585
891 499
221 847
46 806
569 379
881 697
293 539
590 291
260 340
857 432
622 240
238 249
315 880
527 423
281 709
234 864
146 510
293 381
555 102
169 807
646 307
74 831
229 555
968 725
255 559
327 82
437 574
574 81
702 106
526 788
344 426
680 580
813 792
874 387
203 231
468 971
341 323
882 745
762 947
1000 612
430 395
843 158
867 276
500 459
304 386
909 487
571 520
899 17
666 300
403 830
50 57
197 422
427 300
308 833
300 945
249 943
514 283
685 706
211 487
686 824
625 661
239 445
629 197
172 266
779 306
926 679
598 832
236 718
692 317
148 355
673 644
307 985
550 822
111 868
941 81
798 891
600 531
30 154
909 653
270 677
419 29
591 351
99 949
171 352
907 436
690 572
531 512
708 168
358 609
190 318
603 3
821 504
273 562
458 766
612 467
977 202
561 523
158 427
990 592
203 782
88 614
508 94
640 341
401 295
275 250
406 592
377 736
490 833
324 853
564 35
359 609
868 505
834 313
805 636
625 228
661 916
990 658
994 435
460 635
27 56
874 653
801 529
415 689
718 826
75 788
925 290
264 421
377 28
412 613
749 716
326 167
663 252
740 913
402 132
672 657
842 65
201 95
98 305
440 221
254 468
862 279
75 707
372 7
634 350
908 43
264 253
841 24
1 321
789 280
811 688
115 863
78 834
791 499
671 964
448 590
270 871
462 419
68 62
187 944
202 932
594 98
99 818
410 681
250 936
343 85
399 295
368 815
993 512
120 404
907 464
54 155
171 477
355 648
211 940
840 902
768 41
203 972
590 232
294 485
557 417
840 16
871 705
325 962
15 405
826 450
705 563
651 693
928 286
414 557
626 23
902 774
725 673
462 825
916 678
976 377
138 546
161 643
200 887
611 407
441 627
761 614
130 653
796 35
193 18
48 827
112 896
450 739
911 786
22 575
630 256
616 334
544 59
361 801
51 29
490 583
365 389
187 621
919 148
615 549
635 363
653 840
567 646
195 63
735 988
4 508
79 856
83 285
502 337
268 441
643 223
230 367
925 773
398 703
465 702
466 401
598 686
879 999
241 919
348 109
629 12
866 750
685 362
617 588
391 227
512 928
766 367
89 831
496 791
595 5
140 816
841 901
381 68
650 397
520 686
353 739
814 848
983 875
96 425
580 245
906 380
488 165
822 94
682 529
376 538
898 537
729 281
703 862
595 577
501 850