964 266
289 22
128 447
436 931
985 541
350 617
446 92
194 237
749 674
552 795
57 163
786 188
678 520
208 977
263 452
629 647
873 961
530 418
813 682
968 555
221 885
579 883
542 261
161 318
354 201
304 454
264 33
622 934
163 752
700 628
522 672
248 683
598 159
123 381
235 871
14 581
844 315
477 830
955 636
189 106
905 393
981 254
587 27
94 57
795 118
779 845
9 557
89 351
400 222
734 105
422 384
631 739
504 866
399 901
92 697
718 669
420 96
10 740
374 763
714 76
804 485
645 762
596 104
597 657
71 718
475 890
960 246
889 208
217 834
83 9
953 750
202 538
167 540
29 603
512 571
181 384
254 206
326 683
25 172
102 898
250 881
665 508
722 247
813 204
581 816
758 857
394 189
180 366
994 774
612 681
426 234
225 232
548 621
418 406
38 983
156 262
756 712
99 711
662 126
47 623
134 632
158 332
125 935
707 326
223 366
518 395
838 953
177 886
198 536
75 303
109 4
365 154
972 134
1000 289
97 499
174 576
602 391
640 616
825 412
478 90
795 820
504 561
485 914
35 747
786 81
49 794
136 358
107 470
491 106
844 686
814 498
482 875
744 618
819 88
876 95
715 347
68 711
115 236
667 28
853 313
191 934
237 417
36 997
93 244
741 824
425 554
407 654
927 343
857 559
302 386
605 202
182 293
40 286
604 262
932 285
956 395
561 509
64 563
822 484
440 546
148 211
600 532
275 720
148 66
385 272
607 960
617 64
159 595
823 744
475 774
174 696
349 865
116 540
924 577
122 721
584 486
308 174
20 346
388 308
389 107
800 718
13 687
894 918
717 135
873 921
530 490
821 153
750 49
440 686
76 96
369 234
872 223
711 318
345 715
222 68
844 413
956 551
189 176
83 949
209 658
448 374
691 306
48 784
308 738
436 479
365 271
482 45
100 588
943 392
415 547
681 153
316 164
154 315
407 95
246 173
781 366
395 575
925 471
257 562
224 459
309 865
459 692
65 285
909 10
682 317
776 449
321 548
250 386
641 965
18 636
81 752
776 592
378 558
309 992
439 125
174 250
488 541
298 889
803 198
549 470
336 593
941 44
858 762
658 718
970 716
510 285
148 256
96 49
884 10
477 460
408 237
430 578
474 370
37 868
232 288
90 898
256 80
603 320
803 258
966 818
55 753
938 487
977 11
641 220
128 393
898 677
929 89
640 20
380 189
273 286
863 688
829 992
830 267
902 884
480 779
262 727
68 514
821 76
234 790
109 426
381 709
475 512
725 672
428 890
30 706
860 661
226 278
773 122
691 737
52 941
829 307
591 916
873 663
123 336
532 614
630 257
575 640
615 815
302 284
886 46
100 759
106 628
499 652
680 827
865 481
974 701
256 481
581 485
672 335
925 915
412 586
608 572
291 248
910 642
500 34
983 663
469 873
735 514
519 593
885 177
289 632
440 195
474 564
475 277
150 271
873 362
139 26
75 721
107 686
118 764
399 612
71 779
112 760
774 432
188 549
73 10
376 829
283 795
950 145
737 324
556 248
775 30
77 172
205 119
266 461
51 881
951 414
971 640
241 419
247 333
673 798
656 588
87 228
841 106
843 586
660 12
721 106
222 590
157 22
985 653
917 970
694 807
678 664
777 185
6 293
890 530
561 594
363 551
473 466
146 408
172 708
123 30
937 460
332 258
402 89
86 241
382 648
957 130
83 621
493 674
424 439
636 950
870 128
950 420
697 558
847 740
4 322
44 791
347 469
691 8
141 87
891 880
960 39
553 184
112 344
993 417
921 444
261 931
500 151
28 638
158 565
14 569
644 656
123 809
179 619
258 358
222 591
116 470
997 587
338 56
158 727
234 121
325 334
866 610
371 128
867 775
729 391
983 921
451 248
287 902
789 192
883 285
152 187
102 899
898 472
82 343
160 757
12 622
632 249
851 601
466 585
931 401
593 242
977 83
766 101
392 343
216 699
52 289
815 214
618 900
898 877
901 346
595 717
195 315
986 82
114 441
276 920
302 664
138 921
912 828
444 884
592 84
919 539
812 585
194 400
235 548
442 918
575 506
616 233
138 763
839 433
255 702
653 992
39 681
80 422
355 236
875 485
89 408
951 904
753 897
131 159
174 803
856 438
692 804
588 853
717 695
773 681
925 938
78 241
892 675
481 387
114 863
809 23
139 614
841 256
255 242
374 502
390 565
211 120
893 620
664 80
729 612
748 320
514 136
111 871
992 242
49 87
231 811
453 636
449 826
617 79
324 702
93 695
580 191
988 900
256 117
186 506
274 557
599 866
746 210
634 382
414 138
292 738
21 300
818 917
559 812
656 517
642 544
77 965
523 247
176 410
124 32
682 924
704 896
190 143
122 577
40 724
38 835
134 438
790 857
864 693
518 328
578 511
891 108
589 71
148 649
835 613
953 125
943 395
235 814
130 654
156 862
325 817
821 604
202 12
519 825
22 883
792 846
922 773
631 821
512 892
914 417
88 286
283 754
878 769
64 451
766 742
667 841
440 882
206 281
689 833
62 989
908 37
896 688
680 156
220 77
681 741
851 213
670 252
361 417
490 199
715 898
789 427
496 892
627 256
542 945
390 450
873 286
339 406
920 329
205 449
245 960
361 195
604 9
632 618
402 519
590 972
358 823
964 129
893 37
587 838
129 886
630 952
635 594
686 594
321 494
531 655
197 655
254 624
973 222
261 226
393 58
808 919
238 196
123 132
198 726
43 967
228 329
467 659
730 23
161 272
786 850
743 78
809 668
836 828
428 778
451 479
569 252
237 406
441 625
815 259
230 801
377 371
485 856
346 574
4 216
728 266
919 150
387 97
374 499
896 965
420 255
59 425
443 822
373 57
351 91
302 362
455 551
226 319
637 958
429 25
641 593
70 277
533 611
625 706
954 392
917 260
776 732
766 365
750 886
434 576
275 956
764 747
284 822
931 9
145 908
833 134
230 169
559 530
54 91
152 207
797 737
907 97
820 646
710 630
822 92
879 421
21 499
885 756
525 899
694 26
806 704
263 491
983 56
824 415
56 714
8 748
371 656
191 133
618 755
985 652
255 982
823 576
578 261
125 626
273 649
257 677
901 7
450 803
52 19
134 828
553 594
645 2
77 576
856 701
70 651
696 38
805 332
277 803
100 341
47 126
195 811
288 391
161 911
36 749
917 868
669 457
207 324
781 181
602 626
465 171
295 993
114 824
300 569
729 365
990 132
760 405
888 714
727 851
272 169
10 629
861 26
534 160
644 544
187 55
903 277
392 909
487 163
140 839
514 84
276 263
22 359
259 71
889 962
603 636
250 255
827 116
650 647
63 942
899 205
513 133
287 790
185 820
441 162
573 729
280 96
10 137
928 668
46 587
72 450
879 441
868 686
996 379
523 125
390 180
587 782
381 313
475 828
468 585
225 789
817 489
746 401
216 700
60 885
43 97
946 882
712 400
548 766
825 87
311 932
956 124
904 322
65 858
262 668
855 887
566 462
721 375
703 163
212 654
262 835
694 546
844 123
521 40
309 691
70 759
915 288
505 222
216 103
715 127
878 665
862 226
437 989
593 607
596 458
562 742
601 116
840 796
749 340
147 616
5 522
961 844
709 742
719 271
481 39
687 211
676 320
255 253
990 352
357 557
799 410
177 191
860 864
291 179
241 972
992 772
496 627
638 257
875 945
732 862
932 392
145 554
50 162
567 140
168 612
97 322
704 342
281 139
689 6
512 537
241 703
730 589
12 444
162 497
293 841
989 508
883 105
741 331
778 199
617 949
428 332
945 894
530 804
90 863
206 873
462 663
416 507
219 494
314 406
389 472
781 966
817 533
787 333
533 305
578 730
449 278
864 678
772 686
789 520
955 752
616 40
941 829
636 59
564 264
674 856
859 348
769 628
592 49
310 660
494 497
132 156
522 772
997 486
817 832
765 522
587 374
633 26
826 766
928 66
109 887
91 660
294 779
706 459
635 467
12 700
740 702
580 939
905 455
778 863
35 534
978 602
412 608
16 441
739 131
645 542
558 785
276 643
418 223
230 326
602 989
433 721
420 442
115 514
188 846
580 728
945 333
524 199
932 93
663 698
832 985
797 841
908 38
953 699
917 336
884 997
662 140
519 269
866 555
25 249
427 829
98 223
340 966
270 789
239 176
831 152
738 721
977 367
25 874
634 942
862 997
655 738
177 359
284 950
405 895
869 186
408 918
105 197
128 28
609 725
630 953
21 335
360 21
876 965
212 298
347 305
664 109
498 191
464 499
873 857
621 747
379 128
161 53
713 736
192 693
459 296
251 474
872 31
998 853
289 361
199 298
806 278
898 965
294 250
539 290
43 966
891 154
998 850
30 704
658 281
470 283
506 680
825 248
757 765
502 1000
677 412
326 314
778 529
636 829
911 799
143 641
610 832
518 599
44 926
226 89
292 703
320 209
183 613
814 441
62 418
925 992
14 257
877 487
629 326
782 943
424 251
652 387
601 477
508 785
839 815
71 449
199 652
862 468
362 186
842 96
165 669
774 773
746 708
784 41
947 487
487 486
445 332
277 557
520 627
85 703
102 187
894 167
658 673
589 651
719 56
686 179
444 554
48 195
258 674
388 757
139 516
278 673
424 244
642 286
214 547
385 301
892 688
870 633
210 314
410 648
694 104
185 778
129 800
738 868
152 127
866 191
708 92
301 546
436 831
185 249
579 457
302 928
17 976
454 687
384 769
575 157
683 759
156 317
229 849
385 745
904 423
760 609
500 329
708 205
947 587
730 121
554 299
691 886
701 945
892 213
321 554
722 470
734 528
238 963
61 338
189 133
118 277
185 122
330 813
256 664
353 388
282 904
748 779
291 602
22 990
169 122
136 333
579 547
321 855
305 618
911 736
770 532
671 724
701 12
776 189
245 176
853 433
636 551
400 924
303 848
12 87
566 990
663 176
300 928
504 869
511 162
66 488
957 324
952 702
957 693
540 451
413 663
620 785
733 46
789 492
519 695
98 615
136 792
546 755
804 175
789 349
883 366
51 427
442 104
996 695
936 168
82 51
945 119
712 838
548 212
431 366
381 101
533 856
880 652
52 133
573 615
799 304
379 524
324 411
522 346
229 2
737 471
811 808
276 600
842 277
600 857
216 782
822 168
397 984
289 55
34 765
976 151
575 177
152 377
825 271
47 616
194 204
13 648
341 779
860 569
402 897
160 241
744 2
210 255
636 16
267 745
364 819
384 523
449 43
769 937
753 165
222 288
973 600
920 540
394 847
895 539
293 91
377 298
730 165
575 730
559 193
652 613
179 345
877 286
805 65
607 181
408 681
338 470
748 13
253 681
913 992
754 698
791 3
580 854
525 211
453 72
168 184
418 672
390 698
799 298
647 64
625 649
116 52
946 461
124 527
839 682
36 341
296 570
6 901
729 785
444 722
727 453
286 149
880 680
849 319
8 873
79 454
724 521
276 122
10 170
229 38
397 794
713 489
807 339
864 779
224 682
902 109
923 898
466 555
954 243
293 938
938 401
167 65
423 219
108 991
968 904
842 929
235 633
619 564
890 729
483 133
543 651
947 530
341 815
12 961
470 397
679 123
39 408
373 638
502 786
873 926
696 897
847 577
644 353
797 157
359 524
250 90
513 590
271 362
221 555
868 278
869 571
907 850
587 454
644 135
296 301
423 748
27 143
446 542
654 88
143 575
288 337
679 447
203 334
810 314
154 262
1000 580
576 787
944 983
613 335
250 160
435 384
454 492
25 301
706 908
875 15
948 881
76 936
257 834
535 147
296 760
813 333
634 346
884 551
325 371
257 243
168 434
262 364
486 142
567 147
490 197
145 934
699 27
883 294
332 736
791 491
279 695
893 961
197 986
182 38
76 541
239 179
258 590
872 580
10 255
410 838
253 467
254 916
208 316
962 589
610 86
251 766
253 324
968 804
223 636
495 507
319 41
986 502
950 325
698 418
384 806
77 999
410 667
545 317
843 560
290 656
332 59
78 563
82 974
138 972
431 321
512 209
345 128
720 410
699 677
574 819
537 590
208 888
248 949
725 685
137 140
496 131
186 650
653 529
545 136
531 77
145 250
347 764
938 969
544 448
263 986
472 91
933 242
764 179
389 512
504 620
862 187
645 351
795 110
870 742
670 802
32 882
862 74
274 723
518 886
153 930
248 480
690 203
469 532
663 28
757 161
832 24
579 27
563 920
231 62
268 4
435 525
878 803
469 682
311 230
5 867
64 289
727 830
361 353
128 526
862 759
460 966
300 772
374 58
344 704
71 887
920 393
339 455
489 86
73 279
715 928
572 815
349 738
649 748
201 298
305 324
876 757
823 926
902 267
153 312
717 577
858 511
181 330
388 155
366 660
572 525
205 116
388 532
7 194
48 433
603 417
142 607
15 727
72 264
918 720
393 971
603 478
877 723
879 133
574 717
316 709
9 187
208 32
724 250
655 788
165 562
915 187
399 74
204 18
613 954
209 428
617 319
303 430
30 658
363 627
234 777
952 436
769 514
759 497
319 688
360 959
679 144
972 158
646 475
722 885
726 85
658 397
677 447
951 816
146 185
956 327
111 704
739 202
765 930
271 467
38 506
496 397
904 996
66 915
175 55
624 905
880 483
18 782
296 116
482 835
800 292
654 131
213 977
841 408
640 723
314 632
549 423
250 342
801 846
365 647
794 177
395 111
717 923
379 963
704 174
232 588
187 234
49 170
343 725
605 226
644 546
810 822
941 224
210 106
841 980
954 285
558 411
279 654
278 450
874 20
305 279
509 47
185 969
917 504
244 470
562 875
832 544
227 438
907 62
546 466
949 919
492 806
698 137
711 893
974 485
560 105
38 425
621 912
181 223
459 405
481 650
968 877
54 502
111 259
169 520
812 832
228 45
33 201
535 774
940 386
782 357
488 321
472 838
899 715
629 295
830 81
691 685
543 948
199 130
612 233
114 633
726 113
769 776
455 421
593 716
298 480
448 413
711 116
448 12
126 575
623 713
917 902
201 694
22 874
669 561
304 587
179 829
112 232
40 85
594 676
870 569
435 468
348 819
865 159
495 588
616 823
303 597
16 125
310 371
476 111
921 270
300 829
173 201
374 586
288 865
440 968
79 163
84 715
927 113
253 236
344 696
77 446
166 977
742 432
764 728
466 887
309 731
771 554
955 217
775 978
297 919
484 279
176 32
765 226
767 596
440 661
333 118
831 459
392 536
147 270
628 221
725 965
449 714
450 165
916 315
604 838
197 640
116 536
379 230
199 435
458 763
575 212
797 122
191 223
359 809
323 495
342 89
109 355
943 838
449 389
878 494
910 527
611 273
60 633
995 142
464 710
545 227
166 117
691 252
153 807
806 37
305 544
412 348
878 164
709 567
162 794
578 711
255 133
886 113
433 341
628 552
754 735
956 103
153 886
118 798
232 985
429 161
982 951
235 222
255 147
239 766
91 418
594 539
611 907
758 814
619 116
654 405
897 139
918 94
384 477
148 558
166 787
44 399
463 375
690 409
14 871
681 746
576 464
903 351
764 653
11 943
345 809
291 399
720 747
496 895
353 730
393 611
600 581
339 411
362 792
181 452
376 916
935 244
234 350
147 445
167 774
439 573
599 771
30 10
68 985
161 233
767 729
552 518
203 626
703 801
650 447
997 68
89 163
198 811
497 226
613 52
512 979
716 259
368 657
875 905
336 191
356 178
688 596
431 320
373 422
901 32
117 939
248 950
629 781
270 113
57 868
907 431
711 286
646 610
677 410
716 112
77 554
668 243
852 912
728 414
394 772
606 387
679 461
633 551
423 659
341 262
472 459
507 877
630 180
431 227
411 937
245 218
562 684
818 770
984 38
303 958
487 173
986 764
22 786
889 495
887 652
466 360
448 227
90 626
984 469
782 776
698 719
502 975
446 829
484 590
567 931
550 695
952 674
737 924
6 657
334 258
135 29
966 455
715 581
534 155
809 392
519 589
131 660
905 957
837 58
310 426
612 894
519 738
709 240
710 843
380 682
589 538
310 69
81 771
10 257
641 481
291 355
527 188
632 114
63 772
984 815
876 773
91 455
310 871
28 179
538 650
160 604
233 890
128 506
147 326
884 447
482 20
765 396
87 224
623 18
589 94
220 519
759 722
122 533
727 48
730 980
612 400
734 903
268 903
210 306
458 951
661 644
976 346
954 16
815 435
13 981
623 470
442 865
818 848
207 809
388 399
984 228
838 643
531 217
536 358
938 829
624 906
42 531
882 590
688 923
49 611
875 283
967 331
329 243
679 727
421 291
904 707
616 589
197 368
322 808
625 385
398 749
790 307
370 816
46 35
124 775
767 127
624 199
951 356
273 389
274 982
847 439
727 733
28 745
638 488
328 147
755 524
889 854
482 644
690 417
12 181
859 634
480 429
205 832
515 423
24 330
99 782
542 908
881 555
513 154
769 48
842 582
499 153
465 89
730 743
720 696
624 51
937 967
828 900
8 941
6 72
979 528
266 493
105 131
68 785
531 603
200 361
57 480
416 321
630 790
223 452
599 41
947 568
33 200
949 74
789 753
724 502
172 533
475 880
199 236
590 627
963 691
584 572
369 850
999 730
781 611
251 338
549 647
700 533
41 859
533 712
65 490
739 117
877 139
383 198
311 613
593 604
62 489
74 475
892 703
276 86
164 168
93 350
735 787
944 956
652 325
637 769
598 521
995 90
838 24
325 123
733 366
165 706
618 566
746 651
491 823
602 887
736 429
898 116
476 104
837 629
2 86
906 603
135 895
324 180
202 630
606 806
129 418
262 390
429 495
633 373
210 222
106 415
146 886
382 288
96 153
780 805
251 615
713 286
937 914
664 886
150 533
968 172
282 291
73 520
115 909
586 758
221 861
223 427
51 730
87 168
53 104
667 625
707 487
946 789
284 428
30 344
221 775
534 856
260 453
725 663
427 444
449 388
605 929
994 479
97 650
651 621
946 631
618 911
213 84
655 109
658 323
565 132
351 186
763 42
527 167
127 387
147 683
777 288
134 871
984 220
560 925
839 38
1 878
40 788
830 831
210 604
984 75
567 696
130 317
499 582
874 518
304 91
982 581
895 236
71 812
629 272
39 828
285 898
11 627
691 245
415 477
418 595
162 345
164 83
165 742
550 150
443 12
955 979
304 342
358 153
535 173
993 94
566 938
337 402
690 406
858 852
182 282
495 207
491 328
376 792
374 966
68 149
859 674
394 524
673 698
709 172
128 241
220 367
29 655
341 653
451 69
789 117
538 695
76 745
644 421
449 548
67 117
911 390
937 799
363 875
938 371
816 795
946 934
517 504
893 259
919 889
132 349
460 66
869 490
856 903
450 936
512 211
968 565
476 936
114 509
152 546
706 153
105 981
69 823
493 919
815 414
156 105
455 479
937 356
815 271
853 184
229 766
490 574
696 253
736 954
458 208
331 162
61 21
1000 531
787 926
895 930
752 180
481 358
443 733
641 794
611 200
424 254
316 655
540 212
409 334
670 947
585 997
274 608
749 571
697 864
827 785
311 224
131 774
334 259
581 258
444 685
840 388
657 306
969 96
607 562
221 147
663 508
957 543
119 936
554 805
510 662
773 447
714 889
606 766
534 11
404 804
850 180
614 293
451 259
823 107
145 896
426 298
901 941
745 299
773 960
695 173
958 673
775 21
746 135
180 737
827 330
370 179
190 414
327 547
474 117
38 594
494 112
841 573
427 73
729 284
755 141
81 462
191 129
796 956
949 117
787 390
647 658
119 163
545 72
947 588
161 327
159 820
674 927
790 773
772 496
557 818
961 425
579 774
400 85
786 212
880 263
520 504
43 709
114 594
499 992
83 737
155 60
705 576
930 838
708 842
216 590
829 52
483 366
856 999
205 799
96 2
301 268
704 120
399 899
148 641
791 105
317 994
106 887
896 707
36 94
112 428
371 361
333 996
261 104
867 701
923 639
555 868
665 164
957 916
193 975
358 387
590 878
439 838
116 241
873 474
655 694
59 220
475 18
529 663
533 71
202 841
521 519
115 424
462 139
603 222
894 642
396 793
570 60
955 522
744 359
629 691
690 885
507 387
204 417
557 483
744 246
7 966
66 414
872 136
845 424
204 48
820 218
603 218
751 834
459 66
632 698
592 34
85 132
910 463
531 22
492 138
937 275
739 155
612 235
958 507
377 702
878 306
956 648
630 467
250 39
160 259
976 716
87 696
236 22
989 743
489 803
356 655
506 252
913 84
181 669
129 452
871 801
448 189
149 664
131 488
348 670
754 697
593 693
733 133
545 754
272 122
201 932
115 554
866 846
443 995
373 366
598 633
314 892
334 379
652 164
67 604
49 505
184 948
793 970
965 204
569 883
438 68
150 456
949 632
491 714
846 496
855 354
802 874
894 476
966 953
94 976
699 222
862 894
630 471
902 465
885 519
355 516
465 68
278 504
453 622
158 97
584 144
718 89
389 435
731 222
162 239
24 244
157 40
398 306
113 820
755 325
939 122
423 933
52 177
215 711
454 517
381 571
162 503
555 42
539 673
26 788
781 676
178 635
655 255
824 185
53 265
882 979
869 727
946 628
882 540
216 297
161 760
803 825
717 995
132 47
269 370
515 614
787 781
147 682
577 161
344 60
397 14
189 841
782 899
183 690
64 58
652 411
890 122
856 6
821 712
308 957
628 554
131 924
259 211
939 885
839 980
59 366
41 943
559 144
631 598
979 177
230 469
456 402
3 359
166 785
120 991
961 767
249 829
693 788
133 807
144 319
625 682
605 350
757 413
618 181
396 148
547 243
79 310
228 988
817 105
302 204
158 931
505 901
159 142
11 143
661 57
902 445
154 701
732 354
110 314
989 589
113 685
243 343
116 975
640 122
910 587
309 64
882 130
775 359
464 503
655 829
363 763
555 249
77 885
171 240
778 424
800 736
46 209
425 381
961 339
800 863
144 659
217 963
659 20
146 449
424 675
886 919
268 620
70 672
472 175
627 569
460 432
373 881
669 804
265 678
40 866
972 347
741 105
208 552
709 920
130 116
675 776
639 475
621 188
770 524
473 982
79 688
464 849
1000 931
14 261
512 487
942 353
923 305
339 908
805 151
588 745
406 34
524 833
945 284
795 695
692 575
623 993
278 1000
67 903
19 869
676 235
14 982
788 941
727 810
576 399
709 491
977 771
241 793
223 921
258 271
927 928
372 145
634 748
599 594
598 899
811 546
560 866
210 167
159 354
626 543
655 142
371 968
620 749
936 692
760 792
141 949
366 188
549 594
391 557
218 127
539 843
388 821
873 825
324 615
950 727
609 983
405 738
930 387
787 502
793 974
845 276
708 540
912 869
587 677
865 859
312 837
541 900
992 160
579 839
570 716
404 790
345 26
852 950
924 75
981 22
527 158
787 837
881 162
368 123
723 579
761 500
78 974
796 141
579 551
429 948
985 252
142 299
491 391
365 610
829 51
242 434
65 302
486 702
987 999
610 66
495 708
154 492
926 774
66 688
163 374
560 706
852 106
430 192
892 891
535 103
23 819
852 473
396 327
275 878
482 642
727 588
914 791
629 154
444 714
438 22
106 441
343 308
401 981
348 366
902 353
211 670
620 578
534 374
863 393
336 317
393 778
772 770
794 530
906 72
251 699
306 920
699 915
426 213
191 87
104 967
238 516
238 22
664 425
773 265
669 168
877 837
700 834
510 874
497 57
260 483
781 703
358 814
643 674
910 460
513 614
917 801
203 120
296 422
88 776
344 23
531 134
770 722
535 598
117 643
545 899
965 597
217 213
970 317
473 835
477 795
801 525
506 253
624 936
967 408
398 941
279 122
672 286
342 734
818 91
212 190
467 316
757 102
116 274
664 700
634 322
693 831
452 899
246 231
650 578
204 629
799 167
14 825
625 798
791 451
996 599
372 201
656 462
609 482
168 760
814 659
449 941
323 916
825 698
708 1
985 956
14 722
682 612
99 522
206 882
137 297
108 836
349 576
9 359
467 927
432 618
919 855
255 863
411 676
639 994
678 730
735 415
425 903
919 708
426 262
460 173
891 245
569 121
455 100
104 865
151 943
269 480
125 678
787 159
682 75
115 926
136 43
599 386
677 372
825 449
866 303
367 872
758 353
473 375
278 99
887 391
320 183
947 978
89 510
507 603
58 887
772 239
574 343
247 917
83 439
335 502
549 108
960 153
994 173
481 70
980 104
304 505
801 779
281 888
1 447
311 158
3 217
619 105
692 350
326 953
25 418
727 647
804 156
24 742
940 844
373 155
428 120
837 468
620 996
676 982
35 38
20 850
977 297
980 556
954 593
36 452
789 2
332 627
903 126
449 420
751 792
899 739
264 610
817 330
158 66
569 729
162 129
916 106
356 95
530 660
354 616
216 633
12 786
533 336
555 248
441 808
906 354
105 635
358 871
786 972
90 449
933 523
536 219
610 594
632 644
925 439
565 80
222 372
352 855
222 514
394 688
804 911
625 855
880 285
290 993
221 523
113 130
701 257
624 40
207 584
282 945
598 139
892 428
142 221
784 610
571 874
648 497
257 48
818 769
122 402
31 572
588 667
22 785
933 886
486 866
314 723
593 836
524 834
439 41
956 245
939 993
616 882
589 537
822 746
749 970
474 908
550 517
790 116
533 745
598 785
361 502
548 46
169 252
390 273
375 717
819 597
793 50
614 170
616 275
840 243
936 550
914 582
200 225
989 575
239 64
404 491
243 133
523 87
580 12
963 724
195 38
566 43
225 771
544 949
648 143
915 363
320 644
891 351
626 160
593 425
775 475
9 8
265 406
759 798
809 593
868 244
635 195
289 505
18 217
146 34
575 463
423 594
853 233
451 377
947 876
658 393
371 940
436 495
403 734
776 68
482 125
123 373
695 983
97 914
762 932
451 903
697 567
112 113
627 818
26 257
445 329
675 948
838 416
168 50
313 943
278 171
995 647
173 319
637 890
232 331
636 659
128 33
934 998
495 564
371 506
33 837
452 793
624 250
76 925
558 189
425 583
690 348
582 214
106 23
732 231
611 237
456 58
58 466
665 170
867 780
563 519
802 981
325 675
383 982
132 844
168 541
801 740
889 469
538 404
966 595
167 890
189 798
59 533
449 625
79 820
471 448
642 940
96 478
335 689
107 112
785 956
401 647
989 692
107 778
502 617
963 9
341 933
858 241
608 488
347 380
58 596
959 501
356 230
986 93
790 965
484 43
577 867
968 591
219 299
649 20
123 51
985 396
752 385
436 348
493 861
118 330
910 124
677 351
751 546
679 257
402 303
352 910
667 345
711 112
57 643
108 90
147 622
792 889
117 420
267 625
887 704
965 886
287 414
895 245
839 943
934 947
546 823
706 562
600 49
50 46
518 744
49 366
322 954
509 380
148 534
184 967
258 466
520 929
124 917
513 424
343 757
590 686
349 260
442 166
712 418
379 705
87 298
607 645
23 564
634 549
766 62
385 255
149 142
300 494
546 498
323 919
508 137
536 260
534 275
936 766
388 601
225 617
733 473
543 451
885 694
693 355
731 208
380 34
271 957
328 733
439 82
158 982
738 435
593 96
318 769
975 842
906 335
325 726
602 222
565 970
320 635
678 858
485 587
221 949
995 178
208 800
834 108
412 442
645 68
616 877
887 17
800 19
393 351
123 332
711 199
326 355
613 545
796 71
264 2
658 96
416 667
364 65
907 158
773 689
562 644
303 934
987 945
749 306
640 874
623 745
918 321
810 438
888 554
172 446
395 900
490 266
291 887
848 668
653 61
653 393
197 385
913 848
918 419
576 54
831 966
447 969
853 598
712 598
892 956
931 820
515 181
443 126
979 32
249 707
233 326
305 113
886 776
133 998
872 939
192 804
619 406
233 215
254 191
572 768
258 728
244 497
864 997
229 355
567 31
399 441
384 110
130 525
104 723
68 950
608 195
841 871
995 654
155 858
727 413
10 75
932 980
271 864
208 192
579 467
686 597
357 481
747 665
45 308
366 17
77 994
262 828
787 367
76 222
243 935
192 851
531 882
53 250
882 98
954 631
198 600
113 48
186 844
298 130
299 743
227 305
229 618
711 282
612 173
812 927
429 573
353 301
514 741
967 61
808 474
679 426
726 812
674 715
257 741
701 226
179 200
752 6
951 638
383 104
205 888
386 946
264 613
410 60
395 928
322 704
841 368
110 975
649 633
102 339
265 922
596 403
361 731
454 348
917 668
774 767
261 984
922 2
10 600
357 623
288 830
201 243
274 769
650 904
802 607
720 828
520 712
449 842
968 442
718 330
168 546
392 758
65 32
306 656
474 350
408 64
489 379
578 971
81 33
817 373
67 82
964 236
217 609
954 838
369 366
521 633
578 634
9 301
836 294
696 753
591 639
722 445
337 857
726 285
964 386
877 863
750 407
716 291
294 137
332 84
869 267
677 600
789 586
630 552
556 715
226 674
230 343
601 982
946 28
397 737
454 978
881 70
204 237
265 375
48 833
126 810
888 789
960 817
212 343
394 804
639 505
192 197
879 885
737 722
710 123
666 734
253 996
141 160
495 636
737 835
884 662
747 118
515 123
737 956
435 856
226 443
158 588
676 9
344 562
953 644
558 45
10 463
840 306
841 991
901 893
576 284
174 421
880 642
310 37
975 317
963 349
780 829
278 566
380 323
775 139
119 461
160 636
418 316
208 136
543 268
18 393
328 561
848 440
591 528
977 228
392 302
170 1
717 154
954 700
369 116
984 666
118 425
449 570
372 841
739 783
332 463
796 350
925 382
160 56
513 612
863 406
921 955
578 2
156 940
481 749
155 108
619 579
874 236
862 229
40 828
757 977
139 688
90 671
236 377
952 913
292 402
705 175
192 6
999 773
286 688
767 313
224 407
761 240
211 147
984 401
128 685
753 628
239 737
922 971
497 269
504 246
514 273
679 981
187 507
560 639
577 695
661 731
763 684
417 626
187 104
210 75
174 342
837 510
324 199
590 734
757 311
82 17
84 583
902 325
953 388
379 558
140 576
676 658
446 273
578 896
251 744
233 933
769 385
368 908
599 740
59 737
760 850
134 253
962 402
842 856
458 661
503 421
494 47
302 994
543 736
968 910
254 687
207 931
527 284
438 748
368 761
479 223
597 472
134 430
7 692
74 551
166 31
556 659
199 93
327 40
458 297
668 228
173 834
148 72
284 253
22 449
786 27
635 426
808 511
153 443
867 92
117 357
730 460
507 605
606 315
900 422
408 796
545 945
10 94
678 247
350 388
853 371
268 399
331 617
430 143
92 378
59 355
350 443
135 974
734 221
430 254
913 736
814 490
874 183
802 568
145 527
609 34
222 203
478 661
45 110
818 302
667 74
948 925
185 923
149 48
650 759
63 926
375 664
570 302
556 34
224 878
759 822
885 631
466 999
475 95
883 74
920 192
651 112
559 859
323 3
90 826
399 350
789 994
976 251
722 327
636 257
536 63
55 633
441 957
78 394
65 572
564 469
373 235
911 160
588 499
368 662
726 353
449 459
195 763
512 215
437 346
426 177
518 413
332 384
762 573
48 983
412 104
655 220
137 418
215 597
626 412
350 804
243 660
523 582
485 767
325 618
566 568
409 625
424 309
152 964
448 427
527 135
820 435
605 675
182 924
972 342
388 295
890 187
710 486
236 89
933 77
204 575
83 694
654 169
617 136
610 189
719 461
943 149
549 14
201 912
992 997
701 963
116 293
10 758
767 70
607 425
595 305
596 94
136 916
586 148
510 68
735 629
580 586
949 667
287 4
173 250
861 447
310 431
811 662
115 773
498 839
634 747
486 172
612 970
478 768
763 946
755 509
903 92
372 434
873 115
914 668
237 524
111 23
167 801
280 187
281 614
10 108
194 961
67 85
233 893
786 765
404 356
741 29
907 327
929 131
949 192
255 841
971 520
772 591
720 264
660 900
510 845
204 8
329 740
691 550
736 292
717 838
366 268
976 448
425 350
9 927
744 916
269 469
489 839
695 819
455 46
296 461
665 836
902 619
227 87
815 446
853 247
726 111
854 144
412 483
948 221
677 441
146 179
863 450
900 88
596 591
463 976
627 666
598 149
947 927
236 46
282 770
763 327
106 718
221 271
241 816
373 116
322 690
205 795
386 919
364 922
321 586
509 485
92 691
398 758
862 443
386 6
850 483
351 690
227 608
306 369
235 157
291 159
241 984
257 787
754 883
56 726
156 81
577 933
187 79
34 351
549 405
625 887
327 838
758 565
337 367
447 742
364 972
998 909
423 377
667 743
427 785
747 437
441 327
478 911
106 326
741 416
9 511
71 877
509 764
137 387
284 726
637 224
820 896
68 685
589 125
437 496
901 321
226 613
534 366
617 140
726 318
380 254
249 287
172 530
545 104
86 72
413 280
976 428
354 368
530 271
14 132
45 371
271 287
682 82
496 193
95 59
596 764
320 319
636 781
543 835
892 359
731 547
524 1
471 868
972 271
459 932
776 98
795 782
78 958
212 372
790 519
437 805
352 639
23 428
716 1000
601 124
820 282
666 640
26 355
528 673
636 578
69 335
876 81
895 247
115 641
121 16
418 584
715 290
365 869
297 477
596 39
944 512
409 627
50 191
987 738
552 69
775 661
771 396
135 890
569 774
269 752
879 545
706 270
538 11
866 684
153 47
392 849
989 626
482 677
466 222
747 371
681 513
612 819
907 195
247 551
553 892
256 165
43 505
869 12
637 305
876 827
751 313
596 925
898 437
771 673
615 112
565 645
661 146
590 104
846 150
91 179
191 63
366 123
931 425
428 618
233 710
217 713
642 524
590 266
973 130
460 91
372 831
156 380
602 220
603 141
470 388
807 63
275 150
207 851
467 120
416 64
915 102
790 854
576 686
886 911
652 851
74 695
54 552
905 237
563 457
247 880
305 904
334 876
649 784
706 451
620 381
378 112
127 287
614 871
790 402
991 375
424 7
120 662
118 993
121 67
644 719
931 728
70 237
761 147
467 24
36 3
24 971
166 698
975 176
729 478
123 891
453 166
314 851
310 337
844 825
444 244
756 622
816 502
942 154
357 986
999 415
893 760
253 793
490 189
399 741
393 532
76 645
498 152
708 905
157 452
343 505
881 818
722 551
954 78
315 664
896 633
627 163
201 664
629 625
298 701
246 799
651 115
908 62
176 337
158 65
970 806
626 985
478 524
313 24
665 307
115 356
261 344
849 625
418 638
149 499
333 374
336 38
66 339
945 636
150 164
308 148
688 474
446 62
263 668
802 334
971 333
295 628
750 210
56 58
716 31
934 418
437 714
442 996
501 391
908 713
484 683
493 803
668 404
246 485
601 154
714 923
145 140
113 272
494 759
766 425
761 476
136 345
874 837
692 886
217 6
218 765
370 621
296 159
593 927
978 935
192 976
209 918
653 893
286 894
793 586
409 337
529 64
435 485
221 460
922 913
691 212
947 382
72 900
879 891
329 59
666 410
689 779
562 27
693 963
490 14
861 13
135 834
675 473
422 810
10 440
492 938
110 521
664 917
703 540
1000 640
135 96
836 243
139 101
430 612
491 662
55 265
820 427
997 896
279 833
551 553
733 902
368 838
55 702
684 78
120 443
871 568
983 66
163 585
312 269
385 455
884 389
685 692
265 185
837 521
650 44
100 123
312 107
124 744
994 603
665 553
78 534
775 468
925 487
963 844
825 179
274 219
368 258
845 272
497 482
730 240
948 47
604 729
713 697
807 852
866 496
539 538
776 928
598 59
213 23
757 586
852 946
14 459
680 739
860 913
130 732
544 82
36 790
867 228
280 483
653 865
981 372
984 8
568 711
37 140
168 53
705 370
598 487
691 131
732 557
605 473
623 912
662 768
480 214
210 835
145 476
528 356
177 138
969 438
789 387
990 284
594 989
116 425
244 230
45 915
202 877
970 808
755 530
700 145
3 419
11 924
693 840
810 960
724 910
907 166
710 681
112 798
314 54
298 595
525 764
68 792
595 776
561 168
440 464
979 534
233 856
696 789
272 780
704 817
39 142
868 806
809 134
772 556
994 908
920 983
83 640
908 817
439 761
87 371
964 355
575 14
384 818
268 978
270 128
143 434
381 643
990 755
938 86
152 543
407 505
857 350
381 884
537 553
464 480
194 281
820 453
941 626
821 940
184 287
57 535
473 371
833 118
84 312
565 439
179 100
649 836
616 497
544 126
84 175
621 128
914 288
883 873
350 430
776 321
805 288
541 607
575 214
936 391
738 47
683 754
188 204
830 615
796 947
35 323
509 392
71 385
325 18
432 373
129 267
965 38
324 178
35 161
221 214
258 320
866 685
461 839
909 991
14 829
418 922
384 278
278 758
797 926
428 39
102 970
512 530
766 61
785 738
381 1
533 132
718 128
44 87
851 289
546 497
243 962
437 750
661 32
320 946
7 242
85 766
169 478
750 640
327 593
518 250
958 973
940 168
155 992
432 927
146 384
271 958
630 965
846 774
247 271
177 941
722 387
185 283
462 809
412 6
610 595
458 452
991 178
167 300
248 784
85 163
624 667
215 544
164 566
934 22
701 505
403 682
77 575
333 917
653 630
216 221
61 11
672 80
47 72
213 176
631 171
515 762
273 251
517 296
900 416
813 897
117 276
173 783
249 117
736 609
8 112
518 797
743 294
600 16
339 100
748 504
987 848
745 646
121 156
532 390
433 40
179 572
715 942
789 443
718 595
520 576
26 89
888 378
617 649
720 926
466 48
93 975
370 596
645 840
650 610
137 909
29 615
34 287
804 239
521 791
760 35
334 122
101 341
637 355
547 71
695 71
864 193
242 749
974 10
578 883
427 837
673 557
734 382
159 282
219 39
458 981
534 306
725 881
767 710
704 728
697 129
751 50
973 212
224 573
622 197
769 653
683 451
65 872
599 239
985 303
824 235
952 416
437 344
99 409
19 184
422 151
857 150
160 98
35 846
531 85
273 965
679 373
213 848
811 325
705 986
298 272
134 682
563 292
415 756
326 322
682 442
874 683
903 982
189 90
355 302
528 972
765 775
144 965
382 629
476 490
458 45
64 236
83 696
815 107
931 614
292 468
849 913
465 904
743 501
502 429
583 140
641 909
589 975
326 255
109 517
166 596
558 826
306 331
799 906
316 272
870 843
417 591
93 930
554 692
175 716
713 109
992 180
871 196
671 382
896 394
897 999
861 302
367 421
177 560
858 596
31 402
842 557
609 302
694 97
717 256
936 409
523 75
603 441
604 150
436 768
935 478
955 484
29 911
510 736
683 414
8 662
889 415
427 220
630 930
765 374
323 287
294 140
119 185
198 552
55 893
518 383
479 17
485 640
783 105
363 504
439 432
130 955
429 653
657 938
969 1000
240 220
517 78
576 518
518 665
117 682
670 612
692 164
506 115
532 525
769 853
365 460
726 282
579 554
783 444
255 493
814 482
583 227
508 991
60 124
232 153
504 878
502 393
948 531
199 619
936 59
850 481
478 422
101 681
391 277
752 678
490 464
254 393
516 462
331 640
149 482
387 754
747 248
857 584
850 259
558 48
802 288
767 858
738 383
104 624
780 169
705 752
861 45
694 291
400 549
438 493
370 495
793 821
298 739
775 119
968 183
312 443
613 147
760 825
100 314
615 453
51 854
124 416
785 944
62 966
347 195
366 93
4 544
132 196
174 252
746 391
169 624
722 412
315 798
617 370
69 983
986 181
629 199
325 368
548 887
401 310
826 625
995 154
483 519
155 323
820 87
70 594
17 358
180 182
937 277
34 546
878 419
105 849
123 52
130 526
419 889
601 209
341 342
112 2
525 295
766 900
782 937
480 412
734 422
402 461
701 39
387 419
854 73
835 801
870 169
345 208
198 507
2 278
258 140
350 318
84 910
586 456
214 717
297 451
176 668
486 953
145 224
327 109
742 334
971 596
653 247
822 726
698 992
24 663
239 448
499 431
562 179
537 471
684 354
875 713
219 173
103 396
168 765
55 498
984 934
300 490
417 194
823 990
993 885
902 459
595 807
688 67
101 18
102 821
177 706
785 771
773 438
756 274
349 964
498 62
264 730
689 367
313 115
212 871
416 356
609 929
169 620
156 382
104 183
565 982
33 237
510 907
955 778
256 22
854 508
115 786
345 220
751 876
956 580
220 290
913 383
386 537
939 431
833 160
284 248
752 304
557 901
743 754
541 430
395 730
839 242
1 871
627 833
667 470
409 458
550 99
670 719
987 949
644 942
908 875
583 171
253 580
943 21
558 799
447 868
715 704
148 583
404 553
775 618
227 954
362 402
512 802
417 674
144 422
849 743
315 79
603 912
184 769
699 421
923 573
604 510
549 427
897 922
917 471
79 316
228 986
653 509
208 206
822 476
730 866
2 721
867 985
906 811
543 18
357 11
512 366
793 607
181 381
163 990
572 610
404 476
870 379
806 535
690 981
656 717
825 842
368 939
593 166
370 25
263 504
285 64
53 36
346 94
137 473
467 958
393 39
233 672
414 911
808 898
54 438
557 549
223 170
460 200
762 568
213 384
532 276
381 842
251 826
238 813
21 777
761 640
812 516
246 328
191 473
673 330
13 937
87 536
990 859
829 327
193 237
838 671
456 873
22 968
359 265
416 699
368 164
296 129
23 470
904 832
135 760
852 894
677 117
936 433
455 651
870 622
338 407
625 413
149 669
991 762
405 259
780 465
908 158
984 332
861 154
831 998
245 373
28 669
582 92
175 606
168 264
280 706
79 242
392 924
687 499
653 319
882 75
237 743
201 465
205 265
868 607
427 787
525 726
841 769
241 926
242 782
3 756
370 990
798 177
399 270
703 764
794 568
927 996
453 877
699 355
940 369
372 595
581 609
656 952
414 856
143 186
436 944
57 61
975 921
801 78
450 20
547 702
695 622
172 289
445 561
483 196
800 770
30 667
164 873
136 138
109 859
928 166
17 377
345 20
165 257
576 744
541 166
374 153
781 631
817 902
657 937
179 413
491 351
364 999
131 286
739 245
78 929
766 798
964 834
550 15
554 194
997 688
627 623
186 133
416 711
127 209
94 42
139 537
377 118
822 830
382 993
810 394
403 816
561 471
863 390
965 814
413 740
396 31
571 619
18 553
192 220
339 31
692 537
343 639
934 618
98 650
32 740
665 110
127 789
865 84
277 977
353 824
63 765
192 506
270 953
642 20
482 246
295 478
305 308
376 246
944 403
461 899
636 825
546 491
179 292
992 447
811 917
722 232
336 307
50 685
362 747
852 574
413 66
17 793
659 406
769 298
384 840
665 745
314 505
703 865
688 134
29 914
671 455
128 333
389 122
746 73
765 281
68 575
436 59
312 9
955 737
12 934
517 143
422 77
884 242
8 401
762 624
264 123
122 787
679 175
97 727
955 975
963 584
895 525
74 737
455 412
147 663
576 611
577 222
5 349
192 892
467 434
819 137
88 957
222 72
351 876
306 95
640 899
808 293
963 200
849 155
403 246
567 733
454 510
956 84
334 672
50 498
736 566
660 540
974 624
706 958
672 754
620 216
951 320
979 11
637 635
788 611
76 781
115 849
280 826
279 564
541 897
582 311
219 431
144 345
383 608
315 573
284 881
49 220
12 288
713 181
646 680
751 469
932 657
662 366
838 768
495 11
298 565
546 271
216 982
488 859
841 729
471 114
57 298
828 561
958 608
957 173
27 906
967 754
108 404
453 660
898 547
204 286
393 990
651 985
159 582
553 99
280 318
298 998
760 709
265 247
564 509
157 33
214 178
164 963
932 853
756 561
726 345
13 674
413 328
198 742
311 925
55 823
574 797
722 528
118 393
501 575
66 108
263 714
967 822
255 608
619 252
645 62
114 288
907 301
289 420
130 608
458 341
905 274
549 675
127 395
376 391
98 159
540 42
395 762
583 900
786 422
97 989
978 958
64 130
813 876
841 462
143 596
165 908
758 5
631 777
429 775
191 888
731 863
254 758
700 390
494 939
334 700
524 852
686 95
288 696
128 653
491 867
553 252
470 96
511 364
405 351
479 547
637 942
510 44
480 15
137 802
779 767
451 414
453 308
773 159
699 420
257 201
186 209
810 683
499 394
80 234
970 753
137 540
305 342
388 683
667 672
745 192
873 411
621 813
107 991
151 737
457 764
974 443
189 833
464 192
600 876
797 228
203 621
385 504
428 442
473 295
298 231
42 308
6 411
85 498
929 84
368 650
243 634
601 588
412 245
674 768
345 142
682 247
865 790
186 998
995 324
173 896
765 690
756 811
736 963
753 27
759 5
763 206
52 801
803 793
899 707
540 14
484 688
748 169
910 168
951 964
678 132
882 547
956 830
725 247
269 284
415 667
774 508
159 920
709 254
434 899
328 386
297 393
245 451
631 563
101 516
942 74
185 729
535 201
224 177
576 390
25 384
903 293
728 705
656 110
340 527
220 37
673 674
522 44
944 297
451 267
718 335
777 671
888 118
28 979
641 504
626 534
309 282
720 607
666 994
650 457
944 230
638 768
521 636
405 521
416 318
5 691
76 360
959 39
592 301
195 330
677 754
750 408
720 155
653 711
337 749
674 804
855 271
808 782
422 38
83 794
137 214
891 179
470 306
695 783
276 751
683 989
833 254
338 820
998 964
583 814
929 707
714 555
872 648
350 38
835 694
553 393
457 316
330 50
256 945
574 273
763 456
856 86
503 717
821 664
814 528
554 997
974 746
496 357
575 905
300 557
282 32
139 617
250 348
343 905
913 898
737 838
893 603
602 920
736 410
239 569
376 25
709 441
927 393
269 712
330 502
88 235
796 767
637 711
339 380
204 274
325 305
478 849
319 471
598 934
382 269
722 86
617 820
121 549
869 150
424 237
985 937
470 803
647 443
267 951
695 431
328 679
94 798
980 916
124 17
713 724
364 512
875 188
826 285
225 914
720 304
460 130
706 166
872 66
375 49
548 881
787 27
554 498
789 617
459 122
930 715
427 472
981 977
553 698
95 39
332 347
540 848
988 951
636 777
543 847
344 441
566 740
715 154
754 380
972 833
762 851
766 827
378 88
105 992
398 773
830 776
924 469
322 611
883 874
729 407
760 539
350 429
135 707
504 797
840 663
88 220
253 702
514 456
403 847
979 300
636 717
766 612
613 924
791 133
780 789
64 500
563 986
162 589
975 826
350 272
719 244
718 634
595 493
758 843
742 332
465 752
961 747
103 130
181 965
549 292
219 897
789 400
221 211
737 967
444 630
67 725
641 262
945 904
654 848
380 747
785 743
104 765
33 679
786 819
94 984
624 346
439 979
725 858
764 944
794 99
927 814
312 345
784 112
833 713
814 628
320 588
911 474
587 747
146 672
823 766
475 788
82 590
391 626
1 378
953 65
669 133
618 575
275 241
218 161
43 982
172 754
126 901
147 980
477 549
186 946
815 397
1000 258
817 892
566 593
806 192
661 707
921 922
42 149
99 92
320 287
563 461
371 213
344 405
661 820
958 366
212 404
784 637
153 546
154 269
778 835
726 885
730 453
739 490
961 804
874 527
691 79
876 177
880 180
187 192
156 625
309 833
697 851
610 500
772 480
712 604
451 496
343 550
165 638
166 777
177 32
729 595
145 514
12 301
976 736
349 354
863 397
907 146
159 225
591 226
542 930
730 723
121 620
563 581
432 193
659 642
732 84
842 252
456 199
341 660
869 624
493 441
721 862
295 199
392 574
154 645
450 364
767 707
241 433
648 719
974 299
99 559
765 510
769 273
845 6
39 83
684 132
673 253
376 747
855 237
234 649
510 858
81 362
347 879
203 219
806 227
665 962
207 819
388 127
688 429
428 872
939 526
189 758
916 693
440 659
888 681
985 462
659 750
930 601
92 864
365 340
921 886
668 197
139 250
507 911
38 469
406 361
655 366
678 133
681 231
592 454
938 734
889 260
302 153
654 178
782 871
14 269
878 972
210 712
46 162
175 378
955 398
81 701
321 530
505 365
568 525
680 71
370 661
408 394
260 683
157 785
89 927
1 269
864 275
992 216
165 530
629 29
560 572
604 301
96 124
859 665
590 795
439 885
524 189
730 614
196 94
555 529
332 910
982 564
595 880
79 387
19 653
167 988
258 984
155 828
600 841
517 614
935 475
232 40
228 171
39 119
189 582
560 422
884 500
123 206
988 534
494 347
99 297
963 816
964 543
659 203
18 321
835 40
702 239
243 710
369 686
543 965
855 983
731 685
180 221
420 588
920 524
463 558
259 897
398 191
91 699
748 895
57 219
236 43
57 616
359 79
616 409
317 818
735 661
435 295
222 253
210 541
482 854
464 821
619 891
549 92
252 844
331 423
60 127
64 122
447 809
412 956
961 632
71 409
771 127
150 104
687 179
546 805
893 602
165 677
685 191
232 569
31 93
145 970
607 686
614 254
85 900
763 996
768 676
373 314
533 876
699 92
457 601
685 97
499 242
430 60
730 634
345 664
128 178
521 701
777 523
775 112
544 778
708 21
450 293
219 96
38 740
438 258
209 471
654 564
579 401
427 172
428 387
51 712
696 659
380 132
933 746
310 635
603 164
142 800
532 232
346 903
8 509
510 914
848 77
649 396
407 388
190 108
851 818
674 841
927 649
697 408
455 120
243 674
186 942
66 185
319 729
677 503
592 209
459 970
27 270
138 749
820 449
184 291
994 460
388 341
743 715
209 816
529 337
364 84
387 582
331 357
459 808
297 149
796 233
517 36
397 114
681 63
437 849
726 729
969 372
507 661
86 224
368 416
504 141
467 3
17 303
311 178
614 553
316 356
804 17
718 635
5 244
79 7
154 234
727 763
55 62
386 265
836 785
49 65
305 223
713 42
660 604
93 792
846 334
421 769
742 431
376 788
309 288
127 617
276 415
738 734
7 89
667 328
358 311
733 857
661 44
275 737
288 547
976 946
354 890
245 879
713 405
732 407
716 556
275 334
459 477
314 296
531 641
953 215
938 389
223 413
573 978
996 147
262 843
887 392
750 486
489 992
717 184
111 409
282 643
299 355
604 750
273 844
331 82
333 512
407 281
46 555
138 574
86 216
142 94
18 24
4 91
874 987
925 717
284 251
352 929
79 566
406 322
515 726
728 316
675 791
969 566
143 545
292 301
221 705
669 496
444 96
943 14
851 405
106 515
895 769
571 695
40 173
196 528
490 373
970 59
244 772
870 976
31 870
602 942
144 895
790 241
439 477
991 528
870 931
642 440
861 36
116 912
348 921
455 855
233 881
794 111
334 348
137 800
689 883
12 224
35 65
510 189
496 795
569 918
326 595
187 251
465 509
393 616
102 550
521 868
160 732
78 242
586 407
488 200
252 161
107 869
591 432
336 396
834 647
199 507
950 337
20 158
829 896
268 429
25 512
190 202
281 686
319 930
747 815
416 131
918 318
441 938
618 915
578 307
25 689
869 272
229 945
758 185
790 900
789 575
422 56
833 359
597 390
265 499
397 758
750 220
476 849
402 76
117 545
463 597
653 517
982 435
753 25
330 826
277 785
282 953
579 933
374 35
377 381
428 911
855 528
352 589
298 431
984 130
748 171
288 393
472 470
491 402
40 250
661 952
635 379
84 227
247 625
783 469
576 843
424 232
818 904
781 20
608 604
404 601
631 668
706 629
245 395
874 499
305 948
509 332
805 879
774 758
956 141
101 514
887 935
784 38
420 666
884 863
41 515
280 709
399 708
550 908
352 215
595 21
188 581
634 757
194 30
631 378
12 283
803 96
281 334
876 745
704 296
275 680
902 263
927 848
306 794
614 427
441 1
703 761
681 702
547 549
48 429
391 663
51 894
103 649
531 584
484 237
859 68
440 438
629 148
522 28
397 568
18 303
350 1000
578 279
545 70
798 685
178 681
855 865
967 875
310 702
114 279
857 325
570 610
519 764
630 594
768 505
635 72
503 312
624 679
311 874
494 549
133 433
718 478
711 132
640 523
681 177
991 404
984 158
866 94
886 5
652 870
40 155
35 477
610 91
313 951
300 559
102 487
49 745
321 588
188 263
325 140
698 758
537 556
149 702
277 634
814 192
837 225
344 906
608 727
296 813
762 352
68 305
742 305
980 398
380 734
993 781
229 339
174 428
201 498
954 144
292 543
315 342
133 38
306 687
842 589
521 700
116 874
320 939
651 33
128 34
665 381
498 22
155 795
154 762
969 591
713 585
533 446
437 73
973 7
846 815
349 877
831 185
128 211
437 506
60 779
794 829
686 775
356 238
468 348
177 789
696 771
53 138
570 804
459 239
613 962
805 508
636 37
543 555
983 304
87 511
860 701
609 891
665 953
534 256
105 708
658 338
911 900
553 696
587 457
400 509
643 587
165 179
39 606
189 45
961 60
190 734
801 427
239 923
435 258
69 433
210 766
433 293
752 69
948 755
36 21
899 401
573 218
741 808
373 372
391 373
909 248
828 392
250 592
489 248
773 428
576 448
704 309
443 219
651 286
524 96
974 689
21 234
331 910
484 66
98 911
357 130
57 506
846 510
297 899
600 740
548 332
317 206
869 136
483 581
587 843
879 483
59 742
135 325
301 605
530 681
15 275
220 595
920 905
99 642
851 755
321 638
591 853
363 777
659 292
403 98
54 53
716 354
446 130
298 7
874 435
711 409
948 125
471 544
347 638
60 525
692 576
743 776
82 769
123 471
665 774
799 923
341 389
914 95
971 18
294 773
433 210
781 269
655 276
962 331
554 20
937 23
900 629
26 478
775 523
552 802
737 674
258 253
460 763
500 312
925 927
303 799
36 954
883 761
40 61
207 179
836 705
529 239
527 620
822 916
474 782
515 44
81 736
23 797
250 517
561 303
135 852
339 329
582 135
710 968
270 965
291 42
906 757
724 860
414 420
660 452
310 117
457 903
176 105
358 321
16 898
770 311
955 241
133 597
483 528
135 395
959 209
582 560
106 265
988 895
239 55
404 472
651 105
693 478
748 548
293 992
699 869
974 297
632 320
183 54
265 135
48 273
510 962
731 52
627 455
694 646
777 828
122 517
218 16
954 652
739 622
579 249
318 111
583 545
656 894
825 153
256 620
569 146
523 130
8 477
7 657
484 706
877 917
695 804
916 695
337 453
523 639
34 450
658 410
108 357
736 966
938 954
502 21
624 779
790 598
972 333
653 742
50 317
714 788
698 15
917 849
274 693
278 277
819 487
891 724
766 960
331 445
724 444
984 417
990 155
611 834
760 392
292 310
343 599
1 402
255 187
89 564
486 348
126 809
677 197
297 680
138 663
948 969
177 493
849 592
790 654
402 199
28 959
267 81
175 696
815 258
958 733
157 418
964 54
358 365
340 1000
695 166
291 292
704 539
871 929
86 635
656 670
451 42
76 389
756 295
727 411
390 187
364 24
363 947
489 268
310 994
938 459
850 751
894 764
473 256
860 436
792 140
560 344
190 231
321 372
268 853
51 543
432 555
125 914
623 151
555 223
557 517
744 20
427 352
379 43
369 209
460 232
522 895
564 214
15 158
695 776
887 32
725 453
545 167
105 888
50 334
316 173
771 306
572 388
131 147
494 661
189 121
62 505
216 9
579 753
644 979
963 196
813 964
316 124
65 292
981 382
140 306
161 777
862 19
916 169
918 257
648 357
631 754
771 97
870 921
301 402
763 555
382 199
240 748
224 225
979 417
117 154
709 422
231 934
989 86
452 428
121 456
270 957
628 441
595 48
707 554
267 125
286 171
436 604
128 773
921 565
298 605
488 867
931 163
664 870
423 455
713 923
380 928
242 897
663 985
298 895
466 569
450 338
977 67
742 973
252 17
696 661
459 273
940 480
893 448
809 555
99 327
959 213
629 190
450 999
294 266
330 657
147 957
220 797
425 163
544 295
392 52
303 198
568 173
125 664
476 794
631 146
423 617
743 884
179 509
291 663
950 858
847 938
208 603
616 360
959 536
5 168
106 666
292 267
368 145
611 47
773 836
395 514
503 573
459 699
867 262
426 946
718 863
160 847
774 925
791 17
804 396
383 441
754 831
314 656
956 199
944 519
537 696
610 350
862 328
634 328
600 344
654 565
548 24
841 18
36 244
899 334
466 396
885 377
780 251
399 575
664 650
31 228
348 947
798 467
934 654
819 916
805 745
856 402
573 669
78 101
564 820
765 245
451 85
289 786
177 26
702 670
461 52
391 841
641 86
789 982
302 702
580 77
873 221
750 373
896 4
555 377
186 748
946 950
375 240
668 431
428 874
164 862
527 405
7 748
95 909
425 159
437 780
597 337
544 323
138 572
901 209
661 628
174 621
601 135
838 692
70 706
507 996
717 138
354 113
463 913
464 977
144 991
127 763
117 286
119 860
965 704
987 904
364 201
607 159
809 108
114 992
80 656
779 900
429 771
70 127
566 912
258 109
331 609
80 815
373 166
232 966
966 69
821 894
639 108
824 777
366 627
225 305
703 532
931 29
290 143
93 890
542 929
379 597
250 855
487 550
292 592
756 93
573 638
906 980
432 851
803 420
343 103
401 804
368 849
846 74
993 534
423 399
501 987
263 358
448 991
401 693
309 36
77 8
977 122
209 144
212 785
798 120
234 613
623 13
828 823
522 102
337 884
377 106
108 561
734 773
419 794
21 562
425 473
225 991
155 736
600 745
12 923
532 162
809 611
368 285
241 97
646 350
117 958
686 943
86 139
948 313
587 690
180 196
381 837
752 138
540 868
869 752
781 590
605 778
696 26
146 71
331 193
995 38
8 60
464 558
676 675
445 458
526 77
142 346
109 989
239 979
796 211
959 673
193 258
122 408
766 961
213 975
256 731
279 180
58 627
404 603
861 149
150 50
188 865
328 356
864 278
776 716
559 707
874 147
90 674
914 806
112 666
976 719
884 968
611 688
617 691
528 172
729 733
768 731
290 147
620 459
208 488
10 837
651 182
889 935
29 758
162 473
699 162
567 358
188 677
690 611
231 577
730 890
863 991
423 435
634 62
64 874
663 217
716 630
684 212
704 826
599 939
530 750
347 362
338 364
159 683
510 885
393 215
531 921
517 150
904 293
652 899
707 312
194 413
311 886
497 372
155 490
493 768
259 344
957 145
476 539
268 666
491 483
653 777
698 271
772 169
141 110
340 86
967 318
92 532
1 950
993 327
687 207
927 767
328 305
591 679
689 808
176 837
709 421
379 846
774 611
758 914
871 145
28 877
654 713
785 287
767 832
698 953
102 33
585 457
346 479
537 110
760 97
716 948
366 773
239 249
775 109
815 960
29 843
470 807
206 797
465 229
854 665
546 198
214 312
198 989
487 844
789 802
291 898
632 377
964 344
507 415
939 10
480 853
688 266
545 503
263 588
748 666
531 836
180 414
271 65
365 102
312 14
419 978
518 450
811 84
260 470
68 587
180 13
865 771
86 132
377 729
342 25
566 585
255 728
762 473
221 984
807 881
9 780
304 908
948 185
695 924
610 936
373 830
414 346
643 474
183 525
972 406
118 98
286 814
114 202
208 754
682 271
984 568
83 374
669 515
16 333
715 333
179 726
634 119
836 751
179 952
515 50
438 903
149 720
776 422
463 496
468 410
676 199
435 595
184 977
779 726
62 982
980 317
841 17
628 367
367 261
655 391
567 156
296 553
371 28
489 425
293 889
111 998
600 557
176 173
929 353
51 931
327 173
747 462
189 681
464 104
686 583
682 460
565 830
186 41
842 833
3 977
346 365
44 933
530 566
547 748
752 874
717 36
459 316
385 689
545 403
892 78
640 393
510 909
688 389
506 352
804 783
932 403
200 767
886 903
557 733
709 886
636 186
35 698
821 792
933 894
825 349
311 702
187 884
563 465
963 555
195 949
201 560
922 624
80 627
99 209
31 302
212 400
202 170
347 911
792 816
412 705
41 249
761 298
473 582
3 181
956 117
998 267
633 992
939 865
908 240
654 500
359 86
72 912
228 216
931 830
128 561
534 137
115 899
477 312
448 546
451 389
89 816
92 401
419 227
422 774
205 654
210 36
928 903
410 482
620 991
622 630
138 296
157 476
978 585
15 546
573 672
465 3
621 808
34 248
287 734
256 34
771 645
423 398
480 576
686 496
450 360
664 206
350 721
756 380
977 121
129 902
581 631
89 746
369 457
392 256
357 376
146 275
399 71
494 323
243 577
318 109
502 734
865 986
890 639
667 207
679 157
477 517
369 132
75 942
986 440
751 767
240 183
352 977
53 111
958 447
874 409
674 622
416 834
201 556
329 487
56 297
50 199
544 78
875 412
855 642
312 514
407 909
190 615
47 474
378 783
141 33
393 757
644 904
756 328
601 301
749 669
202 416
296 859
329 35
261 974
789 737
720 935
470 392
663 499
79 248
528 30
362 76
783 906
861 438
674 774
975 434
101 481
121 419
664 352
875 774
842 453
36 412
718 336
977 298
634 611
854 912
334 200
137 652
263 308
125 221
128 89
681 867
595 997
453 374
817 355
252 192
489 754
287 579
354 330
55 551
573 934
103 795
513 987
199 472
533 264
20 189
276 807
229 833
61 763
12 809
163 687
223 359
650 167
246 652
797 52
265 387
802 362
91 913
311 960
293 373
919 513
223 244
963 709
149 536
705 782
28 21
160 389
108 331
476 679
192 790
429 535
736 851
932 256
166 318
7 405
728 247
726 838
468 50
61 189
184 728
187 267
938 577
316 493
689 589
874 579
933 330
139 509
624 245
897 649
130 24
97 107
726 477
761 60
690 448
140 993
516 580
511 432
922 159
358 45
556 424
353 675
944 458
457 941
853 886
414 482
10 215
466 789
324 395
699 193
737 374
233 951
385 394
868 863
381 59
465 228
642 594
972 749
241 381
655 968
842 957
648 538
777 890
88 583
809 553
192 549
265 447
749 255
290 602
873 387
703 210
338 898
426 952
342 814
921 897
459 974
811 373
740 341
541 132
29 464
431 108
804 970
757 566
479 272
407 215
529 341
752 154
476 570
614 880
300 744
139 682
212 492
766 911
72 663
658 130
790 399
682 268
290 628
792 836
922 831
60 237
710 182
415 350
273 305
183 722
210 652
374 699
377 133
748 396
487 120
14 289
474 809
643 8
992 934
67 353
922 733
839 628
400 971
207 341
862 101
991 585
887 872
374 581
140 901
313 2
16 251
220 123
383 665
277 236
390 325
777 947
949 730
767 871
144 351
710 340
680 289
702 930
463 852
564 903
871 773
949 587
219 162
241 686
349 571
318 570
923 884
841 707
924 654
172 171
245 875
466 904
94 876
919 901
646 967
996 264
72 382
552 936
755 163
683 334
261 252
377 809
712 302
877 652
441 792
688 311
483 181
30 330
968 519
954 614
26 793
479 193
122 974
587 648
439 440
916 670
955 880
118 306
377 756
51 375
346 478
752 472
56 415
114 685
665 779
288 242
986 969
456 884
596 392
463 915
155 66
359 738
550 73
678 146
312 615
421 395
196 909
947 79
914 380
520 155
593 827
443 828
375 143
301 310
340 428
269 984
387 335
770 863
60 35
499 709
64 448
230 375
508 653
839 971
164 65
375 106
268 823
672 532
12 13
200 581
823 375
365 977
300 784
887 844
638 338
486 47
970 872
419 226
827 225
59 91
499 400
686 164
504 506
582 277
713 202
860 111
456 125
275 547
59 968
124 658
106 485
732 81
951 241
699 152
783 784
538 790
453 157
219 949
285 311
451 51
492 900
293 796
65 725
157 253
45 284
171 449
579 476
102 603
933 733
977 937
1000 54
600 912
17 628
632 601
384 677
526 900
423 892
560 270
137 83
874 173
341 211
603 224
200 761
200 653
535 863
593 458
282 739
324 142
125 749
806 150
477 516
621 397
596 840
308 290
4 59
408 932
743 702
304 853
229 736
88 972
855 556
398 855
173 68
40 879
224 42
21 159
602 765
394 902
770 513
396 733
313 814
937 803
507 736
29 591
403 646
499 560
925 314
521 47
564 972
909 91
107 87
344 771
715 897
107 887
296 934
105 647
607 170
572 782
269 845
849 683
277 322
466 125
306 466
181 730
715 626
205 544
760 361
621 102
483 962
687 504
694 428
235 457
698 931
336 544
797 941
139 15
50 606
993 854
43 427
297 847
368 20
927 207
15 513
584 583
471 67
640 576
93 717
703 660
758 705
160 764
214 419
920 38
889 647
945 693
450 333
52 425
732 347
401 663
238 404
55 550
973 31
423 2
957 354
981 628
820 950
622 382
369 500
575 140
928 479
13 659
398 503
312 116
384 641
648 974
122 919
393 213
857 472
34 705
241 3
960 991
192 956
14 182
380 434
532 311
787 686
369 167
890 604
84 446
722 228
274 498
743 548
692 172
285 530
895 850
148 962
481 335
959 630
244 539
934 816
938 703
409 395
264 386
53 776
29 807
904 754
880 14
449 993
448 222
969 300
550 371
718 753
221 39
745 957
571 465
12 213
703 796
984 55
241 935
165 561
824 218
831 656
44 326
338 39
139 218
323 649
73 338
590 713
276 273
542 620
230 232
927 18
513 378
716 807
426 277
77 283
719 924
633 475
819 810
380 844
309 376
38 654
737 373
133 682
521 712
505 825
560 464
149 336
650 407
379 381
203 555
739 717
925 160
671 460
68 663
879 169
682 919
647 343
345 351
755 484
721 8
578 375
427 321
290 603
252 681
932 171
570 757
5 326
407 214
737 553
865 604
994 440
425 979
230 273
299 966
28 280
515 40
625 380
916 831
961 850
249 96
446 906
843 274
990 199
538 460
260 586
211 156
58 958
676 370
19 805
560 667
631 576
944 570
412 780
295 719
439 101
442 315
758 845
549 302
420 652
332 670
370 553
443 223
524 28
524 967
310 109
607 649
168 598
742 416
447 268
249 525
659 876
557 617
40 717
497 571
941 470
581 895
279 896
17 877
569 712
609 233
829 774
498 54
831 328
836 466
431 606
384 811
582 773
949 14
933 649
366 496
494 165
261 12
826 634
651 700
124 162
865 956
367 526
100 139
66 103
868 69
271 212
826 541
167 295
728 483
530 361
568 76
363 440
694 540
57 969
43 746
541 359
764 336
436 376
833 257
27 158
9 703
514 899
677 200
75 170
750 149
117 283
84 212
785 95
696 462
145 440
79 851
372 224
227 708
980 14
598 437
66 602
801 661
236 270
683 713
751 739
204 618
40 432
407 702
37 647
68 486
909 792
789 450
37 429
866 727
324 159
453 317
239 492
900 892
903 335
617 724
743 659
798 419
181 419
515 351
718 378
332 529
4 43
760 44
524 151
297 39
326 743
651 28
962 669
798 349
67 469
939 136
585 272
346 260
516 962
314 358
870 371
564 698
727 222
417 87
751 212
128 494
403 164
388 343
29 930
603 453
91 233
42 319
636 395
121 946
216 582
272 988
94 619
721 131
868 118
595 662
268 828
347 545
812 621
523 482
816 616
377 550
655 33
984 177
34 557
496 180
506 501
324 452
441 189
682 16
60 412
957 138
43 726
825 729
839 106
535 685
368 77
994 497
227 258
924 484
636 958
912 420
565 502
827 723
508 198
213 972
567 749
606 173
37 158
718 971
849 904
648 333
98 412
173 462
853 284
175 256
179 837
258 76
386 57
975 233
615 822
27 777
46 905
451 581
748 469
288 731
458 792
684 621
334 274
14 928
145 434
288 953
932 498
38 553
723 463
707 562
764 673
327 861
906 868
46 983
970 623
243 227
405 816
603 162
119 588
945 859
628 246
223 562
224 756
210 443
882 355
941 704
762 134
54 507
972 858
520 844
333 272
156 271
727 82
983 311
142 846
200 603
994 593
797 50
122 916
756 999
298 219
173 989
462 878
821 813
146 23
536 947
39 288
853 252
782 184
852 78
217 293
551 325
526 669
919 481
443 552
174 680
268 661
363 273
610 882
807 684
408 816
830 791
628 850
610 229
299 874
545 630
870 514
779 582
840 753
542 422
45 847
405 303
795 379
743 353
235 150
23 833
172 381
345 164
614 353
672 972
456 39
475 325
274 814
604 446
841 852
953 626
862 994
278 595
245 996
584 178
12 395
806 817
113 590
898 420
239 250
205 438
173 934
263 282
590 27
519 101
354 707
669 408
7 785
998 460
410 877
380 19
440 488
636 348
953 46
204 464
167 220
423 182
665 531
136 223
635 781
503 245
513 711
738 506
76 105
873 545
658 335
716 89
601 175
375 300
969 947
378 201
592 358
459 849
357 816
616 364
545 816
382 440
681 144
40 808
95 194
260 789
245 241
771 933
332 725
930 893
972 480
701 62
670 510
484 597
88 163
306 38
602 464
168 27
900 724
687 236
526 298
909 98
420 433
480 140
832 81
193 745
269 660
550 751
534 224
681 364
957 973
410 282
214 812
894 130
309 520
921 142
480 490
917 81
486 144
750 829
487 681
367 375
774 477
119 790
214 526
21 63
698 203
699 126
479 766
44 990
102 851
842 618
167 781
996 443
427 992
979 591
488 210
859 997
950 476
973 85
665 348
565 827
806 575
884 455
103 861
677 802
548 702
297 848
932 861
384 731
998 138
167 192
902 893
355 864
502 753
195 267
513 690
975 708
535 821
612 88
895 715
472 819
350 820
939 265
653 539
639 758
217 97
708 745
910 37
237 303
562 141
832 497
151 131
652 676
9 702
670 677
912 441
490 605
307 385
575 744
709 550
726 652
442 695
439 309
387 390
146 563
856 404
361 601
109 957
35 408
975 629
978 728
406 17
653 48
710 35
879 872
473 756
591 499
311 236
508 241
757 76
260 702
948 835
642 434
130 222
594 923
513 391
567 844
45 491
37 573
441 412
742 498
559 664
780 155
626 667
475 996
537 442
542 933
814 846
998 219
853 812
231 712
768 866
825 631
571 87
662 258
519 399
284 988
964 110
34 247
264 528
742 175
211 981
837 649
812 441
264 767
7 857
216 728
23 98
952 534
932 994
149 504
261 222
579 111
687 203
110 39
646 80
521 298
761 941
43 922
178 703
929 989
312 969
33 92
601 965
346 744
990 689
645 26
518 280
423 604
636 217
873 761
985 471
549 766
416 982
660 697
303 107
948 380
986 939
473 788
960 258
887 377
800 187
430 362
415 754
38 351
390 820
140 267
362 503
749 265
201 819
773 553
300 577
282 212
975 171
675 535
468 255
988 502
240 886
520 776
948 915
944 628
118 843
174 73
414 925
843 426
257 771
519 559
387 640
740 818
10 589
511 602
477 281
762 441
714 292
71 865
537 485
791 424
218 172
779 352
543 219
999 261
620 574
162 354
989 367
168 559
613 387
261 638
82 461
86 525
177 295
604 74
594 841
115 47
243 226
46 579
56 100
983 582
238 299
738 883
225 684
264 524
341 546
665 276
24 140
522 183
212 817
11 390
820 944
273 595
660 25
703 965
150 975
725 637
470 656
29 54
892 2
859 203
275 106
591 688
798 890
207 738
694 699
769 528
857 335
255 544
436 334
493 875
227 67
9 788
450 702
877 5
832 394
388 376
100 930
655 474
438 738
78 985
982 691
678 216
607 66
903 701
874 575
875 266
567 752
951 593
383 51
19 666
41 822
922 841
796 930
213 592
435 458
475 187
850 471
540 447
463 517
249 932
602 864
310 357
314 872
595 473
665 773
858 877
639 32
755 543
747 131
894 246
608 971
201 363
519 305
392 816
64 573
323 792
842 484
185 991
223 883
465 63
484 365
765 236
323 937
971 885
542 780
437 34
590 24
292 763
548 564
197 933
440 489
105 259
109 315
4 697
826 769
152 332
302 834
657 721
622 139
554 363
275 134
920 849
152 763
860 192
355 980
891 230
334 856
845 297
501 467
265 269
916 836
51 284
180 184
697 274
91 623
987 181
170 370
708 758
216 204
948 133
640 638
881 238
184 298
668 4
62 271
924 446
943 386
302 510
819 144
948 308
161 974
136 284
264 465
139 687
502 193
35 622
696 308
364 226
810 452
706 661
834 478
709 722
925 949
277 760
130 473
599 139
277 422
767 445
553 143
277 279
16 281
493 528
895 473
100 745
828 390
12 251
878 567
589 751
612 848
432 78
676 929
35 59
73 332
920 467
884 12
115 415
710 640
819 416
440 568
941 468
559 997
251 630
876 815
289 107
607 937
264 629
391 836
512 267
841 593
661 166
704 805
683 306
113 687
689 357
618 261
565 826
531 507
180 463
518 19
591 763
575 198
632 520
6 327
48 585
822 991
125 597
881 479
337 557
568 223
161 287
626 109
170 455
227 10
982 430
541 686
807 785
227 411
691 264
711 181
752 298
473 831
277 887
813 869
118 844
587 120
350 575
184 437
973 843
500 407
377 68
877 495
679 569
876 169
288 578
145 335
847 344
39 815
173 377
925 778
92 768
364 484
317 570
176 690
141 364
235 337
220 171
844 813
757 508
962 916
620 836
715 984
77 511
918 159
666 172
950 236
272 387
188 559
93 354
229 405
49 247
401 910
744 117
285 308
488 775
471 41
699 778
917 191
212 555
280 172
669 430
618 470
821 275
272 816
42 682
522 144
794 605
228 177
998 405
932 995
424 998
959 10
483 325
229 809
600 915
214 215
933 683
303 423
547 541
258 325
299 324
908 498
359 972
820 98
473 121
751 650
627 664
597 368
299 725
28 13
854 129
692 36
472 191
767 855
4 38
619 617
431 33
71 254
425 920
249 316
741 591
505 170
912 422
329 372
26 316
88 237
145 410
404 753
575 924
62 155
447 829
508 829
434 952
861 895
709 836
221 448
974 518
560 726
943 777
893 590
748 471
641 523
468 854
402 260
563 794
70 382
572 980
974 800
757 464
794 74
945 238
28 774
379 790
328 248
435 828
719 20
555 764
585 511
580 462
727 553
401 985
149 369
494 550
633 316
63 929
907 7
289 876
343 401
399 483
236 839
132 750
558 364
390 34
216 919
802 162
971 729
21 270
63 135
979 518
393 879
980 821
710 438
807 260
935 467
739 722
394 800
786 513
328 515
94 698
403 51
940 916
206 548
397 561
75 347
517 768
77 777
333 671
426 3
816 90
229 990
378 504
307 828
678 797
475 626
226 692
688 577
844 124
479 427
925 285
639 649
621 110
715 233
787 228
8 221
835 528
568 501
87 679
491 486
165 105
888 914
616 385
781 335
808 307
829 67
615 630
748 21
931 527
587 145
143 919
663 220
477 41
154 282
279 215
136 607
212 170
343 896
698 753
398 707
477 90
899 111
887 531
693 954
361 673
913 778
36 79
516 433
311 215
63 662
201 153
992 252
477 380
63 743
580 403
290 448
893 692
36 301
129 453
538 939
477 493
614 246
708 383
181 409
224 798
573 627
667 754
580 177
506 802
718 35
721 781
595 788
944 44
67 431
842 711
347 175
827 377
578 545
739 288
988 684
664 10
974 363
120 720
318 463
356 6
730 791
312 164
530 606
432 717
414 973
274 160
807 14
898 998
389 241
308 455
388 63
464 717
1000 303
951 719
268 597
531 41
548 969
809 719
597 296
782 154
964 793
539 863
218 615
290 824
321 367
97 365
648 90
134 873
502 87
568 401
786 440
953 63
305 952
38 277
689 643
982 732
507 572
734 429
260 934
799 595
726 721
13 90
896 914
415 346
622 550
36 909
199 691
790 370
224 421
648 263
465 973
908 201
839 995
744 396
151 166
705 475
245 386
799 369
801 1000
306 262
809 565
651 390
692 710
283 538
840 461
119 211
607 613
168 458
480 492
267 14
784 244
686 255
449 780
858 608
489 3
680 436
370 262
884 291
703 681
209 29
433 119
211 571
640 241
404 434
449 735
802 93
180 345
594 283
958 840
63 44
154 222
363 782
16 254
722 631
13 728
893 510
633 240
989 907
631 302
377 527
570 946
274 23
856 731
769 929
329 637
557 873
339 564
13 779
725 104
589 677
947 34
145 44
18 818
347 898
187 617
579 790
86 932
919 398
166 469
624 498
749 640
634 37
469 524
678 368
40 36
131 911
351 616
227 70
326 798
153 244
836 607
603 892
788 922
609 195
455 847
309 618
970 660
384 351
962 772
673 735
945 82
429 449
694 375
740 355
348 183
776 820
797 630
249 558
33 745
869 577
225 533
997 927
634 955
256 39
275 261
862 843
789 255
206 815
375 908
391 683
732 371
60 996
171 453
73 736
109 369
94 735
983 770
722 968
542 103
708 779
882 716
752 651
275 80
423 888
246 677
32 363
587 731
882 917
129 747
613 771
338 951
299 327
626 398
487 910
41 284
871 653
709 853
138 730
895 638
271 346
867 25
407 170
725 411
643 392
881 181
131 188
943 42
239 841
899 48
539 73
499 564
122 277
433 358
567 543
126 501
589 963
951 764
53 929
148 767
557 352
774 863
23 201
5 974
64 390
318 685
605 610
309 940
205 587
995 633
232 695
411 375
893 574
840 438
533 637
736 359
816 399
135 177
282 359
515 303
241 776
867 315
72 254
755 803
516 643
977 301
561 46
730 623
909 620
194 797
817 277
505 801
823 795
384 968
989 655
676 559
146 590
755 238
773 499
208 155
138 142
924 609
571 559
266 375
578 602
848 459
983 58
155 597
119 284
764 215
472 588
574 880
316 576
479 244
760 630
968 579
130 796
377 711
873 586
732 573
251 234
472 237
713 913
915 429
865 874
238 980
946 557
963 601
69 682
715 232
364 986
98 234
448 389
250 17
969 613
753 910
387 34
728 252
875 383
855 701
342 592
855 910
771 328
352 720
465 855
688 277
16 359
919 868
21 537
188 61
207 195
689 576
942 402
804 407
71 400
473 641
790 198
460 905
177 784
658 972
823 266
442 291
779 672
173 209
459 942
129 427
737 62
511 447
741 542
11 907
619 446
893 691
140 877
159 19
715 995
315 988
345 185
612 781
975 413
145 432
162 388
456 185
241 645
490 126
727 445
487 612
399 454
937 939
438 360
811 910
884 200
163 421
428 342
984 798
56 989
777 899
634 866
263 420
211 911
52 393
453 822
772 898
333 416
941 545
74 848
23 913
955 653
869 463
856 930
450 79
177 781
365 96
826 402
938 200
830 506
665 948
320 623
763 876
485 583
434 475
915 88
807 926
544 318
123 451
8 107
544 429
213 62
184 141
333 885
209 815
340 183
657 787
530 35
572 490
610 789
349 323
792 730
943 125
412 763
417 967
515 794
878 546
681 38
902 625
826 953
187 701
313 874
779 913
687 120
714 166
861 821
349 193
245 991
47 794
615 746
27 837
636 711
527 528
415 490
842 66
663 80
80 969
942 25
391 365
451 542
359 185
417 658
605 161
736 432
934 653
81 525
335 176
357 936
818 170
715 574
167 603
496 1000
478 680
444 520
690 368
304 187
487 682
497 686
277 88
707 527
84 598
840 172
970 595
664 986
906 827
764 603
176 212
341 646
152 29
775 79
579 342
79 592
301 964
565 663
894 349
676 528
592 731
652 648
673 894
12 648
289 117
966 841
698 411
186 759
423 198
981 52
354 452
983 383
363 670
215 721
697 82
511 622
493 15
963 755
857 276
269 446
473 99
971 300
33 329
282 571
209 617
138 551
765 532
810 332
566 843
169 139
649 177
687 841
763 63
526 201
256 73
222 445
381 924
476 537
762 893
175 921
910 219
986 581
862 176
330 993
238 750
173 597
709 547
691 40
128 88
59 402
919 8
98 500
627 313
876 171
325 187
435 407
277 515
679 648
683 717
813 662
886 500
892 861
396 474
344 987
219 729
2 97
149 766
825 587
41 54
841 166
549 381
794 116
172 320
140 934
235 480
163 31
718 463
206 227
476 392
859 695
474 731
664 903
662 150
296 523
560 872
872 554
729 891
234 315
608 100
935 715
922 498
10 232
985 894
68 934
241 478
977 482
134 57
87 123
659 618
643 245
521 589
812 436
630 969
20 167
411 738
410 979
56 243
892 777
82 955
555 362
543 602
431 348
893 385
310 683
575 117
517 204
645 7
260 59
455 517
677 438
882 884
921 892
647 974
449 151
624 771
643 470
971 54
166 276
494 641
602 710
895 863
242 153
260 1000
142 460
936 445
630 11
723 919
460 791
490 350
154 547
718 670
405 279
482 938
603 810
162 556
624 207
774 751
244 144
500 58
466 118
819 646
527 761
162 671
861 31
111 608
650 952
462 250
913 590
205 684
131 537
798 387
432 8
894 40
850 50
723 320
889 936
395 493
785 677
881 968
718 197
505 749
423 475
408 80
281 454
107 948
132 639
105 155
932 946
384 888
773 498
721 961
280 313
742 985
690 892
711 682
786 639
364 535
206 554
356 243
512 19
677 743
289 174
825 76
209 407
906 311
138 925
986 249
492 258
886 598
446 343
51 261
243 277
416 902
933 943
437 560
645 123
630 427
354 238
95 69
731 581
75 351
832 316
339 860
51 80
350 444
153 992
377 651
286 836
966 218
383 60
922 852
575 946
45 739
616 673
619 770
675 564
328 425
98 303
740 834
871 424
111 535
168 321
847 387
395 405
634 316
103 147
606 830
735 606
404 868
41 614
595 75
874 254
902 537
119 782
728 599
91 361
328 101
935 514
439 851
116 204
842 531
141 741
664 878
591 349
924 672
318 659
2 714
913 240
966 979
402 694
519 435
121 780
588 950
767 653
492 561
328 722
542 45
431 566
364 635
309 150
608 278
216 514
68 547
30 132
273 717
290 741
844 188
203 780
838 721
378 282
397 676
74 563
539 583
260 108
439 302
123 450
431 389
807 878
701 487
511 907
393 470
929 740
660 636
388 582
986 622
848 899
883 89
457 453
244 955
503 682
549 102
532 788
404 683
512 306
649 592
45 711
250 391
35 533
478 399
886 280
780 397
84 770
439 96
477 301
137 818
935 272
369 459
4 630
953 688
976 767
461 889
282 348
763 813
235 404
242 616
300 72
764 741
124 644
803 35
646 671
828 598
99 862
940 120
524 383
449 947
212 91
654 974
569 610
364 273
698 70
349 934
523 49
580 38
474 393
882 314
683 311
676 636
410 845
855 109
103 712
305 802
493 236
384 800
21 693
802 458
769 691
152 683
602 175
530 576
821 79
312 49
775 376
96 856
635 813
734 563
155 314
263 847
730 186
363 447
705 257
460 447
755 359
403 58
56 276
240 17
826 888
131 322
598 564
467 346
909 335
322 555
344 15
770 567
957 67
763 284
670 824
986 757
880 80
370 898
279 168
47 444
486 884
841 331
40 38
973 938
478 472
80 807
173 374
982 984
619 937
621 442
421 632
37 967
434 757
128 520
851 124
524 942
528 41
395 226
1 175
590 292
776 679
779 376
690 277
378 484
990 578
457 182
543 112
193 900
585 394
864 223
646 891
685 927
408 117
157 326
474 506
55 683
132 644
679 994
823 678
717 415
302 12
542 218
375 831
917 813
902 194
595 556
102 556
263 653
530 420
971 378
130 822
365 224
459 174
651 556
156 198
873 620
125 743
700 907
62 232
744 991
334 808
763 218
69 581
568 476
921 748
919 329
226 96
988 147
469 460
326 463
330 2
23 485
830 975
870 648
579 717
376 526
928 937
274 573
21 653
332 789
800 413
921 447
984 345
71 575
257 775
667 860
874 264
358 169
550 555
845 697
457 840
704 199
208 140
827 97
694 422
676 917
182 202
609 94
202 540
505 965
197 775
219 883
935 537
537 410
580 344
746 96
305 366
283 121
519 495
188 175
820 670
140 568
471 462
970 606
312 429
538 743
968 792
509 744
419 704
728 341
314 502
951 942
134 181
191 44
485 335
824 439
436 901
916 399
649 268
81 306
523 295
545 483
251 910
747 773
531 816
882 36
206 602
893 420
553 569
556 692
63 324
1000 310
952 57
869 540
946 555
982 469
492 33
844 462
705 944
355 235
691 325
286 939
359 723
768 992
697 724
476 557
959 142
23 408
78 989
482 250
669 646
478 178
531 349
943 200
286 837
658 808
684 808
576 161
723 946
136 578
175 291
847 505
426 364
862 427
903 607
538 148
541 799
68 315
83 158
486 233
513 451
225 369
851 165
101 270
448 656
766 48
16 948
168 527
814 650
600 530
305 394
539 988
732 23
20 907
422 752
702 747
870 429
85 747
981 298
586 636
744 270
695 419
147 377
275 428
423 220
834 709
191 64
46 829
927 604
8 553
218 46
471 304
459 264
170 205
25 710
545 399
506 741
713 849
881 311
246 739
906 296
354 592
659 240
440 186
936 74
722 688
749 137
424 366
42 165
852 630
834 137
423 158
227 496
433 625
974 619
681 155
807 591
539 277
406 300
64 179
287 507
144 891
435 268
628 947
862 374
631 824
412 967
501 693
72 944
640 783
468 307
788 786
883 660
297 461
268 204
137 817
393 133
637 526
306 404
219 925
296 642
826 392
597 572
778 330
111 390
141 550
328 51
792 280
112 730
612 803
850 104
837 382
361 77
90 533
382 341
718 147
727 323
949 965
597 689
988 877
864 163
315 765
408 655
689 264
854 578
893 40
470 859
813 419
350 765
719 668
578 512
461 188
573 246
928 575
485 310
108 951
59 11
989 742
21 692
868 969
280 716
930 244
659 302
695 564
916 327
647 689
336 185
907 524
255 902
809 526
717 173
226 648
354 437
959 240
748 517
415 854
640 304
614 284
260 65
632 746
84 397
341 26
90 282
143 276
881 61
221 564
772 420
521 124
830 246
156 96
27 231
653 615
867 79
467 349
766 835
530 5
576 971
723 524
460 670
155 200
571 704
974 703
11 521
781 229
970 46
465 558
942 456
357 744
339 117
344 989
988 414
957 661
317 566
102 308
464 615
770 120
310 289
614 339
3 488
779 379
489 83
966 751
381 69
475 128
556 367
166 999
704 410
722 762
229 401
836 143
487 601
310 242
885 582
483 538
35 723
231 596
595 977
959 867
617 905
600 889
508 46
517 630
4 607
157 103
566 205
911 813
916 500
129 974
998 153
962 374
601 558
558 733
232 71
86 934
53 167
453 925
772 747
95 828
795 666
243 585
138 999
217 934
695 649
790 915
826 584
555 122
427 399
46 59
507 189
290 925
535 965
332 256
789 82
247 531
393 412
587 314
641 13
613 738
192 770
389 1000
563 309
446 667
347 882
782 974
387 203
735 79
743 516
959 603
999 926
433 441
855 666
658 178
296 143
857 26
979 402
463 237
501 90
598 376
353 211
279 207
227 742
266 762
505 392
748 444
16 397
14 648
608 599
612 733
961 909
231 39
736 395
58 747
331 661
634 294
231 948
583 419
16 171
549 287
10 17
628 312
130 191
684 762
315 121
227 853
448 518
289 518
16 826
805 630
664 630
90 337
131 539
870 164
998 105
548 168
676 997
932 335
789 194
441 300
298 623
392 744
431 841
31 387
180 591
366 886
811 935
243 233
311 291
258 644
146 570
522 289
319 21
270 491
38 583
590 176
314 503
134 182
119 360
858 232
792 150
74 786
280 426
530 630
455 251
868 16
815 619
138 923
473 40
535 888
275 222
350 870
298 197
393 303
929 877
89 248
786 174
588 230
327 82
459 986
78 768
562 905
782 130
436 506
260 168
868 453
156 969
92 367
982 325
821 969
855 210
443 671
260 831
652 617
156 888
749 343
808 311
677 498
888 517
778 783
785 25
291 848
455 605
16 489
608 627
348 822
670 248
776 435
488 657
953 809
37 414
789 429
79 55
541 798
175 512
549 307
681 651
526 525
666 113
98 527
262 396
177 100
914 588
719 240
185 625
615 135
802 992
6 784
176 43
272 606
439 962
462 353
485 128
306 821
63 167
944 191
48 566
203 544
403 226
798 953
267 563
803 581
908 43
309 148
497 92
376 94
472 942
289 328
588 292
420 694
194 71
190 971
900 244
807 923
843 975
776 644
955 989
709 810
194 361
473 806
188 271
668 1
620 266
503 390
308 656
862 219
844 322
188 510
528 515
784 669
841 476
126 598
951 515
454 89
226 152
763 483
191 842
36 905
173 272
529 248
715 725
420 447
888 767
900 813
943 738
292 241
679 967
6 579
228 759
10 526
338 115
763 702
177 55
659 919
605 47
366 605
862 678
42 895
59 55
651 267
234 179
749 784
382 264
366 972
855 635
88 155
543 158
176 120
638 24
909 544
200 78
201 411
220 401
777 706
560 222
266 234
231 563
497 909
775 72
423 844
312 358
935 262
595 933
212 357
122 645
51 643
214 349
343 187
647 291
599 106
273 542
915 155
536 164
575 205
116 742
673 93
837 834
640 386
881 466
631 298
562 879
502 890
820 139
749 219
843 794
629 470
863 484
795 844
834 234
482 255
428 927
469 325
201 575
769 893
809 952
493 703
294 816
903 994
540 56
965 549
715 2
37 18
809 969
408 878
209 921
601 431
623 762
889 484
652 384
780 333
766 546
107 99
823 425
577 327
482 901
945 283
16 49
697 862
771 163
706 916
448 908
384 420
409 392
338 87
746 872
879 596
55 22
112 616
580 471
298 848
409 817
836 136
33 749
965 300
345 691
609 274
479 728
614 13
281 495
300 445
384 992
208 292
745 67
581 749
90 776
343 238
823 672
169 671
497 826