103 750
632 368
163 557
609 621
683 418
6 405
430 152
581 527
933 598
5 195
778 325
103 972
829 630
42 88
136 157
778 724
47 937
929 832
772 266
921 976
688 553
650 851
934 34
481 714
669 783
244 735
722 923
261 925
748 159
30 874
18 786
22 842
792 789
537 536
819 124
787 538
350 342
761 205
279 206
391 400
74 156
420 96
850 493
412 988
382 214
295 709
760 258
652 138
947 510
747 157
340 541
197 884
345 454
414 548
132 949
684 650
686 200
724 891
181 807
680 481
920 272
918 815
333 197
875 654
659 685
163 794
517 695
917 109
171 263
334 209
651 49
491 988
385 421
431 947
171 404
979 525
7 491
509 742
591 408
974 272
775 289
671 464
285 53
252 72
665 655
582 836
184 71
147 61
5 39
996 46
355 958
941 987
985 283
470 477
626 95
919 536
167 279
705 660
212 652
982 120
937 297
226 800
691 726
854 166
892 365
251 351
89 798
511 769
539 410
100 936
22 999
814 387
192 926
657 196
964 960
625 866
805 68
369 522
960 403
905 566
911 616
678 301
956 71
80 850
213 602
788 888
880 233
74 176
684 953
763 548
107 440
839 907
609 158
738 378
315 23
686 10
745 590
68 293
639 46
568 933
693 717
974 769
799 190
984 597
608 961
563 465
249 633
949 638
596 581
43 399
465 49
907 38
195 216
320 328
76 589
578 907
559 956
198 952
436 837
73 517
721 913
294 788
694 972
253 276
950 378
275 430
996 236
320 837
851 739
871 732
175 97
109 309
823 537
848 427
25 708
213 375
929 46
180 551
821 104
327 275
973 285
316 608
562 840
447 385
856 597
854 480
698 164
934 392
368 351
185 383
47 865
708 621
30 625
144 704
570 522
661 689
62 166
9 826
28 114
588 922
40 896
633 519
429 626
914 254
415 688
135 561
709 732
253 688
588 719
3 67
922 951
649 597
541 735
305 927
658 925
897 627
678 472
573 238
150 1
196 711
369 194
625 551
525 476
236 599
2 955
21 141
991 961
796 770
145 929
686 256
104 604
546 195
642 890
550 851
516 839
388 678
723 381
263 230
86 591
50 753
915 591
163 978
719 745
206 980
523 50
427 985
300 361
393 857
671 138
894 321
197 767
596 138
831 368
411 621
211 236
366 9
96 637
793 393
428 596
264 808
372 777
122 612
416 227
548 820
878 23
960 992
498 867
248 946
941 803
489 892
329 663
556 638
958 62
9 965
859 471
753 104
324 548
647 998
818 114
688 669
485 857
550 247
812 822
687 826
65 479
763 160
585 640
216 93
606 302
697 530
148 898
900 401
648 458
174 858
971 454
300 596
980 22
433 381
22 137
903 528
279 282
283 735
884 252
841 217
698 690
199 547
516 487
187 443
127 845
174 153
232 751
942 862
490 171
128 954
741 594
549 694
707 606
580 464
358 482
751 393
92 26
132 865
67 332
909 579
750 595
401 896
733 799
111 927
478 938
998 173
621 798
215 77
181 333
807 393
534 707
292 682
959 338
121 856
964 228
103 664
380 995
107 861
220 660
324 176
104 997
121 969
431 634
199 494
702 387
669 202
926 656
156 291
139 147
927 534
826 487
939 76
243 587
178 694
530 419
930 393
678 747
707 308
130 821
792 346
852 714
464 763
503 186
327 384
750 233
697 483
165 285
209 585
709 848
411 949
142 97
971 93
97 552
297 62
160 482
895 970
333 559
772 41
939 520
83 730
529 276
602 706
147 589
444 25
523 934
230 558
856 73
31 555
164 136
992 537
922 892
705 356
101 851
102 500
788 869
435 503
603 814
359 108
326 895
957 695
116 962
840 443
845 694
771 815
576 405
940 654
27 559
504 432
861 396
724 900
376 234
429 288
403 305
768 726
508 511
829 362
63 943
546 471
985 813
380 917
767 951
55 283
206 925
334 214
870 388
890 360
716 538
252 560
20 97
831 315
815 934
321 947
944 149
760 351
536 511
220 380
635 539
302 958
104 961
746 400
252 73
280 428
937 947
989 861
61 670
189 457
775 937
986 197
218 363
627 717
702 153
62 56
178 557
878 690
474 442
165 305
354 450
352 792
995 254
479 401
249 384
639 695
783 233
770 728
74 765
237 351
876 791
131 270
903 916
795 823
454 224
170 131
905 420
100 568
340 15
527 869
514 580
571 669
553 506
646 787
610 253
350 416
832 175
939 645
597 993
164 172
629 304
459 536
801 853
396 15
469 719
201 929
398 709
791 118
813 730
200 314
452 886
480 613
438 801
6 613
281 106
559 379
457 685
197 198
514 136
444 896
614 281
944 373
391 42
620 906
286 857
717 486
903 143
873 290
339 506
237 699
59 779
667 712
138 406
916 217
519 460
559 959
29 832
622 449
197 538
471 495
275 320
367 174
388 993
940 182
357 452
858 347
531 627
629 680
243 485
850 711
797 460
980 966
769 683
897 414
780 359
646 88
560 368
562 85
833 615
787 443
716 371
341 925
256 433
241 85
901 463
647 735
541 120
7 700
911 353
605 933
161 372
159 769
134 577
605 982
734 746
19 259
424 337
955 991
43 761
889 38
355 778
818 513
265 647
435 115
327 193
130 543
226 948
78 909
28 226
143 792
735 85
387 5
264 472
943 120
861 927
593 981
580 825
942 320
999 817
388 655
911 591
487 517
222 858
196 353
64 84
500 193
562 126
323 590
474 942
129 281
679 961
927 726
176 796
983 611
222 519
98 529
45 118
326 845
966 646
969 162
71 806
310 122
3 542
779 417
523 438
968 486
845 928
104 748
671 228
289 814
200 223
2 589
450 918
538 683
338 993
685 968
869 187
708 127
11 281
983 167
676 541
898 563
352 109
635 594
372 628
428 454
357 504
730 834
659 450
897 329
147 150
845 19
848 505
828 807
9 153
601 727
854 291
697 228
354 449
501 670
86 8
638 549
513 650
329 773
798 594
590 392
630 757
904 281
997 394
90 721
748 512
949 311
181 861
77 604
226 886
734 548
160 104
380 499
697 311
959 979
289 535
375 264
120 67
530 241
749 507
807 671
44 925
209 782
230 944
395 717
412 677
625 134
904 853
463 598
13 231
521 988
2 344
884 516
943 141
54 620
893 883
353 37
218 953
520 995
786 163
425 609
164 593
512 819
284 128
879 993
148 455
941 254
724 242
407 550
348 136
141 502
257 217
442 87
525 336
374 814
784 214
125 492
876 612
110 512
58 423
81 782
79 271
542 941
728 531
492 960
827 473
133 600
558 347
926 371
928 880
486 406
698 102
77 171
447 9
893 201
56 922
141 725
223 598
902 55
1000 145
102 593
125 784
670 195
915 840
938 363
151 650
208 68
427 226
66 446
105 476
516 135
915 185
396 563
332 93
226 568
987 34
82 948
545 436
124 223
34 691
937 418
241 29
422 42
151 616
707 328
284 15
273 794
346 752
677 433
238 941
832 422
977 579
635 43
840 913
627 892
307 116
751 625
679 500
862 145
735 941
322 529
64 254
467 235
37 133
40 119
779 988
842 734
843 469
511 163
390 590
871 387
304 395
50 227
145 701
58 758
715 481
447 536
710 918
571 316
790 30
956 370
171 970
318 783
802 616
823 194
59 113
371 131
500 805
361 121
987 477
830 946
756 22
558 260
569 557
91 433
609 316
243 234
907 397
109 584
825 772
239 94
719 672
812 6
375 878
391 645
730 651
973 21
99 632
962 294
431 537
109 335
260 606
612 314
939 26
171 180
959 87
88 630
717 225
555 202
782 359
342 174
949 510
327 446
592 85
170 953
668 282
796 327
561 718
14 188
342 793
164 745
447 891
921 946
748 991
156 628
783 232
787 237
700 538
709 71
648 165
499 843
416 889
992 728
75 156
938 786
481 325
596 939
925 568
570 848
447 189
382 903
790 510
421 329
39 910
415 367
363 54
58 936
106 988
199 597
171 776
727 887
323 597
982 772
948 668
552 93
384 511
844 797
372 46
943 923
638 469
685 176
906 559
889 877
619 436
911 195
664 597
629 883
617 667
484 390
103 364
729 773
125 404
567 61
647 133
651 206
582 474
486 463
862 890
868 755
355 512
198 958
642 950
59 744
669 367
447 65
642 553
385 560
850 708
372 640
582 791
56 15
678 598
661 364
574 647
674 869
117 856
688 262
527 279
655 834
802 274
993 168
423 830
463 765
959 216
74 553
256 545
591 781
449 48
565 226
490 844
930 545
706 88
230 17
883 143
606 747
201 512
477 755
919 284
706 459
69 537
51 2
58 874
180 176
481 353
908 994
433 454
141 13
235 958
397 99
748 921
903 665
5 622
246 348
804 290
456 688
808 165
625 888
979 316
461 530
408 418
33 779
732 947
955 139
516 412
809 430
520 599
278 955
962 904
923 434
306 400
477 345
465 369
196 487
567 144
955 114
520 693
410 517
547 92
909 605
768 671
590 930
793 252
383 881
811 992
519 51
613 340
285 473
508 6
789 985
812 462
171 478
750 220
730 835
915 815
772 620
284 915
811 142
703 948
156 473
888 859
894 545
328 578
79 416
740 143
78 562
48 577
898 965
223 160
569 146
723 299
264 8
877 52
165 200
956 709
497 296
649 187
373 885
725 384
448 340
925 734
311 547
22 562
226 89
887 364
728 267
964 907
967 468
689 482
810 291
240 101
973 835
692 797
770 931
771 390
442 528
490 356
163 342
495 533
204 742
401 730
157 876
728 984
988 826
399 979
830 641
323 557
325 455
609 196
149 873
491 63
157 654
289 638
936 771
449 880
28 937
512 594
840 383
737 233
546 433
653 491
656 273
931 153
771 608
573 692
43 457
150 623
750 534
779 93
581 857
450 461
803 913
414 176
788 485
717 265
352 700
120 435
573 918
426 245
138 129
447 153
363 850
289 43
751 79
552 911
247 351
494 220
125 169
967 999
553 951
293 756
95 824
26 977
99 317
947 587
273 648
968 864
147 915
425 341
121 898
35 914
472 792
807 860
848 147
815 727
303 141
855 944
363 414
806 28
980 120
191 957
260 176
566 700
60 261
813 833
820 319
714 774
397 90
232 785
212 47
875 281
363 77
236 469
151 298
23 81
596 149
639 160
122 284
762 279
770 822
457 17
455 522
61 399
250 440
127 914
473 735
610 424
888 155
116 417
23 823
465 671
693 991
516 596
644 545
542 748
282 366
818 364
125 286
624 419
77 411
137 990
291 325
868 585
885 437
614 93
923 664
11 66
824 751
88 538
551 580
875 982
875 528
949 825
137 147
20 99
673 33
546 183
180 361
567 377
479 991
116 571
9 327
229 228
211 873
820 953
252 75
345 479
532 117
328 523
976 151
315 775
356 249
708 854
587 623
398 450
769 766
476 998
274 44
702 268
890 564
62 830
68 580
617 441
38 180
169 811
744 913
872 230
781 532
570 629
790 802
556 576
759 75
282 637
445 31
928 39
92 852
825 417
848 782
740 472
133 418
544 503
862 227
40 822
458 237
390 894
796 149
799 726
265 587
912 506
913 87
456 518
672 156
98 455
960 406
763 475
801 762
452 594
758 743
697 953
438 517
918 275
64 74
549 221
239 731
980 191
948 669
36 119
590 570
20 866
84 859
340 717
951 511
935 986
41 616
525 262
158 817
36 341
991 895
449 824
983 959
591 170
713 280
481 735
553 218
116 889
909 584
746 208
414 136
183 469
168 786
243 374
941 649
577 175
232 229
786 714
90 207
56 851
539 910
759 747
620 576
113 273
711 644
124 34
949 63
595 747
299 486
707 485
986 52
458 589
983 801
332 102
688 406
703 243
51 502
877 958
843 882
644 353
517 253
321 76
431 387
930 574
19 261
460 401
706 89
890 157
123 294
861 620
371 905
896 438
259 48
98 120
360 731
516 386
47 49
529 466
57 698
731 980
239 793
610 159
198 239
204 620
957 426
887 681
328 815
866 996
120 766
945 499
639 233
495 609
59 705
177 218
580 616
119 891
802 913
604 485
199 756
310 120
737 204
385 87
701 617
758 634
466 858
603 679
286 241
803 41
903 2
465 18
916 255
438 521
370 145
693 365
246 923
300 356
980 774
485 160
413 131
287 638
458 828
497 786
149 377
579 492
319 41
273 296
401 596
272 860
792 163
258 771
643 984
575 543
725 572
337 651
907 515
188 221
971 340
458 609
755 461
583 759
332 394
651 518
467 661
450 989
549 639
751 889
904 234
869 718
194 470
825 360
754 318
368 461
579 81
319 626
291 673
723 674
355 294
426 976
31 675
714 995
259 744
916 887
114 899
503 819
482 191
828 45
39 849
278 139
116 367
69 286
733 295
218 788
296 950
481 110
193 594
726 612
539 751
588 637
421 610
6 656
443 22
26 114
672 544
413 690
280 761
852 297
996 668
671 932
837 460
286 322
713 246
767 783
699 39
647 191
906 887
124 193
747 467
327 771
111 920
776 907
379 464
90 869
987 145
682 673
202 855
722 158
336 493
375 900
90 788
181 251
94 820
129 848
848 328
920 69
333 400
225 783
997 121
506 580
488 71
219 297
989 709
744 152
964 389
158 340
143 589
90 54
881 353
39 467
477 481
937 416
683 68
740 51
208 868
282 759
389 817
981 823
564 193
768 454
364 863
290 918
809 766
406 540
703 286
139 947
726 85
178 919
70 649
952 146
373 840
583 965
89 385
626 360
519 182
475 158
819 211
288 409
693 699
958 645
373 106
874 705
749 121
16 371
472 341
843 326
735 828
991 326
856 251
280 851
605 448
880 193
828 97
81 684
652 311
926 914
177 145
658 992
454 327
495 921
832 915
409 70
373 317
567 821
549 282
897 809
789 491
737 42
741 994
747 145
344 732
73 418
869 519
665 166
277 40
502 11
724 903
505 975
180 933
698 806
383 554
336 683
872 525
101 357
798 277
447 329
860 246
897 100
437 163
2 640
370 326
903 74
928 670
68 897
675 187
823 787
495 450
423 417
261 262
235 891
941 676
859 39
94 784
367 772
759 518
744 357
266 189
759 831
52 300
310 620
990 977
264 788
63 108
125 931
697 34
920 895
426 8
869 292
278 445
108 666
943 758
920 750
578 406
62 63
834 12
636 128
894 856
678 869
790 803
576 763
522 753
913 308
79 585
78 948
62 281
134 890
930 765
491 465
245 226
389 600
608 224
761 437
240 942
94 25
350 423
279 121
605 435
491 255
828 150
687 221
671 568
516 299
330 258
268 309
867 505
27 750
121 255
339 48
83 324
823 258
979 635
519 517
645 730
723 150
799 277
474 632
956 272
723 7
279 573
482 683
988 97
448 662
380 721
698 465
996 305
457 584
225 484
813 155
221 430
564 807
46 762
125 3
256 966
897 64
920 159
150 532
707 825
690 569
181 130
187 548
724 744
638 850
325 308
733 614
720 331
955 532
871 728
506 636
678 596
146 317
654 298
203 948
406 101
262 751
928 503
569 11
227 139
854 484
327 412
347 610
296 496
830 77
524 853
543 936
412 446
344 284
648 244
351 187
963 573
235 658
402 279
250 61
866 131
463 819
231 311
583 34
895 796
291 994
678 242
184 530
794 871
60 189
443 815
889 467
528 663
677 58
173 267
980 109
770 174
749 600
18 632
348 791
852 423
353 426
214 968
906 379
988 295
796 702
72 832
827 208
404 775
831 696
903 351
564 997
121 501
249 680
270 872
236 994
185 912
791 227
651 159
283 819
641 389
492 991
185 769
250 544
525 523
711 948
710 521
141 399
257 269
295 205
902 447
725 872
962 586
724 669
943 932
513 124
931 477
626 991
328 870
391 719
638 846
622 339
180 290
850 678
744 189
707 51
928 420
216 630
91 822
309 706
848 395
483 160
584 661
769 549
864 741
897 879
234 933
31 963
551 32
238 805
810 106
977 971
942 935
249 460
714 526
142 47
401 151
593 763
791 399
677 363
143 643
327 166
809 931
829 416
540 53
722 944
852 775
30 883
591 88
36 756
518 996
186 865
778 881
49 583
70 991
198 32
143 929
791 981
425 836
344 820
823 420
606 76
245 508
601 332
732 994
749 572
704 67
832 904
248 191
288 826
75 738
719 149
576 397
121 585
107 195
743 51
893 642
894 165
842 320
400 691
132 990
98 560
135 213
525 333
653 408
344 446
270 836
931 10
970 748
241 756
737 239
186 95
11 88
563 599
267 178
80 435
571 96
385 291
152 210
685 920
188 656
324 304
759 908
101 34
826 129
479 997
371 740
674 637
109 360
811 236
104 120
929 121
532 194
294 149
8 154
795 656
940 415
13 755
979 757
878 55
57 791
111 460
99 396
707 333
636 125
963 727
532 552
90 154
350 799
441 545
904 135
613 667
924 218
564 113
787 210
574 14
145 39
856 419
302 461
683 824
861 546
353 267
892 548
969 705
752 223
988 288
592 424
991 304
558 621
369 577
300 677
49 611
783 548
752 46
770 901
723 736
95 412
501 990
27 916
447 807
51 970
502 438
378 640
966 1
658 846
723 780
793 348
796 960
121 226
468 369
571 448
376 16
729 524
914 646
331 792
637 560
434 611
73 417
591 35
885 258
852 188
16 847
758 675
66 608
585 431
263 298
453 712
20 109
665 368
658 804
559 788
233 854
551 932
8 572
834 760
458 708
259 909
960 782
307 921
129 605
633 862
190 102
267 747
143 436
189 310
887 131
816 512
302 527
375 431
21 825
951 791
109 144
352 907
338 690
786 74
532 538
442 756
291 969
265 986
362 478
877 429
173 667
370 965
723 955
61 288
444 168
567 634
127 35
737 875
19 788
921 412
905 795
46 63
196 744
516 443
131 863
188 788
579 565
942 117
232 668
49 506
509 208
236 616
605 166
828 356
576 501
448 632
391 951
346 430
509 50
499 231
971 631
426 839
767 599
589 435
347 8
719 784
152 10
336 295
640 239
785 778
726 176
67 38
252 250
551 840
85 470
416 365
683 481
685 531
708 948
330 574
137 886
772 312
981 893
195 680
365 232
312 908
683 143
186 941
170 470
891 96
910 426
913 390
130 616
757 663
673 262
359 671
535 632
293 125
134 871
273 780
679 441
847 555
369 600
575 760
893 648
571 701
74 511
97 822
61 211
227 727
9 616
785 255
70 3
786 336
837 463
383 472
443 278
993 380
944 600
282 19
357 765
174 29
505 330
602 984
866 446
932 201
37 299
850 430
118 654
174 140
638 465
896 650
36 354
577 943
116 411
245 313
732 829
131 712
903 350
172 484
398 132
85 10
5 259
932 318
527 167
292 989
206 63
23 607
121 613
230 129
180 926
812 171
798 338
620 648
660 279
953 267
665 447
171 322
873 60
751 199
741 509
780 830
480 310
842 880
544 518
122 766
102 568
932 899
464 389
906 356
177 800
659 164
354 22
378 326
530 459
89 137
779 787
522 807
660 257
670 503
642 788
145 248
218 478
950 903
277 779
765 924
768 1000
382 736
863 115
408 965
705 113
562 730
134 835
175 29
412 673
360 754
486 732
878 596
874 747
253 405
776 275
390 983
338 412
784 782
178 53
582 700
71 450
900 700
577 345
504 187
69 173
269 859
934 599
944 307
44 477
460 970
193 705
837 168
819 693
490 5
552 24
499 497
427 636
834 803
447 625
414 266
183 91
205 703
760 202
634 751
770 951
376 211
177 422
15 898
641 375
435 858
662 175
668 936
29 738
823 920
579 650
607 865
651 11
376 945
654 369
922 874
345 550
881 948
382 818
257 360
194 965
929 286
971 647
309 52
243 304
69 882
413 22
786 528
76 368
662 839
596 911
602 530
261 194
523 307
339 655
781 779
836 330
414 992
436 88
280 452
651 727
105 593
983 282
217 943
53 209
274 222
609 833
633 521
351 476
53 37
211 171
739 895
78 815
209 588
655 421
566 512
271 428
196 701
866 358
848 805
943 478
446 642
237 263
972 382
222 101
95 249
888 897
759 134
725 18
503 580
572 427
244 596
602 638
326 86
739 586
165 902
683 659
562 288
546 957
84 108
636 657
583 378
896 852
988 458
934 992
352 300
203 888
468 396
482 931
110 855
348 984
314 856
444 491
339 135
585 227
838 223
948 811
112 571
463 302
746 950
361 492
206 381
220 49
392 768
932 374
291 326
285 882
116 241
335 913
790 106
34 188
742 564
493 505
43 310
633 442
82 336
101 244
410 747
850 321
13 530
275 299
390 168
52 447
437 67
155 958
816 852
223 455
705 588
264 790
172 903
924 175
966 363
221 802
976 25
995 263
852 644
725 754
123 64
768 309
364 814
825 196
75 293
573 219
394 763
346 720
679 182
276 763
304 912
636 241
998 1000
731 559
92 855
273 907
297 720
930 763
207 439
411 178
982 719
967 409
949 119
553 509
900 342
4 291
795 40
689 749
317 804
912 268
307 370
236 308
572 318
520 833
424 182
796 950
624 149
697 815
862 403
366 982
653 108
654 447
969 431
608 761
735 560
866 801
25 455
500 103
671 856
54 933
658 597
309 519
771 782
644 512
490 236
736 140
295 453
79 338
814 803
853 775
68 193
31 479
850 60
237 694
823 83
720 656
243 93
285 320
788 408
510 596
661 90
686 571
786 713
203 985
828 792
336 70
138 836
637 136
820 920
33 122
824 347
113 820
275 37
242 144
523 379
906 321
713 857
273 708
498 762
905 15
321 208
229 999
415 890
290 621
132 152
579 817
38 280
252 703
862 721
934 29
930 784
666 855
626 589
544 423
23 428
496 120
210 629
578 154
32 250
711 90
566 891
742 125
420 881
136 264
339 771
476 440
409 369
942 325
669 531
49 682
981 289
286 681
32 984
643 599
2 224
342 610
204 766
80 820
279 268
24 967
44 506
745 643
407 680
780 390
747 61
359 179
197 20
469 863
201 209
115 951
410 367
304 294
86 724
793 934
496 994
975 458
585 4
324 56
509 100
148 270
277 110
462 426
174 478
654 804
937 79
996 318
722 38
262 942
569 617
534 313
718 10
87 922
479 626
725 886
561 253
121 838
711 839
164 213
578 536
806 282
356 94
871 617
855 100
87 222
525 177
976 237
869 408
691 856
871 766
68 761
697 997
950 715
972 919
239 670
995 462
557 555
697 88
806 266
96 849
27 465
725 682
636 91
298 132
687 738
429 686
88 848
14 120
181 713
97 518
100 927
49 923
493 696
562 731
744 650
763 166
377 487
930 803
870 178
772 891
740 606
927 370
948 387
532 834
754 622
44 696
358 939
193 422
219 674
112 306
524 833
504 188
642 276
992 849
884 807
296 840
794 203
634 266
672 547
233 403
456 398
314 820
528 34
325 340
842 334
384 298
497 759
315 450
614 218
436 630
183 203
611 994
484 346
448 720
12 497
508 320
290 15
864 232
917 82
235 99
484 297
983 209
585 258
785 832
347 115
559 882
484 818
565 753
569 758
417 97
110 214
423 15
707 128
981 609
871 653
536 24
699 996
859 326
333 286
116 594
281 643
521 341
540 599
423 877
191 273
622 79
713 785
977 932
523 528
733 102
998 882
748 609
821 219
604 733
526 768
928 31
69 699
251 328
235 719
198 465
933 770
617 408
517 67
153 752
329 701
602 349
786 100
369 918
836 428
960 287
815 147
981 135
645 117
696 265
667 408
265 342
300 679
265 956
878 992
148 787
248 511
636 658
814 770
21 224
736 532
109 750
330 237
370 814
496 765
127 470
724 61
340 326
839 924
935 861
10 638
482 531
657 285
514 190
608 845
534 165
701 716
44 337
944 335
176 985
14 861
92 69
111 731
146 784
400 544
360 292
486 292
327 992
589 397
312 455
898 466
775 120
797 704
875 532
660 200
826 48
116 912
172 866
979 530
180 373
362 624
699 915
459 406
920 932
584 497
346 12
293 515
39 99
705 579
299 510
558 743
492 485
905 18
906 317
433 785
837 771
631 235
887 157
503 148
179 322
977 529
963 578
857 203
51 188
126 832
986 993
492 26
554 45
217 271
352 909
425 87
528 896
530 50
808 400
563 832
978 992
209 841
883 869
97 808
633 846
210 521
14 765
198 110
202 101
476 324
574 405
338 357
526 344
897 616
304 959
735 674
619 932
46 61
656 145
867 232
931 793
714 107
730 673
845 707
476 106
258 469
297 617
415 25
698 999
845 596
62 954
250 698
287 979
309 695
36 337
838 411
727 449
200 90
686 350
926 110
233 22
215 130
199 727
219 199
238 353
883 108
635 735
651 82
267 845
816 994
73 927
868 990
691 797
943 180
725 548
143 101
555 45
848 49
118 439
264 898
53 264
277 463
392 38
377 744
415 778
659 104
878 348
4 83
528 861
66 820
19 374
459 847
31 715
624 837
53 603
58 887
807 582
114 923
433 193
317 214
430 431
69 405
198 59
750 903
97 820
829 123
528 650
106 938
602 567
343 971
800 478
984 363
487 104
254 333
584 361
18 631
975 183
297 564
45 846
525 68
418 704
311 15
598 757
103 169
361 282
768 630
756 86
521 898
520 555
172 486
249 685
50 902
641 361
590 820
276 452
171 678
978 42
543 134
305 348
361 440
711 945
893 78
345 712
822 74
807 482
790 920
422 580
719 758
389 261
462 325
626 986
94 860
972 503
756 361
578 537
636 263
931 431
293 586
403 6
560 387
851 644
543 730
320 594
160 785
379 135
570 868
807 81
895 424
186 621
468 599
216 488
147 122
894 170
164 735
751 645
94 408
421 200
186 847
540 786
174 528
13 620
648 147
984 584
707 638
908 605
75 859
95 276
98 24
778 703
287 454
948 396
109 632
865 506
356 391
602 523
348 839
350 269
151 484
746 702
49 294
956 245
563 781
766 260
820 803
595 213
235 332
400 807
657 921
614 328
31 112
163 8
166 909
300 151
734 665
12 355
395 109
287 939
182 151
243 103
315 306
600 548
49 226
750 602
801 862
660 326
167 854
478 91
964 92
379 468
132 654
816 987
319 248
238 392
204 296
703 838
324 721
695 482
897 431
347 272
460 17
891 351
748 700
711 584
747 787
161 468
270 310
787 392
327 323
99 288
844 254
263 788
912 870
958 477
706 106
693 268
782 175
932 747
970 439
353 415
185 874
568 486
402 346
26 414
174 782
621 159
658 171
622 648
18 778
23 511
101 971
691 17
144 188
951 579
681 107
3 115
866 57
683 532
415 262
533 687
404 629
757 129
25 376
614 522
236 752
874 343
746 805
432 293
184 926
141 387
195 36
754 964
684 755
421 915
31 84
880 562
662 222
404 826
810 965
424 7
194 658
359 264
328 116
491 736
119 684
29 708
581 919
929 478
654 797
894 422
16 977
916 204
241 614
242 825
957 884
210 283
341 579
498 79
849 617
436 873
699 805
253 211
152 416
794 531
542 173
45 491
232 142
985 976
573 88
510 649
186 707
958 957
81 415
102 738
825 1000
220 998
910 742
103 740
427 196
857 447
51 624
345 339
517 883
811 136
26 830
333 658
523 430
210 183
817 717
398 118
612 6
864 932
284 105
838 960
344 260
255 726
200 808
627 579
976 313
334 376
798 518
503 260
235 682
843 939
961 36
653 678
196 791
88 952
329 434
757 156
725 52
28 260
105 911
133 978
1 688
878 530
274 644
477 907
443 775
464 794
374 317
946 146
568 736
397 202
295 899
41 800
667 867
400 65
10 640
248 139
980 196
201 59
844 795
884 792
581 216
729 621
720 884
610 312
405 739
81 942
813 501
409 983
852 365
232 558
230 9
914 888
664 603
572 892
410 293
685 59
306 712
784 419
968 64
200 170
932 763
404 60
693 498
911 431
883 28
457 838
342 371
694 964
417 40
163 540
220 603
497 250
741 87
651 819
873 871
677 831
843 523
823 529
111 291
350 553
755 398
26 786
703 124
998 680
469 86
507 143
238 781
296 500
497 437
64 645
217 22
950 958
581 96
388 435
84 482
601 184
564 52
178 859
880 571
514 769
398 876
806 89
274 454
522 608
108 47
113 455
222 35
121 511
965 729
658 243
183 652
974 681
688 934
325 203
71 475
827 921
535 456
66 761
969 504
279 383
248 167
927 307
69 71
73 28
989 22
202 376
258 726
166 791
409 2
232 763
196 350
567 889
577 525
177 447
694 356
396 671
533 810
625 825
681 639
168 582
454 835
340 972
116 227
903 193
194 589
584 221
270 654
896 201
608 195
368 856
367 90
637 72
964 136
712 97
750 665
474 412
111 97
441 77
685 850
237 843
167 96
928 440
466 667
214 197
915 377
574 677
122 620
603 151
859 257
955 786
83 891
325 730
566 392
717 820
214 398
868 447
351 10
264 14
874 933
624 644
404 53
597 223
48 820
36 609
218 588
862 176
903 981
613 581
999 620
657 235
863 141
379 738
120 577
317 249
249 163
286 888
252 786
455 655
95 420
141 28
874 633
503 643
441 5
461 607
515 787
452 806
99 604
398 644
629 98
6 661
932 127
828 440
222 603
813 428
816 400
634 379
777 902
344 709
547 841
300 144
604 454
751 401
897 994
935 622
353 762
928 792
99 926
345 698
487 595
91 426
805 698
935 767
920 172
833 925
315 674
922 454
642 969
919 39
343 225
965 858
871 655
220 515
60 872
170 248
560 416
47 594
194 226
88 609
855 251
837 924
531 801
308 911
517 798
739 898
452 648
513 751
311 974
493 999
316 544
189 302
139 404
881 640
839 308
424 162
255 573
131 397
598 37
235 705
531 108
716 144
165 150
536 982
204 892
852 944
411 58
400 297
398 727
471 822
63 705
437 962
117 350
208 534
954 116
541 642
333 252
364 137
369 613
705 195
247 604
658 827
786 260
457 394
168 51
116 652
348 995
61 280
338 383
840 709
597 725
697 784
115 595
21 553
98 287
528 354
269 892
163 457
990 286
794 45
944 754
961 564
129 578
984 723
378 622
352 252
940 789
109 993
428 65
345 869
110 551
202 914
43 410
745 260
157 398
30 642
258 532
841 650
381 321
368 864
225 701
779 204
798 56
507 279
591 611
557 335
501 829
526 678
595 725
445 966
619 489
468 537
569 498
109 473
256 429
539 710
250 636
462 975
433 791
218 371
415 236
132 167
156 44
632 701
907 991
679 179
312 867
946 478
507 832
454 841
118 602
735 232
868 463
445 394
620 280
468 989
38 283
44 860
135 695
106 549
412 740
655 344
731 974
680 876
183 683
350 424
870 675
276 757
65 264
182 609
737 766
27 884
947 263
822 945
735 684
975 221
982 799
898 112
844 788
519 512
261 784
614 390
279 459
282 477
152 772
305 84
125 331
343 756
672 215
526 246
525 256
84 720
413 998
175 763
568 797
186 160
296 544
67 383
253 88
570 266
571 63
633 490
358 317
290 53
456 172
55 375
702 662
774 259
261 468
941 370
889 705
658 51
381 357
537 157
332 815
741 453
101 102
270 461
586 754
243 974
349 888
78 430
560 409
891 425
929 180
142 651
803 591
301 131
695 549
593 103
833 528
299 476
858 69
929 499
695 602
274 146
133 93
248 927
924 888
66 16
288 26
866 459
498 967
815 390
522 345
674 962
125 676
570 531
38 37
520 292
482 435
579 963
672 239
137 701
284 253
339 121
436 416
57 557
740 726
388 323
541 259
231 477
216 74
454 196
882 515
799 688
236 388
843 180
740 564
690 556
947 242
508 772
625 508
316 66
973 954
260 571
111 47
671 539
502 498
657 441
415 473
444 905
603 878
577 21
822 524
275 827
295 644
25 416
888 376
245 261
853 966
330 217
487 328
272 263
811 682
663 325
6 968
792 846
598 890
858 707
231 839
289 708
167 735
813 105
531 602
653 448
413 891
219 180
148 248
646 651
59 815
722 37
188 649
465 20
803 444
327 938
301 567
318 309
901 760
744 275
691 812
798 112
394 378
153 910
324 767
160 947
406 104
149 500
959 7
726 502
176 446
911 160
753 436
418 471
935 30
791 37
81 375
337 653
626 858
213 594
597 508
462 775
356 270
359 985
416 107
768 496
769 937
772 280
900 213
812 521
62 248
151 655
252 734
403 708
756 862
156 916
378 36
695 973
130 763
302 777
597 79
843 195
113 482
723 537
155 197
672 489
714 892
198 37
571 733
623 780
662 756
757 826
867 342
32 999
822 974
254 284
182 553
205 968
244 786
631 646
871 407
268 2
287 230
254 367
314 832
757 91
903 408
482 522
67 904
999 51
400 793
685 352
135 835
1 187
770 198
595 15
499 98
371 375
654 660
21 25
371 92
776 802
318 629
817 138
567 814
880 758
168 690
135 502
543 501
885 408
674 356
513 34
378 271
290 125
842 702
517 746
704 691
292 792
524 486
158 188
824 568
328 647
627 45
76 285
341 911
821 405
787 285
128 366
475 469
522 18
940 261
801 73
76 195
601 970
744 45
448 566
821 183
569 70
808 778
665 987
562 777
428 855
783 111
679 142
972 148
169 833
77 632
78 819
1000 341
714 559
970 437
661 752
387 167
795 802
445 101
446 646
819 168
69 585
985 80
526 33
969 708
91 543
88 893
139 740
321 729
784 735
869 761
455 626
614 697
286 740
749 650
109 747
129 59
118 859
592 189
983 733
663 674
442 273
888 321
83 33
736 373
519 684
617 534
46 262
439 813
353 660
176 122
210 247
873 333
157 540
837 426
451 227
979 825
546 492
360 295
582 502
475 22
193 249
43 298
216 870
158 9
175 949
508 214
937 970
450 347
547 891
471 435
388 532
918 758
324 567
904 507
544 578
213 345
843 766
240 393
114 430
958 157
209 386
392 190
670 273
503 224
177 876
367 593
389 799
677 460
949 375
189 162
264 199
640 610
182 981
200 953
207 514
777 271
122 246
738 574
565 424
863 183
832 265
870 721
299 972
709 605
354 780
52 652
182 759
588 846
187 687
478 354
706 641
908 837
526 428
416 607
308 933
899 26
495 741
477 58
663 959
799 509
692 579
532 650
71 390
225 663
460 959
173 178
875 24
471 521
277 372
403 982
317 627
780 109
488 555
255 422
549 312
151 76
2 941
719 72
576 458
944 366
215 441
362 927
183 159
132 915
428 38
79 852
732 116
241 695
112 825
385 253
519 438
88 212
523 130
138 415
267 241
430 671
774 973
555 610
786 365
672 306
355 520
569 706
216 708
873 212
671 297
829 865
422 313
775 383
670 83
254 684
366 490
169 622
561 512
341 808
436 28
882 124
421 737
463 137
485 585
165 331
882 975
522 780
100 94
397 296
636 376
818 566
35 800
643 29
860 937
97 623
43 513
320 138
609 201
1 865
611 66
332 28
500 387
108 184
561 335
861 278
848 527
762 77
241 83
49 686
252 430
35 495
736 608
255 8
168 12
701 958
792 966
889 70
109 691
620 225
205 948
558 136
260 715
140 33
597 745
405 451
633 58
780 17
806 508
676 66
954 364
849 626
900 906
595 114
517 871
7 416
176 996
389 917
768 760
415 143
314 126
643 871
580 373
525 692
672 872
234 201
555 561
620 795
793 196
745 195
393 758
33 335
607 921
538 688
975 613
851 427
342 290
807 364
441 83
650 441
442 255
466 665
820 888
627 366
976 86
975 808
636 486
824 998
124 204
237 107
773 30
864 763
180 244
226 668
333 600
770 20
19 185
242 402
817 868
588 33
915 499
147 861
812 921
5 399
549 858
79 527
506 193
933 76
537 819
169 407
207 363
390 825
14 265
218 876
992 631
459 586
98 390
961 725
623 892
516 346
349 695
125 688
692 571
896 764
666 410
887 1
88 430
162 653
749 967
275 854
862 766
426 790
707 699
300 771
429 417
413 572
680 353
153 487
675 422
860 122
736 72
573 603
504 380
805 696
534 366
543 500
855 294
14 486
840 69
860 152
366 209
349 925
850 866
10 109
67 84
233 892
590 160
439 652
816 941
319 74
100 580
364 545
128 367
77 900
719 841
23 364
531 803
968 967
831 387
381 526
4 865
904 431
789 53
815 603
851 786
321 227
543 584
677 582
734 905
76 83
994 714
80 150
227 201
238 812
213 422
415 830
517 62
630 601
26 763
652 795
359 589
730 355
970 434
458 366
558 661
425 127
597 241
938 807
553 388
883 909
259 113
670 769
340 108
288 527
529 485
326 75
426 967
322 802
533 684
861 847
59 317
757 142
558 849
16 8
163 459
118 715
121 341
283 546
966 293
804 64
92 466
864 315
387 512
228 690
444 599
67 756
768 561
987 423
658 765
250 238
936 999
536 819
447 737
853 878
824 776
806 936
257 429
276 511
538 982
813 176
660 357
76 604
138 75
586 589
76 435
441 26
998 402
615 458
105 133
547 890
200 367
367 781
176 488
252 67
471 291
868 949
138 828
359 770
964 480
566 340
713 672
659 227
381 643
717 873
556 681
597 435
194 486
18 56
311 861
921 953
388 474
282 581
660 622
94 230
39 675
888 819
575 381
602 317
643 469
866 246
939 622
411 137
889 312
356 795
164 214
190 176
174 11
650 876
600 163
896 676
75 723
168 335
61 477
816 459
409 43
796 593
603 949
197 34
658 590
224 102
757 388
850 230
218 217
444 635
796 704
470 767
605 112
555 839
81 828
871 797
193 942
861 279
664 973
24 428
97 118
672 579
361 237
570 507
793 152
206 967
172 179
121 685
342 263
767 546
76 471
24 74
580 71
375 29
727 144
683 342
902 244
100 428
191 119
335 147
472 523
897 404
772 512
928 270
450 94
660 807
437 324
765 688
99 381
47 901
68 296
804 768
894 780
136 64
523 604
673 431
711 307
752 416
244 114
939 428
653 630
873 672
674 563
469 181
507 839
595 266
330 877
605 108
813 880
819 227
359 746
969 562
499 991
562 643
445 285
109 912
537 967
258 224
600 97
89 668
14 588
168 156
444 313
27 707
767 61
760 325
867 619
941 69
27 624
771 976
323 700
140 945
343 666
269 531
547 246
241 705
812 918
357 187
159 373
567 24
110 477
917 57
3 665
885 629
561 103
745 194
708 466
140 614
733 929
256 43
957 768
205 72
171 440
579 327
542 857
708 97
490 548
73 558
501 834
229 211
843 603
439 728
99 699
756 523
280 494
906 366
911 211
808 784
583 911
408 121
333 599
551 473
347 583
574 906
463 585
765 549
382 667
972 556
919 458
869 583
446 744
730 319
568 321
843 116
786 392
97 906
938 832
406 362
833 62
182 769
834 273
946 375
655 365
140 347
899 183
149 511
27 16
563 194
856 120
16 271
64 805
865 510
908 926
1000 823
667 439
503 668
740 583
700 424
974 571
222 828
761 174
283 680
514 292
291 229
18 599
644 679
258 486
960 244
10 583
652 154
871 486
603 844
514 215
898 54
214 268
225 234
978 488
427 626
510 582
27 971
766 411
270 988
54 823
923 958
887 998
225 347
870 181
983 910
950 253
73 287
379 354
885 472
153 407
997 830
871 853
796 875
859 821
664 773
613 494
615 336
67 454
909 713
73 633
129 831
524 480
581 721
173 467
567 258
381 299
219 432
55 558
828 878
722 297
890 839
570 149
661 314
938 337
640 459
128 764
970 687
993 745
195 729
968 599
790 940
409 226
47 957
360 935
519 181
294 110
596 730
246 343
528 778
857 242
476 680
436 410
442 731
692 378
647 844
304 712
217 365
734 458
820 843
773 758
62 583
728 159
330 135
630 26
278 175
814 333
227 533
856 195
654 314
303 712
733 259
715 312
315 150
478 422
886 291
390 580
652 303
134 266
13 483
16 9
254 393
15 470
461 721
638 275
876 412
590 560
554 680
480 53
723 115
7 346
780 218
340 545
291 511
989 204
771 937
974 160
262 300
603 630
125 390
158 603
510 320
2 745
486 68
133 529
261 620
154 988
950 72
180 89
622 362
817 261
358 743
585 289
327 620
823 875
111 53
292 753
42 748
189 651
778 184
444 916
447 87
379 357
180 370
698 499
664 63
294 462
846 811
249 829
440 78
741 128
303 485
252 435
821 245
95 775
525 497
173 953
854 464
248 455
394 530
682 193
834 4
265 263
484 383
86 185
108 289
470 344
684 697
901 242
446 721
32 101
621 93
290 920
382 723
492 23
493 746
477 741
813 779
596 621
407 222
688 848
307 90
770 606
153 576
924 475
526 3
140 330
969 742
71 354
364 232
330 40
274 78
403 988
832 186
463 212
212 84
982 560
35 501
936 392
439 802
576 191
292 427
637 794
247 722
602 975
940 773
453 63
292 115
455 993
774 811
956 202
943 828
512 838
505 288
399 786
822 268
280 650
34 219
962 954
12 193
766 320
439 130
500 924
980 422
504 471
396 759
21 238
410 567
608 957
253 85
236 773
812 190
483 752
229 476
893 933
140 579
968 68
21 78
789 90
132 691
974 94
927 812
904 56
458 769
81 110
979 565
555 258
564 508
157 34
251 971
488 391
527 281
797 227
122 967
857 264
949 472
365 225
207 706
726 58
85 162
251 134
610 963
95 25
598 96
468 909
473 938
458 167
403 538
652 691
430 728
193 178
291 541
292 290
331 268
297 140
538 692
620 398
567 689
344 177
342 652
843 169
994 654
706 739
483 631
395 952
657 45
344 800
550 304
588 707
919 101
338 322
46 243
605 256
589 955
515 738
922 42
55 656
690 62
214 960
529 132
503 985
35 207
292 230
633 56
115 445
300 793
482 724
999 409
395 247
496 792
64 211
137 908
814 982
11 935
603 513
421 824
660 172
525 690
492 983
20 974
516 843
497 559
387 889
165 848
102 838
987 140
699 240
186 421
684 100
380 979
586 642
381 262
419 569
424 877
501 833
873 182
363 864
234 632
143 166
381 503
630 806
538 592
707 59
564 464
920 784
9 23
55 792
317 305
928 154
322 233
969 866
324 815
630 627
65 137
330 224
70 666
356 45
386 765
143 226
388 403
338 738
329 509
91 714
259 390
117 326
206 867
967 462
606 282
787 924
991 452
544 167
965 697
268 479
752 58
3 26
459 588
667 35
980 26
636 644
382 852
457 99
746 699
819 269
243 629
610 410
406 151
407 714
585 200
794 68
500 933
266 957
413 570
90 729
71 878
849 604
315 472
941 4
928 941
448 679
858 674
555 654
332 573
279 722
444 670
716 923
239 222
580 250
158 16
20 81
336 486
546 169
180 671
801 215
539 976
560 469
869 85
466 744
768 2
753 452
509 582
795 763
99 726
847 91
488 479
472 964
806 473
167 145
123 189
218 155
299 694
82 826
446 427
123 42
216 376
15 146
697 495
609 63
367 687
260 43
283 354
648 180
614 963
316 770
958 337
635 36
618 992
584 998
697 713
761 510
999 908
713 38
286 969
820 257
469 477
683 635
49 667
782 893
382 993
258 169
179 443
227 613
474 735
361 699
271 331
609 141
505 896
790 186
738 363
466 102
582 184
16 153
461 673
922 149
482 668
46 261
818 354
490 243
97 307
635 2
642 135
58 78
99 822
408 49
318 532
9 912
488 895
57 270
348 283
901 539
65 747
29 880
216 873
358 740
608 143
924 707
138 216
765 55
363 923
327 764
976 242
557 331
371 712
636 324
38 477
783 267
821 502
717 5
406 868
613 116
873 799
750 439
155 567
938 197
78 624
852 643
778 362
82 911
27 108
713 823
933 974
631 225
613 854
677 457
255 733
597 109
655 390
930 643
626 306
757 556
773 823
922 531
597 147
217 223
455 301
757 989
278 366
853 490
782 942
97 802
169 493
688 959
139 517
649 921
681 74
154 458
411 425
585 934
503 839
396 939
745 680
984 260
182 391
440 866
318 839
463 410
746 770
304 305
324 188
141 418
555 808
990 393
230 729
278 773
429 487
734 116
469 934
717 484
923 705
815 277
48 20
191 840
214 609
604 57
557 141
523 5
689 285
564 735
266 38
858 444
287 652
881 629
494 64
878 662
232 239
128 442
312 199
609 567
259 832
422 316
377 807
836 649
989 772
186 595
80 50
91 233
838 775
656 799
388 890
949 438
530 738
22 960
96 844
711 412
604 748
364 777
377 801
815 386
168 910
694 517
576 720
904 71
377 355
964 779
933 196
806 82
316 202
579 596
105 989
628 787
150 967
583 21
239 803
634 31
304 608
676 280
435 394
341 824
409 235
636 720
505 338
18 625
681 311
735 652
349 65
791 174
32 701
487 503
73 7
138 839
183 990
290 384
701 669
461 664
667 789
944 702
482 725
999 408
586 76
73 400
847 228
7 413
177 434
270 881
487 725
880 639
555 677
441 261
573 564
536 195
797 608
822 477
935 726
188 645
923 858
674 348
505 895
785 861
146 997
647 115
445 695
142 966
149 399
940 142
63 201
817 477
747 668
509 673
721 121
722 466
116 581
906 157
691 929
854 319
988 561
368 650
521 290
794 886
247 386
450 928
169 984
584 532
425 358
707 344
364 877
237 505
130 981
421 242
469 996
5 499
908 708
85 69
70 667
553 755
130 580
725 405
853 64
670 526
435 91
643 414
991 438
887 353
800 163
375 393
433 398
145 18
582 291
40 248
80 745
279 75
407 118
320 24
411 371
784 759
657 127
87 629
53 810
221 344
923 220
581 488
308 920
261 946
631 642
202 310
135 814
743 213
607 703
406 735
127 880
791 662
202 744
96 123
442 91
741 581
410 509
21 37
719 946
79 275
762 802
766 123
987 378
271 685
725 674
736 58
907 23
777 744
36 584
797 757
254 958
613 381
205 251
121 555
867 94
474 236
57 60
756 762
445 957
93 762
910 729
323 257
125 917
881 287
826 488
975 777
781 660
319 853
527 336
986 242
692 147
132 200
260 389
389 807
172 697
321 145
752 411
604 724
332 311
4 144
249 503
854 148
843 901
238 953
994 299
499 891
134 660
63 813
830 876
696 272
610 234
903 837
744 636
411 351
305 752
841 390
270 585
970 226
921 542
335 436
391 390
88 367
969 298
788 874
631 885
603 829
954 449
791 214
116 436
600 377
77 793
330 502
779 263
317 732
637 711
470 726
514 40
276 267
387 914
686 218
304 116
965 353
825 566
129 127
186 120
738 573
152 136
595 156
584 139
16 983
714 140
368 790
42 603
870 433
765 495
312 445
240 582
239 875
885 732
617 86
45 485
971 603
591 616
831 191
530 726
190 119
766 599
789 663
460 51
78 454
963 924
750 436
312 10
833 440
601 900
322 191
860 675
419 959
592 832
925 377
963 698
604 696
388 453
967 115
481 736
140 501
518 522
335 362
853 489
333 313
53 753
448 181
175 322
573 107
313 973
210 659
800 457
428 136
865 149
172 599
939 926
541 894
54 723
480 100
478 531
608 741
47 228
533 943
914 739
989 189
991 979
426 749
558 82
463 426
742 430
987 309
591 191
499 207
923 881
963 316
33 679
767 606
237 575
383 833
77 150
461 55
778 203
637 446
582 609
475 999
42 718
926 82
432 914
87 50
717 87
205 131
703 900
427 137
690 785
51 549
42 480
833 491
69 969
841 4
329 788
91 853
937 597
759 258
1000 499
963 777
492 827
389 895
318 175
946 620
658 440
252 695
223 86
227 403
856 321
801 448
914 97
522 831
352 928
151 138
35 957
505 134
628 796
772 214
26 464
725 210
529 463
178 183
107 231
217 427
908 869
106 917
919 103
575 961
944 593
687 251
174 42
625 576
791 169
16 83
624 312
538 248
847 118
926 611
235 502
914 948
352 202
194 677
274 194
625 819
918 886
975 323
758 313
387 877
384 100
703 538
120 308
798 347
231 544
125 61
971 773
807 411
112 936
441 230
225 655
778 239
797 641
121 846
124 379
417 93
517 514
527 158
295 84
225 760
85 512
115 73
815 722
266 317
363 755
380 179
488 848
591 727
337 640
177 863
768 326
497 506
78 681
389 194
677 575
481 316
576 654
422 138
467 527
657 963
363 430
435 45
277 786
830 230
902 531
754 388
293 24
722 934
446 638
566 863
201 697
843 198
438 702
687 953
320 25
840 832
253 757
681 719
899 201
890 944
780 380
302 8
857 855
239 695
847 308
939 841
390 607
499 912
822 626
624 213
222 946
762 335
325 459
944 157
684 518
956 355
439 588
191 826
714 317
418 878
36 257
774 531
119 848
19 614
769 177
897 996
333 210
6 824
271 840
414 45
186 468
224 783
153 261
510 670
945 801
529 674
58 138
724 699
599 825
929 277
90 795
54 374
590 164
169 648
42 646
122 680
428 415
878 227
769 381
4 734
329 977
315 983
12 813
464 346
123 191
273 644
783 599
61 765
621 383
774 15
423 247
110 83
401 216
916 585
22 648
672 189
755 820
986 789
288 671
256 660
518 668
723 730
80 424
250 8
485 879
35 764
94 153
558 520
905 442
853 468
717 645
978 903
523 980
467 762
322 655
736 701
218 844
184 724
299 487
448 217
175 286
947 305
533 680
760 418
957 344
942 500
908 188
837 226
241 979
19 883
433 7
953 654
590 597
511 436
993 157
850 254
172 278
689 132
743 73
995 280
585 123
987 443
845 569
975 790
150 293
928 971
210 982
141 670
898 315
278 601
968 137
661 8
864 140
370 381
869 149
837 695
262 632
293 809
366 241
522 209
360 458
696 548
747 216
498 918
538 615
372 689
232 4
487 349
972 832
812 281
116 702
228 464
1000 9
997 356
670 282
911 20
555 86
78 737
963 701
30 516
421 137
703 295
834 178
339 528
138 749
422 825
307 46
553 714
973 733
22 327
653 735
122 243
213 152
226 21
209 833
766 907
508 911
217 12
74 449
798 420
442 621
424 16
979 446
652 488
199 699
204 723
853 714
109 714
528 771
349 123
950 227
482 604
279 449
984 693
409 840
641 660
974 784
461 835
580 399
942 242
410 387
249 665
955 101
615 183
464 552
401 937
680 460
319 347
506 830
242 852
301 973
89 429
641 80
916 94
114 527
43 154
245 784
929 221
861 333
95 582
775 378
27 140
637 159
921 31
893 373
290 640
733 748
958 211
81 269
134 273
422 28
481 944
590 926
730 453
564 285
821 234
459 25
298 169
463 625
44 876
748 929
741 338
312 773
905 872
467 483
196 723
217 136
456 880
678 15
222 411
793 355
815 226
1000 545
241 39
363 445
455 275
366 196
74 485
455 672
573 29
576 879
313 895
408 657
26 320
689 512
49 673
676 282
352 382
523 93
939 876
687 250
874 415
895 786
308 821
443 6
62 892
266 565
466 614
175 583
602 849
549 374
897 765
900 992
462 145
548 50
70 426
745 32
495 490
432 115
969 172
475 183
147 321
386 412
742 75
229 364
250 841
270 499
828 608
741 257
671 234
413 230
134 415
569 624
917 182
295 198
902 426
301 561
765 12
744 281
618 382
930 146
720 290
459 342
993 754
209 291
473 342
536 180
722 611
404 282
835 128
949 392
789 575
649 452
759 481
961 298
462 777
450 977
786 855
215 595
354 309
908 710
1000 383
5 986
39 662
627 437
958 440
246 510
263 974
804 518
697 690
627 945
613 590
658 191
431 171
382 633
199 861
147 574
188 402
425 800
32 910
731 780
144 114
974 652
866 45
758 103
649 529
83 301
357 694
430 66
801 702
487 55
328 388
329 173
832 20
64 398
743 326
140 115
343 596
970 942
149 779
187 456
802 743
571 464
13 735
469 890
866 766
211 431
122 851
993 38
525 100
496 775
872 910
916 425
508 490
314 31
106 477
839 580
530 974
675 139
567 489
478 515
536 323
702 592
663 954
717 850
634 838
381 295
73 974
293 901
299 124
337 961
929 133
15 328
545 771
78 488
150 821
428 559
650 184
450 898
712 497
18 190
950 607
191 361
123 47
53 328
865 850
189 152
139 221
329 525
401 104
959 997
946 388
14 460
679 490
204 970
282 780
464 935
418 908
356 669
481 603
607 68
679 635
238 665
320 102
429 828
984 13
350 326
207 251
525 162
636 683
395 965
396 26
734 232
383 410
486 913
126 376
245 342
887 907
46 409
547 340
909 805
608 838
607 536
338 43
568 18
563 463
798 502
315 310
950 221
702 786
357 255
674 275
512 698
654 997
495 255
872 648
803 247
753 973
430 756
215 102
471 472
718 75
603 409
159 623
306 913
702 479
405 555
462 564
618 694
647 347
685 548
190 130
66 404
513 851
199 336
829 459
411 832
903 964
567 949
754 152
937 392
755 401
152 612
83 729
605 963
863 415
830 44
834 179
697 377
451 39
140 503
752 359
518 360
972 404
424 386
773 697
430 408
566 772
667 127
559 69
984 489
541 715
749 616
625 602
940 579
779 583
504 253
158 512
140 59
303 601
897 656
310 335
457 137
822 224
704 134
577 648
487 78
504 108
124 941
324 191
218 658
185 535
594 845
996 713
335 274
529 958
443 328
923 706
825 871
339 395
452 170
698 206
685 856
718 133
591 185
206 89
561 126
755 226
546 266
530 903
660 262
911 625
742 142
319 171
160 544
159 434
417 183
608 174
901 653
774 149
704 753
918 660
833 632
237 849
945 586
665 635
480 895
1000 102
322 110
946 930
256 384
494 272
778 994
9 72
412 3
824 67
915 108
610 738
959 863
998 819
485 708
658 438
569 241
312 171
762 770
595 336
191 566
985 97
839 394
52 840
308 754
146 245
212 406
861 497
222 43
204 530
191 788
286 772
16 280
878 566
130 304
115 754
97 835
297 257
210 738
211 199
296 430
559 462
405 348
321 564
451 613
947 676
81 736
723 209
283 624
469 869
275 832
93 89
311 6
727 670
620 846
417 535
918 133
461 870
614 308
63 566
870 130
453 450
2 826
132 893
448 918
533 163
978 178
417 226
256 32
180 647
487 773
882 297
644 402
539 968
370 21
447 107
911 312
972 826
241 256
768 260
726 265
67 156
530 540
747 814
789 717
313 252
461 396
803 993
532 161
551 71
270 115
441 672
925 407
356 309
764 410
88 683
730 230
877 917
569 156
562 800
484 593
910 397
950 914
258 289
151 827
27 201
113 266
743 530
389 627
925 577
418 988
93 505
683 205
593 913
942 764
826 464
411 372
641 791
495 682
593 802
888 590
135 517
507 770
74 105
718 662
844 629
131 994
775 565
79 984
386 416
301 430
999 219
981 444
918 401
435 632
918 71
282 493
893 549
692 688
896 609
992 218
775 731
26 526
910 73
427 646
83 595
159 199
28 80
77 378
738 532
99 798
978 7
63 955
724 999
46 719
818 183
103 426
567 123
346 365
328 976
951 216
522 424
483 524
483 678
195 128
766 201
567 488
242 925
632 237
885 709
673 957
455 21
25 24
509 721
104 981
450 225
659 495
352 944
4 728
665 642
761 981
647 374
190 231
502 693
564 432
379 186
237 257
967 976
223 357
705 750
668 406
731 318
604 544
610 677
113 123
874 861
691 604
632 135
786 184
682 121
95 972
668 180
283 222
877 10
843 902
307 392
701 316
829 359
978 867
902 765
585 707
88 933
86 368
609 881
407 38
490 680
921 626
66 535
303 870
92 539
793 552
496 664
773 514
922 844
357 681
377 235
841 276
770 776
532 991
995 543
839 918
115 968
277 345
280 691
540 465
743 250
799 292
361 328
748 332
823 162
366 699
567 309
352 5
371 227
462 206
926 697
49 91
358 47
954 302
477 403
704 345
297 789
561 448
877 556
233 151
675 72
348 352
223 884
628 148
224 579
803 492
256 121
498 388
940 51
508 237
328 859
737 481
646 997
251 693
509 757
8 552
181 83
366 465
938 318
834 895
393 99
964 494
103 914
649 434
731 107
371 113
809 692
167 262
706 212
155 326
848 642
925 374
341 127
344 269
990 644
556 566
540 851
743 884
782 144
621 88
89 127
614 995
425 93
961 51
704 55
507 585
291 612
572 467
638 709
65 407
174 819
710 289
780 546
273 162
627 793
260 952
306 42
588 724
240 810
813 697
939 770
463 64
896 779
453 58
899 400
206 482
528 326
430 234
89 932
128 596
438 817
75 678
791 356
852 374
667 555
941 72
391 939
604 390
931 206
20 823
476 514
521 846
685 67
561 125
524 327
929 497
859 880
642 790
954 36
987 212
789 982
114 152
276 255
696 706
200 433
593 206
1000 216
104 45
693 155
173 19
427 283
380 281
807 52
204 79
963 778
497 728
15 161
494 384
80 340
173 809
817 881
751 995
470 377
308 332
593 650
333 911
691 261
87 736
915 333
761 457
703 233
374 487
340 51
359 369
749 297
308 529
738 588
13 68
141 143
87 951
759 76
494 943
353 41
135 945
529 238
624 172
770 240
810 7
62 866
747 54
736 325
982 469
2 25
193 866
215 260
841 14
357 852
486 184
767 793
346 487
127 915
447 295
966 513
36 462
534 325
572 648
480 720
353 582
141 821
96 288
663 912
76 747
500 514
628 8
105 182
893 53
911 394
586 655
557 382
831 355
377 854
637 48
380 95
199 501
881 742
418 380
882 185
884 479
104 9
469 720
879 228
752 373
384 675
526 529
375 69
910 368
638 597
548 805
753 317
241 97
994 545
913 166
513 523
131 154
407 319
255 297
231 510
971 160
40 990
921 891
886 797
389 993
800 72
929 660
382 748
181 591
809 178
369 999
810 256
723 545
192 983
445 315
636 530
828 252
645 466
204 116
226 330
448 240
745 7
970 93
151 510
419 609
563 998
469 663
308 258
787 750
862 342
974 940
301 221
395 185
73 39
1 258
149 890
887 854
896 980
267 451
624 438
128 907
127 717
102 1
331 486
678 695
918 166
906 662
598 926
286 332
345 784
785 531
91 308
642 188
662 187
543 108
46 716
73 658
145 781
609 288
422 527
885 595
390 41
86 632
267 830
589 367
864 850
857 882
815 925
673 956
676 274
547 839
77 982
920 83
980 904
214 143
401 546
481 796
169 943
138 170
9 54
857 474
968 404
642 529
75 309
901 119
761 822
816 529
311 324
403 31
847 800
886 974
523 666
206 426
835 412
360 572
326 273
520 484
649 192
777 283
869 613
619 606
935 83
184 505
22 178
922 683
544 105
122 77
655 335
680 889
329 26
114 985
779 895
182 466
890 86
370 978
41 818
481 43
46 189
247 708
303 726
123 233
35 428
897 537
535 11
371 452
147 34
853 676
314 843
2 46
554 515
352 407
761 61
140 992
63 760
871 145
799 180
749 821
34 663
186 149
211 314
811 536
827 388
867 903
797 548
390 122
194 539
86 533
699 683
717 333
423 454
850 942
617 969
546 343
358 665
205 10
210 416
428 495
107 808
29 533
422 277
764 142
301 648
342 476
952 256
551 808
475 701
497 165
798 963
837 871
569 505
204 973
916 266
406 1000
243 566
442 144
217 919
790 834
385 887
722 696
134 586
262 543
856 762
599 258
223 932
343 693
308 361
221 984
222 275
701 756
9 780
230 782
47 204
484 618
787 253
119 887
709 948
670 586
378 100
382 548
682 380
60 312
278 355
135 686
27 33
598 312
717 678
667 113
740 537
10 852
112 702
875 242
657 59
397 192
643 248
386 115
403 851
447 846
212 193
291 210
205 904
171 888
462 70
158 518
875 16
982 788
474 987
789 416
221 190
774 700
757 28
443 108
581 206
233 336
608 868
145 538
503 256
558 470
776 644
395 94
253 254
323 913
821 939
241 734
206 44
522 473
926 293
761 519
971 908
36 447
400 519
883 200
613 479
617 788
120 284
664 835
628 188
849 185
834 527
673 907
727 312
569 714
972 641
275 339
938 497
385 407
427 124
472 611
560 402
191 124
217 721
590 274
575 218
722 634
228 503
263 688
322 108
160 895
507 40
694 764
346 870
177 94
294 206
207 859
522 933
657 586
523 597
946 616
986 857
933 894
271 379
921 926
632 849
652 730
193 27
557 156
701 355
79 563
423 669
195 810
563 382
654 43
216 83
514 646
330 999
543 473
444 99
282 834
620 388
361 997
923 247
619 836
452 677
161 816
1 539
643 212
735 890
442 511
519 751
210 883
908 240
840 518
491 870
700 114
210 770
407 700
376 486
249 856
913 735
537 667
594 924
903 316
619 499
257 204
723 49
997 690
45 101
56 706
444 645
998 36
505 913
36 463
440 720
276 446
759 777
518 104
854 999
72 443
549 115
846 75
613 324
523 36
654 318
916 125
594 371
977 121
225 764
216 725
697 138
825 957
242 9
669 244
810 297
590 366
95 820
493 226
25 694
797 80
581 418
366 377
816 630
360 946
17 663
753 141
130 942
282 533
339 604
105 642
678 991
823 485
588 158
658 43
472 42
806 115
723 691
355 804
908 551
140 441
535 256
921 660
773 667
373 103
35 546
877 471
661 395
117 98
31 950
805 155
736 399
383 368
221 117
738 321
499 335
671 887
857 629
792 315
7 367
110 678
382 395
117 385
7 508
559 691
263 22
569 951
822 259
970 542
220 465
846 389
210 155
760 298
159 342
879 327
384 68
315 700
292 239
615 329
708 61
110 371
741 435
216 770
271 846
988 716
4 587
884 397
206 689
526 720
531 698
234 582
864 945
994 992
285 175
731 387
863 646
685 590
800 792
213 317
233 535
34 704
691 177
111 466
223 244
905 383
143 494
28 798
507 833
787 115
271 258
374 147
85 100
161 717
916 964
749 836
575 321
942 572
429 488
911 835
678 74
997 703
942 687
66 994
730 397
568 352
786 491
900 359
595 458
723 572
905 527
688 905
697 278
183 718
311 309
278 166
995 688
263 989
448 221
231 194
69 227
399 918
537 561
222 771
775 539
170 870
982 777
239 580
700 58
28 767
840 429
253 872
605 243
211 332
430 942
187 183
171 586
7 480
873 308
157 531
253 74
97 568
571 45
690 274
84 261
478 997
559 964
903 928
357 252
582 495
382 299
368 779
556 206
476 642
923 793
376 986
500 853
771 733
721 922
228 254
409 572
498 348
324 681
785 937
717 430
243 283
51 219
428 639
410 926
823 518
665 668
5 131
722 407
228 476
323 480
798 851
269 415
825 215
39 373
100 869
392 54
321 112
692 97
549 525
824 25
971 154
790 818
169 164
226 975
173 852
48 871
711 212
269 321
971 107
865 748
669 736
231 435
692 135
605 738
400 271
143 713
64 188
835 665
342 635
477 896
648 436
541 599
688 949
274 522
930 566
641 974
328 479
753 610
844 959
158 759
322 945
836 951
552 78
480 121
903 475
581 205
837 83
604 354
491 923
93 995
77 478
581 94
247 596
233 224
532 835
128 884
715 904
187 211
315 262
334 102
184 561
34 354
328 923
291 273
521 844
885 409
962 710
102 861
431 889
570 387
140 207
972 563
168 883
600 662
674 421
660 240
856 889
336 420
444 951
565 829
793 386
275 442
711 628
54 429
20 373
973 185
132 367
498 795
542 406
582 470
820 796
821 69
608 318
660 837
554 320
368 755
111 421
282 655
100 138
686 913
781 727
584 759
878 505
713 559
574 918
291 823
948 239
991 203
114 685
186 814
958 384
9 815
672 249
503 509
291 135
402 262
829 429
668 109
192 862
986 632
606 289
972 443
904 939
9 521
818 785
123 679
767 374
314 592
191 870
805 230
308 898
348 887
224 333
520 874
212 230
250 401
382 178
466 428
21 574
577 760
373 341
763 725
233 418
505 709
269 698
918 41
614 344
727 667
215 487
608 769
491 903
989 156
370 588
543 229
427 165
567 295
922 326
393 620
84 621
567 16
695 95
846 473
928 870
893 66
333 11
65 725
11 267
75 163
513 77
495 267
885 671
673 775
30 388
531 673
954 792
574 705
389 43
137 450
321 365
373 306
824 260
401 469
349 311
394 578
217 861
330 580
536 807
510 942
725 701
134 603
470 296
808 679
4 916
761 649
815 428
156 127
985 465
397 323
181 732
809 752
983 349
347 593
605 697
407 31
815 130
908 441
714 787
52 734
578 47
277 767
95 280
856 64
984 53
890 493
396 227
844 737
738 124
187 750
888 593
265 326
282 214
951 736
303 250
849 794
260 513
942 985
601 349
544 408
456 300
944 705
762 328
600 355
28 660
438 255
261 862
600 274
125 265
77 486
409 916
647 187
466 159
452 94
607 710
741 720
667 533
137 546
399 486
552 635
6 204
524 265
297 24
30 198
533 53
422 668
530 861
488 40
472 685
271 841
954 845
385 478
719 591
732 610
346 61
39 114
703 987
501 735
806 464
381 908
185 490
829 529
251 121
936 353
962 101
356 468
142 107
553 576
860 836
458 260
494 446
223 4
815 320
891 38
994 293
108 475
770 626
367 80
402 334
633 716
333 806
725 36
565 459
37 34
44 770
874 561
732 695
566 943
822 11
776 317
204 516
657 494
336 863
153 831
207 116
762 253
984 303
366 719
911 547
708 89
570 125
358 83
729 541
880 991
55 209
827 184
934 764
171 572
482 663
841 402
656 64
625 877
59 899
617 685
923 762
925 430
893 808
50 578
394 170
71 984
954 156
347 227
906 795
396 186
431 868
620 695
513 235
256 124
280 114
669 488
228 872
447 462
1000 988
196 206
436 893
328 862
439 634
150 651
804 340
347 219
422 267
205 153
195 415
821 511
842 954
256 265
989 825
973 148
901 439
116 699
262 755
726 308
892 36
551 187
420 655
256 440
591 650
351 401
179 288
125 548
459 112
143 771
501 469
899 95
341 124
986 835
470 336
645 84
95 45
740 342
498 553
961 391
500 82
570 178
610 934
437 954
544 24
597 806
772 248
758 385
210 619
636 997
819 63
197 383
469 506
773 685
381 980
317 822
890 104
357 556
791 18
878 75
616 664
410 123
784 836
966 92
278 966
236 697
296 894
638 420
106 861
452 865
415 127
383 267
666 475
667 782
120 977
837 82
286 488
604 355
417 527
933 777
117 523
707 634
943 538
343 382
415 157
202 554
556 397
426 614
872 970
304 354
140 740
470 615
276 420
371 30
279 787
998 137
656 330
716 986
254 873
772 836
771 683
115 485
246 777
742 130
279 896
845 139
579 148
822 133
828 814
392 358
691 842
254 730
246 602
51 600
472 899
879 72
84 685
566 440
750 197
381 702
652 837
688 534
174 513
285 952
42 159
321 114
320 277
835 598
708 744
527 180
950 805
184 452
460 529
78 992
781 265
126 760
402 988
420 871
22 919
400 251
148 873
754 636
131 125
829 142
652 393
322 752
363 4
92 734
808 151
221 510
41 761
680 81
607 446
485 789
55 232
996 997
847 124
984 662
859 514
20 752
614 296
605 883
881 863
788 765
556 369
645 960
361 39
954 84
756 88
736 235
546 298
584 201
34 246
234 132
863 889
487 769
437 28
954 950
189 715
964 259
750 276
697 136
695 493
592 850
220 563
908 542
538 600
834 819
321 364
733 874
143 223
437 318
591 733
940 427
299 309
213 295
655 176
803 997
623 236
200 654
256 608
403 499
377 550
484 718
431 449
968 691
477 692
633 582
887 457
209 738
726 969
623 563
187 515
297 71
886 131
874 843
636 958
123 725
454 31
499 898
80 736
979 396
192 42
411 328
162 846
434 43
491 38
212 148
909 90
306 241
974 512
44 573
80 782
853 653
47 314
602 911
205 590
500 62
118 741
653 166
179 611
906 514
905 941
747 164
202 531
187 173
600 386
463 85
39 192
487 758
490 306
805 733
495 219
371 41
614 167
229 395
637 26
54 329
42 622
479 567
334 206
569 663
439 529
580 113
48 418
671 346
396 868
381 290
384 868
350 691
519 150
782 774
427 70
274 524
552 865
863 627
955 620
479 890
760 516
686 748
806 465
740 93
958 236
831 102
801 55
562 507
476 899
701 974
726 11
597 278
174 569
123 403
630 454
387 144
943 881
448 386
515 684
294 833
79 757
602 734
490 660
240 947
316 120
783 448
106 580
986 672
516 145
5 916
923 177
123 991
810 710
79 952
227 621
994 208
801 974
291 136
989 33
535 117
738 355
797 878
887 902
781 900
179 639
554 657
205 707
206 164
577 592
780 211
999 473
196 410
897 937
20 680
277 71
98 996
564 941
926 716
728 595
729 830
8 691
370 484
641 477
660 367
76 598
811 909
280 115
524 866
437 35
376 587
508 88
612 326
684 187
195 469
176 482
108 997
787 322
95 954
593 119
337 689
321 340
843 747
899 548
920 848
815 513
172 517
321 197
468 668
70 568
15 73
181 881
916 644
845 298
596 656
479 124
541 17
949 380
473 179
844 102
310 464
591 939
931 230
523 699
302 398
506 45
679 308
147 671
978 835
939 459
616 364
123 300
184 408
829 504
297 159
83 650
639 385
17 8
519 707
791 956
122 842
442 117
806 601
446 907
268 415
852 45
799 486
803 113
675 556
396 59
879 852
287 928
59 339
736 445
582 156
568 954
241 638
223 950
362 898
936 973
974 133
975 372
542 585
362 789
755 790
2 706
609 520
638 97
819 777
34 211
401 828
607 942
100 368
997 974
487 796
85 876
501 884
87 203
39 164
480 901
37 794
323 305
87 184
473 380
418 455
189 392
427 287
123 140
431 895
345 186
329 797
346 869
898 33
369 12
759 283
856 554
85 312
711 404
579 830
1000 265
963 671
416 970
215 570
455 491
191 573
752 297
92 778
290 862
493 709
170 760
164 286
2 465
113 498
991 491
577 35
745 961
725 219
853 406
965 716
540 192
266 733
951 670
990 160
900 712
923 377
248 325
359 83
445 288
533 999
844 989
108 65
921 328
558 151
120 895
927 294
254 462
23 821
359 414
390 660
174 271
210 426
847 236
281 203
353 174
396 652
76 696
719 934
645 975
336 725
10 282
836 130
489 505
381 59
328 953
52 543
149 181
651 31
673 571
802 129
399 317
778 670
72 269
483 173
646 929
467 984
176 475
696 738
218 106
548 251
589 169
882 181
150 878
294 271
78 406
356 220
62 732
622 211
293 717
77 870
328 747
720 70
5 106
82 847
449 112
804 814
877 912
90 322
553 618
551 467
274 125
191 125
811 302
498 543
65 128
411 956
782 221
623 461
271 344
735 135
479 453
930 698
400 314
401 23
990 979
627 951
506 212
383 142
800 298
306 31
52 591
60 82
922 885
265 770
361 565
148 765
420 122
921 443
83 416
188 829
709 461
861 245
771 806
370 543
335 879
796 659
429 406
233 301
824 904
36 264
619 353
819 931
785 535
475 233
81 882
618 43
270 708
417 272
482 546
953 454
313 336
76 563
225 563
888 237
873 933
656 659
355 589
732 341
328 691
828 864
206 692
65 544
411 604
358 979
750 305
722 430
711 574
837 911
217 782
695 609
535 780
243 606
760 628
172 546
850 249
470 475
164 658
181 796
735 453
313 396
961 264
302 512
798 645
485 694
269 457
274 97
772 480
294 100
575 509
562 908
696 58
626 263
317 78
924 90
340 145
967 20
491 487
454 233
183 549
899 780
536 594
354 53
250 130
116 117
92 609
771 326
494 777
443 777
500 462
338 481
959 705
504 777
415 359
680 780
348 650
754 645
956 73
153 908
724 477
22 267
301 380
875 155
767 409
240 658
743 352
304 447
379 981
107 450
36 78
755 622
331 698
996 844
98 643
541 771
193 701
417 609
607 518
757 437
775 826
98 626
624 715
70 500
589 604
880 544
989 194
496 857
302 422
428 54
200 45
205 292
867 907
10 210
474 263
737 395
385 286
775 105
465 72
324 261
146 549
383 826
24 121
228 249
584 401
638 804
181 45
772 896
419 760
741 37
134 157
392 332
356 5
453 985
759 641
212 964
216 575
489 525
588 303
420 649
66 1
32 401
787 35
865 775
521 243
479 127
282 729
947 809
514 924
532 469
367 714
514 783
930 664
880 339
308 740
80 395
249 260
69 529
914 132
916 842
209 954
446 569
622 694
847 503
27 978
246 218
435 441
532 777
593 877
836 438
794 568
844 954
519 998
157 801
528 443
303 615
382 228
419 122
97 815
349 485
614 435
884 381
10 517
173 55
379 878
286 494
127 816
991 987
137 926
466 210
31 62
224 476
549 940
736 156
275 520
943 210
7 449
727 470
653 463
289 676
72 52
590 858
718 143
646 664
349 568
25 866
599 664
855 370
823 976
479 526
779 150
125 130
452 438
521 595
617 58
926 90
817 793
911 290
659 445
440 389
403 251
82 582
391 618
826 313
384 732
204 501
21 537
280 413
358 874
768 370
915 5
706 130
137 133
817 795
587 653
420 572
170 455
208 798
244 168
48 951
787 172
238 910
39 747
846 713
620 184
467 488
503 510
476 618
94 201
823 845
156 820
639 471
35 701
456 966
442 665
169 423
558 587
524 623
407 101
763 283
692 789
554 786
24 825
757 809
425 862
317 856
467 183
463 494
572 210
847 344
297 404
596 216
482 904
174 50
660 903
588 580
754 860
560 697
871 503
892 946
474 955
894 620
730 84
228 750
449 497
966 344
733 99
290 136
399 542
992 18
867 882
283 773
693 518
769 222
935 713
457 538
385 213
974 17
336 357
157 237
582 554
949 989
457 747
138 54
266 451
394 156
949 846
417 85
626 973
972 673
25 920
579 449
946 964
393 988
397 956
590 195
781 715
759 728
445 912
603 116
968 983
273 519
91 792
238 217
939 86
423 889
579 255
262 697
88 514
360 807
768 350
436 196
260 426
338 950
1000 471
416 120
289 494
657 536
644 304
576 646
497 323
302 596
382 646
933 798
131 300
659 54
903 954
939 389
544 467
526 167
284 214
978 776
946 362
326 286
308 579
614 831
743 409
209 898
175 157
748 49
126 500
279 503
351 589
77 528
853 651
362 150
184 798
538 181
921 299
245 379
233 387
469 771
239 413
558 35
228 642
466 11
594 783
372 225
827 115
103 339
642 185
293 315
410 629
599 426
552 694
715 802
278 585
963 252
600 674
436 868
256 2
940 212
962 444
716 627
805 653
437 126
739 722
332 868
519 144
388 918
209 247
601 661
806 580
826 270
630 792
20 301
776 51
940 100
915 204
809 934
422 460
613 983
744 26
764 69
303 443
768 314
592 94
5 77
703 186
145 65
104 264
947 716
340 210
61 50
990 658
943 376
247 159
468 856
217 88
844 467
972 280
888 803
528 916
160 264
588 968
222 90
973 642
302 338
340 1
313 847
80 718
635 284
781 160
932 557
126 385
17 179
92 529
308 982
829 180
118 805
141 210
514 364
700 71
850 468
325 6
509 361
752 836
815 932
814 58
961 518
837 123
140 925
35 177
818 990
83 157
604 265
736 241
890 768
708 383
525 671
512 514
660 506
880 688
534 407
98 853
345 736
181 266
128 138
119 594
301 993
751 153
662 442
242 955
376 589
158 133
255 24
683 358
422 270
692 909
526 688
33 109
270 370
988 484
578 707
100 3
47 516
157 75
310 738
830 501
635 783
941 964
912 802
855 770
714 658
345 205
156 51
798 742
94 323
132 36
688 764
307 54
723 766
952 274
708 781
212 377
506 154
454 202
663 864
991 497
221 9
69 417
770 964
164 331
350 410
723 988
987 979
435 440
813 691
649 594
836 724
856 170
115 973
876 213
588 545
312 998
376 462
979 164
608 650
1 476
314 781
872 815
10 514
304 299
222 541
244 125
390 313
708 924
357 826
92 282
418 942
861 506
858 33
672 857
712 918
516 858
186 37
25 865
730 550
159 298
517 644
530 393
298 714
831 484
121 366
927 665
229 82
306 511
350 766
538 720
450 176
342 386
449 67
769 268
593 192
612 356
370 123
707 72
526 652
216 621
911 99
181 945
897 480
111 304
976 103
910 670
416 238
751 768
792 377
575 86
798 691
160 227
911 112
643 654
114 342
67 758
853 193
213 98
624 663
472 164
653 618
400 464
334 889
961 17
395 727
123 479
353 321
795 150
601 427
951 619
490 220
153 986
520 744
853 261
122 497
897 555
844 584
956 114
667 193
740 905
232 972
839 967
595 291
420 294
577 621
262 449
906 682
546 724
785 408
770 492
637 646
819 585
555 671
223 805
776 820
816 193
513 324
675 6
515 465
220 377
634 955
727 362
512 377
91 746
686 501
68 739
313 43
295 79
243 294
515 591
669 350
411 626
397 955
414 875
74 170
146 214
826 363
114 9
556 944
904 465
355 817
337 878
364 577
484 257
251 81
267 724
75 271
575 74
869 361
997 420
749 195
217 978
753 128
647 958
146 65
679 361
259 354
847 545
674 619
70 800
199 964
274 285
98 185
26 394
302 342
621 171
248 389
448 71
984 57
745 124
130 495
168 70
666 717
813 618
944 999
633 675
680 929
165 807
639 185
987 648
35 263
834 410
183 903
286 404
896 632
435 654
723 99
332 673
558 403
390 257
283 883
710 702
785 533
181 388
671 870
202 609
258 655
741 732
906 31
250 885
803 505
92 144
332 903
99 916
375 995
11 218
379 484
219 31
572 537
149 312
895 635
717 389
355 732
309 179
147 200
315 928
350 577
797 414
165 786
711 568
695 611
700 847
335 533
665 564
206 596
547 568
821 185
492 257
609 855
994 735
21 961
298 198
209 545
753 172
476 781
756 785
99 14
734 660
290 789
536 122
523 737
549 865
40 847
424 430
44 879
482 252
246 77
585 597
677 141
92 611
799 638
531 456
662 674
793 561
973 995
960 14
485 624
14 609
809 319
286 551
61 410
286 609
213 719
482 617
349 417
130 21
776 543
213 688
573 400
818 281
726 243
968 374
162 277
382 424
336 512
444 731
618 250
660 507
897 991
909 831
918 823
83 838
387 813
392 641
488 874
177 37
228 421
57 283
295 305
222 639
923 796
784 454
15 662
516 901
774 161
354 734
458 389
335 641
871 595
841 516
294 231
898 709
367 784
690 867
351 466
472 572
290 373
113 830
137 30
69 987
623 176
652 103
132 263
301 79
686 894
708 529
86 90
176 294
721 345
905 146
228 319
428 809
14 150
697 272
75 420
780 513
132 37
26 544
668 151
445 42
265 668
785 850
892 373
895 566
342 914
143 679
165 187
296 294
957 207
862 624
17 124
752 390
292 306
679 390
882 526
188 483
64 177
47 40
382 953
623 741
10 862
198 95
876 639
112 284
455 580
836 963
166 569
117 37
409 276
83 493
853 721
44 781
72 634
14 637
128 700
933 361
496 522
775 634
637 927
175 426
552 51
594 946
18 108
340 730
824 979
89 990
867 715
63 538
235 405
167 552
115 203
442 25
206 54
618 222
874 104
287 851
860 55
421 875
289 811
701 324
73 684
253 125
384 1
424 496
347 834
280 193
355 647
587 976
325 489
290 294
920 913
708 784
110 387
256 489
419 871
650 233
543 614
711 512
52 131
713 847
368 744
555 28
973 261
100 183
85 197
775 9
695 728
365 213
98 46
798 707
251 146
913 363
74 697
146 90
400 366
818 552
832 268
450 740
252 568
592 568
347 788
558 734
191 655
565 414
515 745
2 428
923 92
320 55
546 364
17 233
400 255
610 168
719 510
158 126
705 132
709 692
486 887
801 681
567 570
843 306
386 81
614 627
27 801
376 381
505 351
857 754
771 190
754 858
178 175
652 235
585 216
128 567
222 219
594 918
739 463
49 11
582 255
766 360
70 419
128 934
348 1
646 600
68 802
776 678
819 584
345 829
355 502
571 364
187 242
443 364
561 1
747 474
383 926
77 223
958 696
675 150
289 823
841 738
345 390
552 619
2 596
205 123
817 377
691 87
786 648
859 962
292 493
149 404
557 375
372 579
46 772
565 796
234 620
878 205
237 827
864 939
260 374
299 408
686 724
526 617
842 903
894 603
881 360
163 697
57 158
722 600
595 666
134 150
467 827
716 446
958 71
835 280
484 714
13 588
871 733
577 332
570 599
826 573
363 42
226 111
541 214
65 133
653 572
359 607
786 223
224 357
290 782
499 872
317 39
100 905
874 804
291 596
843 99
570 681
679 505
256 817
294 857
978 774
27 126
156 794
340 239
252 947
454 19
771 367
535 286
867 246
705 247
503 738
566 964
127 182
292 473
849 908
602 536
109 760
865 378
59 303
206 966
14 565
879 905
477 229
64 310
50 889
32 724
224 212
845 698
918 206
222 587
301 72
547 304
875 879
550 901
220 56
348 229
723 467
12 994
637 681
901 449
281 341
979 810
319 309
26 781
845 877
85 712
929 434
106 341
767 205
272 655
992 286
793 291
426 945
372 560
798 204
379 340
876 896
437 124
475 825
247 341
986 423
595 713
599 17
216 550
198 650
976 32
65 839
7 604
949 499
682 222
313 401
425 335
640 742
899 595
95 52
521 37
575 510
945 5
863 51
278 495
354 65
83 517
999 563
250 30
624 815
954 285
209 851
601 113
654 229
179 135
61 183
866 609
226 810
235 108
182 661
438 515
259 140
204 636
979 285
763 113
154 109
232 773
935 847
936 183
554 522
730 362
84 861
286 497
135 21
295 637
496 973
686 204
191 519
767 841
568 785
314 73
701 587
685 198
248 664
447 279
487 534
825 579
533 882
770 324
78 422
665 42
747 418
931 171
418 693
628 167
663 608
966 979
384 981
537 145
439 625
685 889
725 828
335 640
673 849
731 199
228 514
590 142
538 621
67 207
472 573
364 635
589 110
39 13
688 257
156 367
160 702
56 171
916 273
190 26
618 593
88 764
824 661
273 862
40 639
293 275
385 840
830 74
244 512
798 740
178 981
485 727
198 400
181 750
158 34
924 10
680 717
142 277
199 796
44 739
762 56
835 812
430 16
359 474
987 981
472 262
3 94
468 926
633 973
463 787
909 158
417 178
690 15
874 304
358 225
578 978
197 45
309 995
258 419
261 768
888 364
172 349
943 944
328 163
439 145
282 348
249 679
33 594
567 149
469 938
954 202
41 723
171 684
408 234
103 405
750 944
577 850
483 767
814 673
341 645
656 335
417 221
992 343
521 711
910 979
432 830
215 29
926 808
574 604
209 172
47 708
998 492
855 109
512 445
345 412
733 637
328 718
807 206
25 562
363 768
163 668
722 629
621 641
952 402
648 907
963 754
860 666
203 185
919 583
958 59
464 683
304 976
194 476
527 2
458 345
404 271
676 377
772 573
957 210
605 704
347 351
28 377
156 678
654 221
581 351
318 427
700 299
352 665
204 666
888 571
761 307
193 520
212 125
469 522
862 467
314 717
443 931
745 743
749 579
623 990
205 933
500 39
704 71
31 249
412 877
573 358
462 905
641 179
768 600
976 731
900 889
889 802
48 206
546 581
125 464
271 556
552 334
610 766
148 281
556 366
41 719
261 518
387 983
785 696
346 414
92 142
935 714
183 353
775 29
85 277
836 29
86 596
693 436
585 283
664 166
952 268
355 597
870 372
410 830
506 971
55 7
417 106
807 285
242 961
927 900
416 302
950 303
903 302
147 174
118 482
741 122
726 262
367 435
546 120
964 415
768 162
769 671
110 43
972 898
208 991
68 635
659 184
473 461
844 196
437 682
460 253
446 440
30 571
624 550
240 351
402 66
846 697
960 632
691 760
798 572
621 391
577 225
904 111
152 980
246 500
49 904
265 731
588 935
165 114
4 176
832 465
62 458
14 361
53 653
682 319
41 77
478 154
373 96
636 554
606 150
454 419
311 302
161 728
743 491
838 453
704 57
188 138
624 192
862 350
456 772
525 406
199 52
268 129
128 532
326 907
771 810
760 367
746 846
34 450
509 164
951 13
662 192
947 945
139 5
339 404
732 156
399 639
515 446
538 965
816 239
637 281
305 366
859 771
309 366
183 325
186 475
258 572
522 337
675 181
604 245
950 489
87 810
888 463
962 741
252 223
10 214
479 976
315 915
855 21
893 322
566 168
970 635
57 72
829 954
801 89
855 138
512 131
345 246
843 851
958 96
762 609
714 716
986 873
956 513
705 775
78 771
123 406
398 138
682 497
262 64
783 285
821 970
959 634
218 561
222 89
596 462
501 142
585 603
30 832
934 810
597 996
445 343
593 773
447 850
908 800
442 446
336 853
723 803
634 458
407 652
947 427
13 358
607 248
606 831
883 839
224 105
22 412
10 508
125 295
16 805
549 389
879 642
516 722
742 446
67 370
766 48
491 722
737 286
519 322
889 474
390 114
980 630
241 532
224 806
354 877
764 820
564 712
684 33
120 486
104 939
52 395
699 932
976 239
24 236
65 512
275 29
518 43
655 838
357 730
591 656
542 460
302 689
330 646
310 656
101 924
462 847
377 737
252 90
216 289
553 678
844 99
682 66
80 496
246 397
964 772
201 540
881 226
240 246
369 982
887 396
725 81
361 838
18 973
827 673
75 132
991 715
226 40
908 144
981 168
123 656
532 678
79 837
170 547
925 945
505 464
966 199
571 533
780 480
321 550
13 424
53 999
184 874
390 530
301 493
729 466
876 359
126 130
309 994
849 757
166 793
713 70
590 700
591 109
991 967
653 378
414 438
658 720
219 778
127 653
898 355
442 39
315 287
617 883
233 122
15 982
145 828
542 989
465 31
710 877
871 915
157 215
603 721
15 97
276 17
409 624
660 255
518 245
798 5
341 998
533 472
220 549
938 392
247 61
799 240
381 598
916 327
274 54
21 549
298 122
336 185
908 740
216 543
308 55
455 192
293 677
954 609
846 563
78 601
463 725
299 348
851 987
393 279
345 46
131 423
288 65
584 589
477 568
787 176
687 416
790 721
397 425
60 357
152 872
458 56
773 687
136 316
531 405
700 292
774 999
758 22
425 834
505 492
657 31
770 854
866 911
316 428
174 54
196 682
880 831
791 189
334 312
635 86
365 970
650 898
926 623
379 782
728 606
751 521
71 888
989 149
828 277
781 676
379 767
750 994
876 617
54 981
76 693
313 611
45 238
716 869
257 486
721 825
85 818
603 317
128 117
897 140
534 717
992 372
115 455
176 11
432 987
77 63
149 402
298 828
869 35
462 715
302 924
67 249
335 619
634 302
608 307
669 204
574 424
855 225
539 736
461 386
526 542
263 652
821 162
414 520
181 771
930 506
15 140
860 895
866 508
99 255
468 832
490 583
826 682
630 508
278 449
739 101
578 91
23 420
838 649
625 220
493 676
152 836
587 24
535 280
592 434
960 438
210 557
182 746
744 525
243 175
624 995
986 726
972 630
900 282
615 549
705 358
279 951
736 540
532 973
718 668
790 313
922 993
56 997
107 477
558 180
795 258
136 901
174 189
701 692
942 198
391 196
379 810
201 370
170 571
97 289
98 986
245 665
304 69
992 50
132 859
404 160
758 681
797 599
444 673
214 587
751 272
202 79
208 368
560 229
746 240
585 310
72 479
589 358
85 513
445 750
673 843
985 969
755 210
11 445
882 551
612 319
958 775
63 97
212 941
817 581
86 962
221 809
964 515
350 359
751 837
772 350
792 436
117 921
102 543
277 969
830 63
616 231
108 323
18 87
237 353
865 728
458 158
204 878
329 925
290 653
771 316
442 746
758 444
597 114
209 849
212 464
360 707
403 977
393 73
448 166
231 357
895 194
861 814
634 88
26 589
546 966
84 121
372 817
514 269
495 577
524 785
600 215
374 710
638 435
25 510
614 392
541 798
135 824
429 100
529 830
325 403
219 944
919 684
239 886
917 319
153 34
943 527
106 2
855 835
831 750
204 859
600 612
486 377
859 753
456 188
775 983
372 368
817 165
711 981
747 420
451 99
275 845
27 499
445 641
618 411
266 52
33 263
399 368
96 872
711 763
859 12
642 554
826 608
357 343
582 784
566 181
192 385
347 321
845 450
156 361
123 230
565 963
312 23
132 258
740 127
652 969
398 69
720 3
919 573
385 846
687 705
216 290
307 141
695 870
455 509
661 690
665 823
833 213
616 195
781 397
431 116
676 886
403 527
355 262
946 351
854 87
303 46
914 129
347 954
373 950
891 825
654 199
417 964
127 251
538 420
611 166
761 277
870 593
173 511
924 345
302 221
839 846
92 60
257 940
232 980
249 986
343 928
336 818
302 624
404 907
685 262
135 869
727 655
84 883
417 512
73 310
512 627
927 881
457 912
45 137
139 76
270 790
660 410
845 930
37 869
471 152
601 159
944 125
902 345
447 410
110 456
728 529
380 879
661 832
152 96
11 231
858 398
608 185
220 695
193 199
775 217
134 227
47 710
798 10
837 544
768 41
825 936
765 304
242 42
650 5
869 415
340 425
471 727
375 123
255 257
233 582
570 975
919 720
575 82
136 225
191 325
929 932
256 522
666 817
669 954
748 917
442 832
672 241
514 748
38 474
139 881
156 817
218 760
325 902
71 166
273 235
240 98
973 838
631 878
789 911
246 136
843 166
884 570
922 795
806 660
908 794
965 839
92 725
398 524
274 614
594 627
162 519
209 907
718 560
171 346
684 896
817 382
154 163
743 167
121 172
641 595
55 225
81 622
742 357
743 52
893 647
819 732
70 422
96 109
281 205
800 311
842 470
996 615
335 951
799 4
235 106
936 574
889 514
656 685
16 524
57 336
20 76
150 731
963 148
266 460
858 354
52 477
803 319
328 669
721 986
370 8
498 85