1000 9891
868 804
451 719
916 501
78 408
209 287
673 136
17 620
935 8
424 634
631 409
150 916
318 26
565 59
374 412
246 296
981 811
487 80
180 206
517 201
761 657
482 498
928 24
584 618
144 535
736 977
661 746
593 748
669 783
419 858
673 308
178 874
381 957
491 872
288 389
397 93
808 348
239 996
174 881
507 94
938 275
689 600
926 799
760 463
981 464
880 205
74 156
885 116
516 468
671 745
853 662
802 648
250 445
1 495
34 895
791 192
298 174
639 10
14 939
483 970
255 99
581 141
358 62
803 159
306 605
58 458
738 440
666 141
101 488
854 830
232 601
339 479
286 186
989 361
894 446
452 213
756 443
404 16
81 133
86 630
896 184
147 494
154 746
672 796
52 433
381 315
989 700
702 559
834 767
301 666
696 644
902 172
775 438
523 345
72 422
946 884
29 48
778 724
506 719
693 217
683 31
223 366
601 975
835 360
217 897
513 764
82 813
29 338
808 776
345 101
576 743
665 858
781 526
833 200
982 491
360 550
790 670
51 273
740 265
812 878
446 692
69 551
35 747
878 667
202 152
922 689
559 196
192 926
778 957
653 831
654 232
985 215
256 911
277 539
281 223
486 675
217 494
808 199
873 341
40 81
59 479
701 900
173 299
849 894
331 547
975 202
923 295
729 500
6 612
686 10
248 242
359 230
679 947
615 49
762 487
637 729
112 688
223 1000
710 670
72 30
903 203
816 141
870 464
826 852
394 127
390 410
141 738
442 769
612 623
124 321
104 463
567 449
401 730
989 623
37 930
523 103
210 406
733 618
755 206
885 863
834 707
686 672
581 566
786 606
270 375
552 836
540 529
557 461
265 85
51 580
752 727
324 944
366 335
799 810
995 317
298 23
906 470
998 688
857 316
234 837
989 979
742 693
403 673
320 257
818 512
378 251
964 774
430 364
326 363
476 668
303 41
255 288
706 380
445 264
429 899
364 144
199 793
58 807
594 765
524 720
652 413
676 491
495 759
335 414
874 428
620 184
253 545
73 139
878 768
426 957
9 455
709 510
427 48
909 236
682 262
568 978
440 881
261 781
797 843
192 422
106 212
569 788
128 30
236 599
458 829
629 216
527 951
804 228
220 483
702 939
561 25
234 195
436 571
93 668
387 781
228 933
450 491
50 753
733 940
883 67
133 758
155 834
102 805
637 61
713 384
487 789
595 83
566 251
985 512
587 980
94 740
42 323
816 870
877 643
324 517
698 278
683 470
591 705
133 57
171 250
432 338
161 416
55 772
204 66
481 963
581 587
584 240
256 523
539 548
834 859
303 92
614 530
291 700
424 475
79 517
892 839
855 752
130 661
231 351
197 347
274 724
494 971
151 126
709 688
529 74
987 818
719 363
409 244
196 660
254 358
466 398
582 96
231 914
770 118
519 593
222 595
867 666
174 278
12 149
128 954
606 757
546 318
682 805
998 67
818 477
175 680
641 380
515 327
475 130
404 142
277 373
28 990
915 762
418 62
189 993
6 217
105 18
318 41
935 340
665 400
993 547
6 104
836 431
345 588
163 607
281 520
235 637
789 864
411 828
885 791
218 325
51 527
589 51
590 372
441 835
151 760
479 159
238 768
281 810
691 991
860 714
55 872
423 964
764 419
527 498
765 579
269 478
824 107
222 326
506 415
541 210
311 660
62 382
728 374
29 315
144 935
130 710
147 732
97 921
833 13
139 668
250 105
611 144
210 555
875 295
931 537
496 360
633 793
207 234
97 781
487 42
434 946
145 301
59 291
244 877
596 250
563 575
703 513
420 496
386 160
692 644
550 558
383 715
392 908
385 990
395 3
733 65
515 274
278 732
907 172
267 77
529 626
385 154
459 956
595 145
195 255
542 795
780 916
860 362
807 429
185 166
997 15
409 558
543 375
121 884
655 585
656 537
721 965
885 890
445 64
786 635
772 570
351 279
850 626
372 722
85 423
15 460
199 355
271 118
699 635
939 168
78 612
9 35
467 731
94 152
199 240
117 76
437 651
59 861
227 251
691 680
912 843
824 7
330 752
207 650
99 53
248 857
484 633
14 46
610 923
911 654
278 483
840 908
173 520
913 81
877 288
790 505
98 457
101 998
514 503
454 386
594 681
792 993
5 924
300 540
72 695
697 804
822 31
528 342
583 496
14 533
552 92
348 935
735 565
187 483
12 206
511 442
224 108
150 324
44 319
45 18
727 602
853 907
140 874
223 953
486 329
534 676
413 927
950 174
733 214
310 9
449 939
582 485
16 966
916 217
663 636
997 978
779 99
983 131
159 461
110 277
981 593
846 223
901 668
744 463
142 528
312 315
954 886
683 348
21 669
355 704
128 349
280 392
313 980
801 122
289 334
111 395
276 956
562 841
359 957
584 709
882 982
720 5
479 100
284 118
583 882
839 260
786 144
215 558
848 857
711 646
47 209
394 869
35 825
736 922
369 971
482 42
714 961
416 644
136 259
869 471
50 505
696 315
314 578
665 626
577 456
260 940
819 439
678 504
633 977
444 176
780 314
800 472
641 536
349 77
150 6
27 713
233 460
801 994
435 604
884 885
81 512
690 410
516 546
646 161
941 43
282 344
250 724
712 590
805 524
702 936
900 784
775 932
468 460
125 441
987 258
769 203
132 797
588 379
559 994
214 625
339 378
254 918
833 809
483 624
449 544
390 686
765 122
739 643
774 134
854 688
341 995
496 95
996 129
925 155
638 730
143 194
881 327
212 615
155 528
262 724
530 444
661 498
462 831
786 869
569 147
181 861
155 318
356 405
507 771
270 29
311 691
97 515
459 996
875 862
125 51
869 593
689 216
749 507
326 340
313 687
835 750
654 54
631 164
235 778
236 97
292 339
724 318
361 944
524 52
876 17
97 708
899 218
406 446
743 451
250 308
947 198
896 884
453 113
118 871
913 349
286 531
732 999
589 938
833 573
936 228
205 929
975 141
50 846
783 778
699 327
644 588
150 157
341 465
318 943
489 199
344 766
720 837
296 609
940 826
941 15
46 333
50 944
987 497
418 972
864 100
327 530
957 997
615 201
157 465
249 560
969 931
744 871
586 977
241 576
224 882
334 9
524 287
414 179
508 186
627 180
485 198
512 494
396 889
931 793
314 478
690 853
251 777
761 449
475 833
501 705
997 204
945 609
15 491
608 421
592 986
137 89
219 240
308 22
56 103
661 534
593 448
702 226
260 401
565 397
402 190
810 67
21 792
833 226
853 239
636 209
138 708
910 414
624 681
53 503
682 25
833 147
711 150
834 325
496 458
832 469
247 982
675 801
75 833
921 609
667 389
135 747
482 837
100 660
374 479
781 181
395 582
16 369
770 902
538 410
352 697
630 12
282 220
780 371
777 626
931 745
550 333
130 408
510 544
126 334
897 698
201 21
10 629
407 725
690 467
145 590
248 71
232 716
858 768
879 618
36 304
793 923
361 121
16 844
133 555
760 81
558 260
500 852
466 804
33 655
16 987
389 712
967 304
405 839
542 792
68 903
532 883
104 947
381 313
95 639
595 607
544 987
561 915
726 439
428 398
661 328
609 911
427 206
820 815
927 757
59 498
843 710
881 271
973 375
831 105
906 304
798 866
363 605
824 153
290 589
522 864
262 878
948 58
420 276
588 225
716 46
350 244
463 575
139 989
557 939
819 188
838 744
30 821
677 294
468 69
655 339
752 248
681 204
724 374
407 938
504 785
343 808
805 211
843 352
809 144
904 764
541 761
139 409
212 177
819 459
987 893
608 630
620 235
850 463
478 404
603 781
451 552
583 499
424 639
989 56
75 728
993 61
947 476
127 772
790 58
580 410
118 585
157 631
909 936
350 966
573 539
666 239
513 368
732 124
509 53
242 720
458 633
281 308
160 675
766 135
125 5
362 841
807 451
828 574
868 755
997 977
160 530
512 295
915 43
931 319
492 671
76 478
480 515
569 299
732 305
642 553
663 861
473 367
329 967
589 105
186 588
225 930
172 623
184 942
570 139
540 642
192 560
642 81
377 628
947 640
530 488
324 961
539 602
669 979
670 404
229 588
748 940
621 442
482 687
772 460
77 520
393 473
308 748
422 39
207 542
482 43
652 520
49 549
486 754
567 703
494 813
190 932
148 718
23 158
721 508
763 597
306 174
475 650
308 800
685 498
101 763
901 377
340 369
257 835
495 983
118 570
174 248
469 964
322 321
612 856
310 87
667 905
988 75
555 680
665 152
444 757
637 364
381 46
898 494
205 448
138 395
713 309
110 327
293 877
295 211
688 117
820 594
840 916
552 516
3 844
171 478
964 273
570 232
733 588
340 690
665 724
251 989
806 391
220 976
114 111
668 444
160 283
407 247
947 623
822 407
902 773
971 875
688 433
798 698
714 689
595 884
496 130
294 85
242 410
939 256
925 301
359 561
490 928
456 784
52 710
645 190
169 67
532 712
950 819
807 412
403 556
499 771
795 254
411 201
655 282
960 430
853 413
507 721
740 683
349 142
667 41
537 179
931 716
344 818
932 147
243 3
524 837
338 304
639 130
288 713
552 134
918 437
546 892
729 562
639 19
474 899
625 705
496 306
137 849
27 581
582 241
675 465
855 431
700 297
266 774
283 876
101 127
955 158
776 827
67 334
196 106
180 631
935 705
850 987
962 545
393 746
862 818
522 265
975 625
544 833
713 418
570 29
552 992
347 236
848 343
846 198
935 498
731 63
216 673
933 706
570 140
121 113
171 75
929 123
413 394
510 842
61 632
740 657
320 837
928 317
639 959
820 251
561 953
821 174
120 20
981 808
216 366
222 324
369 176
958 472
563 392
946 512
364 73
431 440
783 151
786 217
273 938
313 601
540 1000
703 364
655 457
731 639
208 952
616 429
840 993
985 248
222 241
463 233
139 751
82 66
626 186
126 621
456 633
330 158
630 13
387 493
598 495
356 974
684 900
553 190
469 664
374 766
73 65
952 700
112 425
10 626
743 196
412 846
773 170
791 306
318 780
870 201
672 954
358 61
438 101
721 639
23 533
211 301
327 855
423 320
44 123
599 747
489 476
885 550
717 162
103 553
965 414
125 209
381 327
918 45
209 94
686 536
559 778
450 320
788 104
529 815
779 807
708 199
787 304
755 356
925 66
892 27
513 832
588 316
19 11
766 363
830 449
405 762
800 788
599 156
88 742
686 968
294 2
276 521
227 253
467 586
907 985
530 276
860 878
398 28
866 412
424 375
591 985
423 635
501 375
429 762
951 789
313 629
153 712
725 440
395 647
235 836
606 341
390 894
815 171
710 311
929 572
114 970
705 213
101 996
652 500
320 117
606 119
255 111
478 266
970 98
148 666
69 760
131 972
278 45
740 840
979 144
286 616
568 569
606 913
172 375
267 397
602 792
879 536
918 236
137 873
500 907
136 820
859 580
276 292
149 18
440 523
944 454
286 149
695 107
92 220
727 501
379 552
489 440
989 507
59 890
483 598
217 550
548 430
368 918
168 786
43 174
651 943
640 156
664 18
811 165
542 23
356 14
927 603
199 432
932 803
646 241
246 629
146 335
630 751
665 537
152 708
655 242
716 508
347 611
275 254
518 334
506 448
77 519
260 249
833 169
688 756
672 233
861 763
878 715
961 13
891 844
593 954
669 498
260 799
669 613
305 690
123 663
453 53
724 395
197 501
588 714
596 205
652 367
727 933
602 986
931 672
624 190
79 102
35 196
222 634
775 640
410 352
429 68
417 516
845 636
718 506
702 991
484 468
505 535
343 371
510 256
223 969
79 309
613 629
909 604
642 889
275 640
496 325
690 589
910 810
289 812
953 173
457 758
8 916
725 873
637 77
824 534
676 543
642 923
440 287
370 224
59 612
977 153
336 47
65 999
57 139
223 274
544 627
950 297
982 197
712 425
346 875
829 622
578 430
580 847
63 266
564 237
659 19
588 219
56 60
192 652
32 37
986 810
970 407
772 417
773 904
687 854
815 269
107 23
794 970
296 265
494 748
304 487
299 910
151 683
601 2
606 301
274 320
701 231
669 585
288 492
52 637
59 427
900 291
10 893
831 990
545 564
892 741
785 229
1 534
454 456
457 116
4 399
641 550
624 218
607 419
115 993
225 97
740 768
439 66
206 379
478 764
893 487
544 647
893 643
361 498
60 743
612 893
284 816
374 812
267 34
544 700
396 350
609 278
888 219
542 802
945 820
603 304
289 968
937 996
738 869
65 673
707 782
45 395
525 897
733 574
772 946
510 617
556 25
975 993
897 826
232 61
372 688
237 820
242 74
189 561
816 600
7 992
415 866
677 716
860 598
369 85
631 405
760 610
962 226
356 341
473 471
551 116
990 556
630 727
475 632
119 86
467 689
428 857
109 28
200 776
132 401
946 595
612 32
998 974
450 848
469 244
192 460
383 703
178 870
985 78
398 803
769 861
517 471
282 824
501 180
782 965
70 939
472 422
364 140
883 900
94 61
978 912
705 200
835 861
31 532
168 78
847 662
259 153
948 140
486 778
213 578
481 632
453 83
171 814
504 213
144 531
149 795
261 817
781 611
64 269
173 229
250 552
435 862
92 475
554 66
816 391
192 810
299 526
2 894
82 48
279 654
876 586
992 55
888 136
483 684
712 982
34 190
138 455
167 894
670 628
229 1
167 975
295 154
206 787
335 693
285 384
750 332
806 738
418 291
84 306
884 402
355 708
997 157
191 42
907 365
503 564
837 996
90 155
124 729
204 423
327 299
167 130
209 392
265 398
284 510
379 56
511 559
556 690
243 729
286 29
82 809
377 719
484 661
378 368
105 728
325 663
420 637
441 574
100 965
565 317
491 320
865 723
26 583
887 422
35 751
330 977
517 459
317 181
100 571
28 264
78 227
639 406
340 11
210 522
173 406
27 9
322 668
567 714
235 101
217 498
951 683
537 915
538 508
919 73
353 242
663 956
652 324
126 281
224 257
477 81
64 248
572 544
287 176
289 920
649 412
111 540
572 2
315 43
945 176
748 323
561 352
604 258
642 227
438 70
244 401
413 924
523 902
828 585
812 198
561 66
376 888
276 123
298 735
336 294
389 292
521 573
753 823
671 291
707 133
967 648
452 491
94 780
241 360
599 93
98 436
659 280
290 653
440 98
114 73
702 350
906 323
800 706
982 190
142 817
937 623
55 828
919 715
117 983
337 575
470 509
331 89
227 24
959 811
935 429
371 818
90 256
255 718
386 513
498 605
890 923
764 320
468 901
179 458
147 680
574 193
190 718
191 659
731 85
318 433
640 999
1000 40
631 897
944 889
984 74
307 479
165 901
900 328
994 63
523 995
367 980
306 383
62 858
513 893
978 747
649 601
118 798
47 278
567 607
805 838
786 523
595 270
832 940
357 591
638 464
16 89
70 300
608 882
846 300
349 364
297 721
284 813
432 120
382 460
288 808
691 550
261 555
67 340
250 834
15 988
552 744
370 319
335 591
581 867
694 130
641 54
292 690
556 167
842 736
863 926
630 959
82 685
232 194
640 121
309 66
536 58
310 933
295 51
959 24
483 339
379 130
308 142
401 484
717 214
699 567
186 622
170 171
560 287
686 819
692 308
597 518
972 996
366 367
151 577
591 824
462 770
726 223
765 699
108 738
899 515
653 528
449 18
200 892
149 970
811 332
523 720
311 175
643 407
443 621
592 240
31 674
285 686
52 719
1 843
364 169
238 758
921 650
593 933
923 84
443 843
62 148
312 877
909 42
892 742
344 820
733 294
455 544
224 346
723 880
600 389
210 869
616 736
234 317
933 309
681 292
455 945
315 226
481 222
12 2
838 242
487 480
332 539
914 674
899 266
766 400
201 344
337 264
500 972
304 95
508 471
163 148
161 600
76 691
936 916
280 920
499 12
603 642
254 806
58 21
646 882
176 232
320 322
294 796
189 878
336 494
447 10
547 856
471 400
96 430
150 847
690 848
465 491
158 202
91 229
733 686
998 158
121 958
929 121
364 698
973 336
388 218
778 334
484 867
218 275
381 741
612 103
928 174
730 246
696 954
526 935
735 379
916 583
920 514
264 38
449 254
553 736
442 865
408 945
106 690
808 434
22 988
460 553
83 734
339 840
529 264
433 435
507 526
326 454
899 170
701 10
776 191
173 433
140 318
770 901
682 669
365 607
852 249
780 366
249 36
933 344
40 9
496 763
300 971
796 960
528 366
624 199
974 959
413 152
988 408
616 875
361 348
293 173
343 724
549 281
79 206
407 583
727 690
253 199
457 962
756 226
940 793
210 250
954 141
880 104
585 431
343 427
237 612
827 486
258 567
405 836
45 349
871 977
513 11
346 236
788 507
699 800
556 111
390 171
698 488
742 977
87 214
379 221
878 241
204 416
521 482
596 930
48 308
691 910
256 425
259 538
409 134
299 269
217 900
414 622
845 314
226 842
925 354
473 163
130 900
402 161
830 33
227 76
28 107
220 530
236 134
734 669
848 768
596 614
887 417
139 815
31 725
291 632
377 409
50 465
322 618
985 218
658 144
930 877
550 386
270 349
19 566
972 496
897 607
445 336
799 609
843 357
584 341
439 374
683 764
244 990
69 141
62 715
108 531
737 875
560 748
867 504
796 548
927 338
585 783
487 475
609 145
992 775
760 291
317 632
651 674
736 284
719 77
336 618
577 556
304 136
179 760
632 577
427 722
949 633
603 645
24 422
116 212
284 1000
548 345
917 140
902 464
281 426
470 822
579 498
10 59
963 83
879 79
846 828
205 140
522 94
601 767
836 370
929 176
113 821
20 359
422 407
892 57
643 783
571 999
647 731
929 914
159 781
471 559
937 511
666 807
460 316
647 616
562 980
254 64
467 616
911 919
958 7
388 432
247 885
677 374
967 240
56 256
844 489
882 692
459 845
705 917
778 971
486 614
51 7
871 54
454 192
311 585
724 294
541 440
42 829
978 601
151 81
283 345
302 231
969 362
749 97
781 75
969 507
219 756
594 536
577 750
80 962
102 259
395 865
948 883
651 911
37 444
365 991
187 3
499 277
979 31
266 926
451 406
966 363
989 138
646 629
629 163
991 972
907 155
908 432
417 395
533 813
862 571
816 223
428 13
671 83
860 8
244 357
444 871
836 33
125 38
989 477
730 314
872 725
29 800
671 369
139 820
481 757
892 448
494 199
42 332
25 570
569 437
972 918
886 756
315 833
232 311
268 781
735 497
995 348
318 243
928 131
753 146
350 800
5 395
479 68
62 244
618 972
252 706
291 722
716 113
293 384
735 268
265 679
69 617
895 989
472 93
454 157
939 547
660 302
69 506
127 308
957 91
101 937
853 410
887 314
503 529
130 257
149 547
442 543
259 191
563 109
468 239
969 262
879 783
554 936
3 162
347 970
326 788
365 818
828 462
724 143
84 814
839 590
940 203
10 556
822 647
201 778
429 311
196 454
803 118
189 907
358 374
604 122
399 400
224 886
133 580
228 838
802 149
529 683
254 545
208 282
669 419
104 859
320 14
87 114
508 37
695 371
172 780
601 646
599 919
655 993
128 432
436 937
39 124
264 890
817 594
220 91
786 931
739 897
186 515
722 593
838 855
802 345
52 104
626 53
185 329
60 691
133 169
707 332
415 819
130 929
636 237
201 588
113 168
425 707
957 157
364 127
860 916
735 24
608 533
969 704
291 556
131 55
300 678
987 996
202 64
224 392
169 281
922 889
49 755
446 847
785 199
54 588
501 840
535 503
832 102
157 845
585 786
920 864
552 87
672 590
736 369
845 689
214 864
851 776
490 33
83 700
698 522
979 836
907 163
186 112
538 973
632 32
941 384
251 346
513 153
570 550
83 656
219 248
826 64
391 880
124 315
570 992
859 904
77 75
209 83
279 467
747 735
897 260
494 12
959 450
617 255
233 742
217 745
53 19
418 15
179 372
392 299
268 838
929 4
87 372
863 759
995 263
725 754
82 916
233 512
208 838
590 452
39 326
235 568
621 466
790 801
5 451
557 790
65 120
174 586
47 824
339 262
730 378
1 912
532 436
916 971
97 591
387 159
100 598
283 94
477 539
877 138
114 630
23 400
21 793
328 21
800 211
584 874
183 686
408 684
652 865
78 974
692 976
490 296
770 870
183 735
554 977
117 87
122 319
732 564
806 197
943 811
491 518
351 682
373 645
653 108
68 412
13 269
827 857
666 457
546 399
796 596
619 27
470 651
590 680
221 219
975 502
710 769
380 636
319 484
132 919
871 827
870 123
477 329
728 544
811 619
774 381
23 683
372 383
870 458
428 185
529 738
772 854
719 787
43 274
760 992
764 952
447 508
729 35
362 708
219 117
354 82
704 743
9 279
444 930
284 812
272 883
320 244
719 561
902 243
621 515
341 738
575 665
459 256
522 535
318 69
551 169
511 636
661 473
534 857
816 606
810 116
494 501
243 903
905 152
959 853
300 428
242 809
700 587
886 826
613 722
463 543
230 830
801 456
514 771
660 517
627 970
389 553
672 91
729 30
70 870
991 506
528 634
306 72
658 245
24 809
84 53
835 791
303 789
776 455
406 6
27 863
926 857
530 489
361 761
567 601
398 682
965 910
418 707
970 788
475 414
862 286
797 837
796 696
747 202
803 204
126 21
73 495
864 494
774 575
386 276
975 458
478 662
137 906
814 972
284 815
598 871
567 236
783 979
272 403
534 479
37 669
149 51
850 96
667 570
101 298
356 794
31 435
768 659
107 585
272 546
612 954
168 723
634 938
543 20
945 781
604 6
537 203
591 312
868 659
230 740
172 154
820 606
573 581
729 602
807 368
538 551
301 587
584 441
845 14
668 521
375 195
121 928
488 509
786 956
584 477
962 157
502 706
138 971
178 652
214 54
180 66
350 918
848 663
930 494
570 953
666 824
373 704
778 650
930 210
573 165
624 785
821 921
420 774
956 688
942 647
288 368
257 743
865 394
26 300
1000 931
31 573
253 765
443 999
329 213
681 8
876 157
709 331
451 599
892 855
895 16
823 471
607 428
666 414
577 713
316 283
120 908
814 255
583 439
396 419
179 533
594 908
478 739
110 887
945 254
287 27
749 860
168 401
736 321
121 407
90 590
567 240
552 311
378 262
737 350
497 977
594 65
153 317
941 300
858 506
894 276
751 373
96 305
7 831
64 799
641 129
897 319
310 788
812 430
65 599
800 558
854 721
391 557
536 24
590 207
369 505
426 128
962 334
108 546
789 731
995 490
394 629
345 225
915 45
39 349
631 263
647 546
651 551
104 280
273 797
536 933
43 695
230 887
411 907
378 202
804 930
416 995
551 343
317 61
73 445
191 580
504 469
472 58
716 229
934 180
711 322
27 335
136 369
583 87
199 846
648 492
244 597
947 184
397 167
487 32
932 179
844 615
166 639
353 68
540 424
687 171
573 693
444 484
619 62
250 567
732 887
755 526
790 19
888 429
192 484
283 813
913 580
770 455
158 843
422 850
340 938
96 255
495 227
206 116
443 386
997 855
929 479
860 241
538 893
27 211
33 371
879 452
137 269
375 869
929 313
640 180
949 182
676 594
426 213
693 177
823 562
55 932
291 703
229 881
638 535
316 214
769 754
293 660
151 538
632 588
503 231
237 55
455 128
57 817
310 653
539 629
540 810
887 157
134 607
303 316
158 840
142 122
90 299
147 800
303 968
242 478
705 798
310 177
464 620
191 491
599 510
109 142
75 2
226 938
647 804
515 720
467 428
244 523
69 544
450 546
624 857
454 218
352 636
374 397
196 933
553 508
183 681
672 432
281 42
762 42
601 488
875 249
714 137
2 285
937 963
974 767
776 300
740 997
154 448
374 687
947 261
272 123
201 939
330 257
116 274
905 793
374 734
583 494
567 997
185 671
802 242
335 161
407 756
392 456
389 762
934 751
974 776
798 48
957 582
993 610
581 106
191 802
76 870
572 867
665 135
496 854
278 754
941 642
348 370
443 430
994 192
380 835
755 953
223 759
51 830
15 667
953 350
665 285
367 180
243 378
49 727
65 622
121 794
513 902
271 946
336 101
167 125
601 765
873 864
266 286
18 495
897 400
384 717
704 902
172 612
527 274
786 1000
894 921
623 197
717 128
275 149
857 261
852 40
258 125
147 975
496 155
781 564
318 85
105 697
868 998
700 580
25 516
556 544
104 511
179 463
911 774
735 194
717 627
618 653
9 652
196 778
18 962
94 105
39 984
153 601
120 548
320 38
268 318
197 352
52 613
255 446
666 665
938 642
614 755
226 144
429 781
250 282
625 510
454 480
774 899
631 672
942 437
116 374
723 198
406 246
724 117
541 841
600 187
139 265
440 888
37 442
285 128
666 42
996 789
813 329
561 304
806 831
305 114
145 521
202 714
851 219
10 409
426 871
1 202
476 961
520 698
996 587
278 670
581 991
932 655
545 81
266 65
196 130
763 831
330 298
488 192
237 955
591 424
926 71
416 284
237 844
367 825
224 569
891 435
11 509
379 135
363 762
682 890
886 714
688 295
137 39
892 95
584 664
876 302
671 448
354 330
356 268
70 534
363 536
738 501
958 33
928 244
657 520
881 52
618 861
666 781
566 725
238 522
351 809
722 943
541 489
544 51
728 272
191 688
675 779
303 970
711 57
531 303
737 582
593 922
635 355
359 355
706 423
507 894
202 42
575 623
527 968
880 217
143 979
3 164
341 53
596 237
1 411
902 185
832 907
889 206
407 719
326 933
75 743
262 445
338 768
211 423
624 724
955 36
284 780
600 437
766 486
513 258
954 244
827 110
629 822
133 561
261 524
478 770
851 356
286 209
695 175
925 573
3 753
885 589
375 531
582 551
529 681
159 498
876 768
680 437
989 575
702 680
594 465
445 705
216 823
68 824
860 268
536 490
774 100
261 191
561 873
998 390
637 222
290 321
493 198
720 278
494 225
6 397
584 293
219 346
940 410
678 738
455 159
646 332
479 21
82 364
655 54
894 800
240 329
908 544
740 398
194 310
486 572
678 972
991 31
740 285
208 646
838 646
507 914
808 437
477 822
630 356
370 150
320 255
614 871
123 738
843 253
386 998
574 367
959 723
931 542
469 579
736 678
351 547
191 906
175 273
801 834
966 4
594 591
741 780
939 956
923 339
853 670
468 380
746 83
296 805
98 753
995 613
710 904
822 758
552 502
292 817
318 817
979 985
55 114
96 1
188 593
228 518
232 577
31 485
841 937
879 737
633 463
335 915
618 29
105 102
749 742
524 313
798 168
379 496
470 809
933 495
589 285
907 997
884 367
744 474
105 128
27 923
894 640
937 853
366 89
149 445
588 426
631 710
522 8
579 57
7 960
981 757
341 790
513 859
971 387
208 949
905 17
543 547
583 758
159 810
199 233
582 788
631 234
869 689
820 75
344 260
877 102
473 160
700 929
296 423
520 624
691 734
543 833
680 589
329 545
237 344
722 996
800 102
196 791
398 771
717 735
645 258
832 311
778 933
598 290
820 280
550 385
610 244
386 970
5 628
689 739
924 334
32 958
454 389
771 453
24 894
666 309
79 792
248 284
36 40
412 905
862 401
774 823
315 822
336 847
957 355
870 908
942 9
339 52
568 574
24 540
689 862
62 808
760 506
434 691
932 438
540 456
44 310
147 911
121 477
837 511
250 699
291 407
756 193
727 718
375 693
874 116
641 445
346 429
36 417
241 689
612 896
918 963
437 131
59 881
298 731
816 20
227 741
531 523
947 691
94 865
385 409
136 254
464 126
986 287
234 536
169 735
918 668
137 441
485 361
678 584
474 218
368 617
60 791
361 287
25 716
708 951
565 970
536 192
220 889
539 675
960 924
265 430
583 730
530 482
749 238
660 801
683 128
354 278
743 784
186 210
215 551
739 185
920 637
133 368
213 194
655 415
568 47
143 683
483 780
27 130
691 427
88 916
288 342
52 759
882 514
791 860
569 214
408 795
209 948
857 960
290 945
255 441
884 559
773 706
244 910
338 439
613 294
566 923
991 666
192 144
999 191
356 899
433 218
549 252
897 587
439 452
645 681
118 653
945 327
158 628
430 249
556 383
589 784
622 761
175 510
979 32
721 470
746 893
128 828
488 517
987 637
383 648
429 464
159 251
785 568
568 824
127 695
20 851
93 867
300 67
653 449
340 972
822 472
664 806
132 772
546 278
729 916
409 638
543 423
821 257
159 430
825 838
935 313
186 264
475 33
264 754
85 518
920 925
212 895
819 139
50 459
454 724
327 350
147 12
4 643
333 713
228 481
85 344
12 994
768 320
846 53
77 708
160 240
622 32
442 998
740 491
715 223
826 668
942 538
744 893
296 917
673 295
160 478
624 787
934 142
887 362
870 416
745 946
463 787
924 263
123 694
236 495
904 848
538 385
802 192
23 75
615 685
841 464
489 331
456 722
222 244
157 870
641 569
568 519
550 683
808 22
936 235
240 712
421 621
560 695
779 663
196 291
71 733
754 929
597 629
875 895
586 230
126 55
832 682
64 708
841 414
34 292
492 936
441 231
367 408
78 37
885 475
707 983
447 336
777 937
609 297
993 970
831 446
324 316
200 226
699 792
257 365
591 286
314 374
722 155
531 579
56 929
250 299
627 42
574 615
404 347
996 221
30 501
398 377
660 20
882 164
43 122
688 373
707 19
800 671
88 609
30 260
103 886
769 660
475 759
39 462
631 400
557 525
635 853
318 146
105 743
496 164
630 603
591 963
475 851
359 595
143 370
660 584
41 762
181 604
188 456
705 82
674 751
568 342
752 211
491 121
843 236
421 350
596 300
306 14
585 654
753 513
917 990
240 790
687 196
5 162
715 263
109 748
2 166
121 132
832 121
960 174
301 410
412 157
951 352
993 42
558 194
944 754
688 474
28 741
16 104
150 991
131 756
850 260
83 143
376 131
619 449
992 93
612 798
774 517
461 822
723 479
944 464
181 859
876 583
897 974
258 640
254 461
465 460
284 896
431 851
639 942
915 542
334 222
872 641
675 190
987 240
988 815
717 295
497 844
996 354
465 238
428 502
638 827
69 855
518 171
441 901
647 461
685 666
134 160
137 412
859 171
7 667
20 335
773 375
673 475
694 795
56 155
518 469
5 46
530 511
217 904
433 472
441 720
133 138
191 388
831 649
549 562
611 329
846 736
325 547
472 105
950 834
130 563
458 132
611 470
933 181
948 470
517 327
192 6
834 461
230 37
658 799
52 562
606 121
768 758
788 769
625 417
845 394
663 67
685 391
856 655
639 64
503 308
867 849
701 893
371 326
581 199
896 593
714 504
700 187
645 854
426 736
409 982
232 559
448 636
33 578
595 169
112 681
816 311
345 843
159 151
453 630
917 39
167 648
918 960
889 592
730 596
510 585
627 196
384 50
243 207
289 907
253 442
591 470
104 918
603 492
380 35
642 544
772 631
408 15
149 464
411 521
211 779
721 170
632 106
470 391
308 38
367 517
523 461
434 460
579 591
451 940
398 194
304 959
446 718
289 823
811 729
240 225
260 886
28 250
196 884
801 446
251 483
17 111
991 487
829 8
688 70
406 315
745 981
264 448
619 956
486 757
378 994
822 883
87 974
544 128
24 812
114 1000
134 901
14 735
397 237
519 838
386 94
334 696
541 726
50 211
13 477
713 405
571 415
332 776
455 968
495 623
831 961
740 874
118 642
358 157
909 227
711 817
1 302
41 573
501 911
318 895
463 370
586 195
163 110
755 712
386 275
633 164
546 565
504 496
423 126
895 300
305 746
20 860
205 360
757 267
724 964
393 614
305 338
489 13
626 758
741 263
44 57
410 703
621 817
642 577
471 26
361 613
916 133
202 829
225 628
7 212
525 919
258 874
7 869
67 6
581 625
278 167
328 762
972 771
204 405
556 962
974 337
376 742
858 182
966 716
806 446
807 83
128 743
613 896
692 305
394 604
142 790
113 934
385 823
372 897
502 880
468 704
877 924
200 786
365 200
369 141
246 373
434 323
861 680
198 93
511 883
661 732
704 836
80 471
208 668
691 281
708 729
285 568
973 768
60 376
248 587
1 846
649 926
781 137
16 269
880 76
125 902
866 19
631 785
689 554
746 557
107 93
257 902
774 877
496 724
26 205
139 422
252 437
272 69
234 649
615 914
32 311
658 521
897 711
145 602
645 586
807 31
483 984
700 59
478 850
757 382
391 106
965 129
90 589
860 121
418 964
127 682
628 461
873 482
486 319
37 783
831 441
44 29
603 310
16 518
20 86
370 175
962 427
546 170
929 274
638 796
686 909
309 48
225 769
872 324
929 131
201 148
199 481
20 568
574 759
427 218
411 753
930 303
604 954
313 279
176 817
632 563
701 735
815 600
130 108
66 41
885 354
180 33
164 878
356 290
217 988
147 777
424 642
631 177
562 920
246 337
309 635
201 624
407 184
937 456
528 935
486 595
782 92
810 365
9 714
628 847
130 334
956 966
667 413
14 740
606 130
572 278
832 203
830 586
373 229
586 470
70 79
146 101
868 381
810 542
10 746
635 90
332 742
28 100
39 754
512 791
261 558
514 189
182 343
555 971
274 866
224 89
644 193
301 187
158 732
497 656
813 32
615 148
633 586
933 807
548 211
846 408
297 957
979 825
548 226
305 410
768 862
309 370
257 479
536 345
475 903
206 789
431 35
219 410
402 726
129 950
63 5
894 529
403 64
995 442
315 796
712 408
513 857
346 954
920 837
7 595
599 149
88 749
964 630
363 597
470 491
240 280
901 99
902 964
482 317
172 673
859 505
477 630
887 15
890 273
388 617
679 259
312 723
298 490
877 320
442 753
39 561
170 672
390 881
8 914
322 615
880 5
221 275
4 303
274 685
687 106
361 137
193 498
781 209
164 213
518 816
705 351
754 772
59 326
153 781
162 581
453 194
935 834
956 191
558 223
945 170
571 336
101 993
407 614
287 433
763 796
103 279
305 164
245 833
720 773
681 513
591 2
519 289
230 158
214 755
286 156
785 739
953 385
940 905
957 805
689 399
358 306
626 546
366 793
208 343
598 432
46 623
565 645
323 38
646 974
719 652
595 914
851 636
746 362
851 564
716 646
219 486
595 515
337 791
176 403
623 81
368 619
935 117
425 500
686 793
610 2
360 223
142 827
644 473
437 325
294 214
422 27
398 383
248 928
235 618
108 756
659 252
753 233
436 131
41 309
739 810
557 741
465 561
601 781
677 480
513 583
915 471
526 662
920 639
939 429
407 371
631 663
942 623
249 276
47 73
505 130
877 362
807 579
443 692
889 88
767 335
382 939
260 917
872 57
397 236
787 604
883 755
115 669
210 891
89 312
895 120
805 501
736 479
165 737
405 338
250 507
468 438
483 191
932 69
917 759
538 252
131 702
408 473
137 829
376 77
177 44
965 27
969 216
382 103
920 436
137 910
301 131
77 348
581 988
140 662
504 142
145 808
275 833
888 198
195 190
38 728
851 427
45 416
799 279
715 617
95 558
133 781
843 600
119 112
682 982
111 208
380 359
439 729
668 517
12 781
834 940
801 29
664 340
859 259
273 676
474 469
897 878
375 509
268 921
711 391
308 426
311 789
618 969
549 713
805 351
240 191
919 459
80 456
778 537
268 767
472 34
881 186
190 654
725 121
766 847
101 448
415 521
511 80
352 551
339 311
948 399
795 20
317 872
601 293
69 263
418 513
537 589
6 760
904 700
546 773
322 881
16 44
600 82
628 697
540 503
634 278
887 936
426 615
641 680
54 647
348 96
885 135
690 439
853 775
396 302
988 176
201 322
614 222
393 560
825 533
755 852
499 18
390 423
512 729
954 98
617 996
245 939
964 95
401 469
42 932
537 171
920 221
769 197
924 765
86 720
826 139
664 34
189 729
595 586
964 832
228 161
745 98
963 46
432 934
125 807
218 123
842 913
592 836
355 830
7 985
892 15
103 880
307 899
551 156
989 847
459 204
460 99
850 535
262 122
412 222
358 774
809 598
76 83
333 636
51 311
218 268
347 11
848 139
602 438
271 427
700 527
333 862
52 646
711 137
53 623
644 70
739 64
804 652
257 711
814 477
607 120
856 83
88 253
109 601
537 952
166 480
23 105
425 682
463 102
731 161
692 616
749 649
879 814
382 882
643 36
507 571
261 937
447 946
106 880
608 722
515 126
443 75
690 456
620 777
72 783
979 520
828 350
743 77
611 679
922 262
816 269
873 332
728 585
675 66
966 711
774 394
498 315
996 526
229 441
659 694
170 514
189 795
614 36
559 941
560 725
306 773
376 577
474 82
403 210
314 507
134 166
47 643
410 918
985 582
971 567
823 526
708 862
12 981
237 162
30 485
20 312
137 124
32 390
507 228
913 909
796 344
800 923
798 762
913 412
75 425
753 636
743 894
662 630
449 220
743 336
951 877
56 362
206 278
616 354
374 22
50 376
731 595
917 798
856 384
196 929
586 29
360 719
52 653
109 940
535 304
829 83
524 551
800 327
201 121
633 955
719 388
313 968
292 128
335 399
248 287
430 113
754 773
187 396
128 626
598 626
676 216
658 575
11 811
379 853
841 104
469 823
115 847
558 79
154 785
85 353
249 661
641 257
733 187
883 338
793 126
6 893
409 837
121 595
582 320
732 117
346 424
254 785
831 611
392 688
323 920
50 704
841 731
915 572
717 376
101 19
198 951
932 629
898 549
885 691
190 347
30 416
932 964
497 255
482 271
582 780
587 946
328 559
593 101
189 626
635 942
820 788
787 453
536 195
207 850
462 809
949 659
428 649
556 510
994 761
521 226
497 439
725 258
691 654
480 489
455 497
188 12
792 523
170 355
972 110
526 252
748 820
886 571
971 31
330 877
458 166
666 963
829 405
562 560
636 897
748 843
514 655
192 527
61 124
64 128
744 546
433 509
287 494
870 589
645 897
545 544
365 695
719 408
357 743
491 865
188 839
117 167
444 313
163 147
983 644
193 962
386 382
426 819
451 226
548 54
997 649
10 389
586 848
913 512
936 959
280 899
23 597
124 666
106 509
382 326
777 718
68 945
174 497
405 221
401 802
55 341
901 597
246 796
814 546
621 960
432 812
752 945
219 84
38 552
789 992
973 67
792 194
150 698
127 477
746 335
30 412
713 542
623 7
271 914
792 171
525 887
587 606
878 179
115 91
857 500
30 702
622 180
894 953
735 511
204 117
366 770
14 446
74 601
570 578
420 557
94 412
645 20
459 1
441 526
540 878
905 191
455 469
151 828
368 84
22 971
425 915
230 942
909 321
808 364
476 490
615 601
697 904
60 88
667 32
500 279
412 605
579 847
943 772
66 728
857 707
988 403
628 698
758 781
444 477
121 184
657 308
765 30
92 463
572 961
637 549
563 702
747 173
918 323
841 32
883 413
811 648
142 455
546 207
150 501
172 31
340 995
181 289
683 861
827 467
81 149
44 31
724 585
726 748
325 681
694 97
733 539
146 971
348 421
298 670
579 291
500 536
379 345
752 989
971 701
38 596
773 399
665 270
205 253
908 778
9 338
265 184
910 552
12 675
1000 42
326 27
795 617
87 479
964 337
850 690
494 455
77 741
345 21
492 156
866 497
630 606
96 993
963 977
799 967
856 647
401 533
583 812
926 231
71 88
346 617
305 913
166 180
485 866
149 709
339 849
494 980
863 226
619 902
486 691
434 982
180 426
884 610
539 89
374 324
800 427
196 620
306 156
958 212
883 682
644 756
885 120
602 879
28 625
837 229
37 493
476 131
439 9
889 238
504 76
626 195
343 749
568 917
679 899
496 976
64 692
799 206
936 1000
3 563
957 942
672 802
72 238
347 911
510 320
719 916
171 738
873 476
376 868
395 282
253 190
936 518
832 599
745 154
907 391
86 642
819 851
110 260
241 491
367 159
918 517
282 652
622 111
458 892
20 219
656 931
786 622
548 657
753 481
664 545
669 163
906 343
345 958
887 852
772 700
898 787
568 839
817 705
669 76
147 950
455 91
282 723
63 330
856 756
394 741
839 277
678 925
626 418
38 399
611 475
832 412
826 710
818 615
286 917
692 184
641 311
455 306
370 628
496 417
903 798
460 580
725 48
857 1000
487 157
839 200
143 625
240 934
493 524
61 200
45 579
834 456
800 344
58 150
714 178
648 284
908 214
265 812
912 145
89 560
879 845
311 177
573 222
301 507
818 39
982 786
474 977
220 205
817 86
130 229
465 754
672 608
802 531
767 233
509 233
900 912
996 717
23 963
493 846
301 157
234 224
654 675
442 21
140 748
3 700
685 72
965 305
875 614
979 803
37 965
133 646
962 638
500 545
599 887
512 305
371 9
551 274
133 426
333 511
431 46
384 587
414 768
953 210
648 672
114 573
794 994
786 594
492 439
293 546
612 448
78 476
501 655
824 645
472 955
101 187
811 442
83 867
209 492
867 108
636 74
469 82
566 416
19 159
178 222
938 75
906 268
961 506
783 161
271 381
493 829
425 37
579 964
243 195
527 838
243 987
689 493
437 775
666 627
944 881
3 191
624 969
654 247
53 727
459 672
393 959
891 677
819 384
165 798
459 561
463 89
943 867
395 777
69 178
987 851
993 486
831 962
209 109
118 641
283 636
33 769
359 169
810 871
232 767
309 613
665 245
909 962
932 293
838 567
280 900
633 282
63 923
525 690
582 429
822 79
399 298
42 533
890 945
674 462
570 15
256 219
310 770
208 196
446 194
229 210
542 120
11 496
772 741
747 955
517 183
510 935
939 237
7 661
503 170
450 978
70 523
256 519
320 458
375 364
713 705
778 519
740 193
981 124
74 312
790 594
410 269
792 663
226 111
412 993
890 198
178 202
910 171
588 769
921 658
219 709
615 600
49 639
305 725
490 731
40 134
884 527
921 515
334 616
761 316
687 44
16 415
861 873
787 634
502 477
624 211
698 582
97 53
687 258
106 173
966 502
72 789
804 46
827 135
957 536
962 994
563 641
987 605
935 917
496 772
499 103
176 898
270 844
586 885
186 103
32 357
871 852
304 38
486 306
474 346
475 15
927 487
543 502
391 773
251 548
451 38
989 570
871 47
285 435
362 518
962 167
671 483
33 75
52 337
863 304
241 296
801 846
959 36
748 697
341 893
569 474
312 109
78 532
347 621
411 867
282 353
864 665
556 711
302 763
985 443
969 798
488 598
226 785
84 439
804 836
14 94
877 14
471 861
40 842
791 674
630 462
165 999
619 603
564 178
51 215
201 710
492 67
238 555
61 50
706 265
299 997
715 477
643 264
610 237
4 310
389 764
653 927
981 370
677 105
71 270
33 635
700 946
848 713
80 867
141 220
74 129
81 667
615 802
585 795
123 948
128 628
201 2
534 204
299 404
84 841
487 316
36 212
637 351
391 58
15 894
720 796
675 296
214 746
585 454
310 57
375 621
918 824
480 276
668 944
980 609
506 796
577 877
272 767
293 811
372 512
599 963
525 988
450 342
702 472
610 860
336 81
688 134
180 482
38 960
590 301
385 594
150 978
462 928
838 795
927 766
17 571
859 220
880 74
147 72
705 758
623 674
340 794
982 26
845 306
773 21
669 964
218 532
450 294
351 78
544 402
733 642
32 102
969 555
203 463
705 897
672 54
506 148
35 662
877 131
201 738
699 201
60 291
465 821
502 200
344 214
142 265
320 44
862 120
1000 993
804 305
24 141
406 448
274 528
259 252
429 180
529 14
748 406
550 356
952 755
41 948
779 578
283 659
384 458
790 70
940 727
821 277
934 737
614 277
432 85
470 765
966 662
605 78
104 621
49 220
379 693
529 586
345 837
788 321
400 514
812 191
160 702
730 884
661 46
662 473
643 452
710 132
137 706
634 768
525 623
713 407
647 412
765 475
68 893
470 185
684 167
209 232
564 509
17 918
327 369
631 423
354 561
9 250
169 362
247 446
322 19
983 362
78 428
588 346
330 550
673 60
234 950
769 577
293 259
26 654
707 269
925 350
71 628
514 875
513 580
553 288
476 657
259 429
23 348
703 430
411 230
515 764
963 518
383 226
153 547
64 130
482 145
374 483
891 823
452 553
415 679
697 626
386 939
317 833
362 314
614 551
921 471
278 84
106 807
433 221
255 970
444 315
583 456
236 565
572 63
584 352
2 80
462 147
192 435
864 485
974 878
900 885
109 443
339 309
603 512
729 765
215 350
611 737
832 754
270 736
399 388
722 33
315 669
341 661
732 458
408 460
772 817
771 670
186 418
349 950
501 991
262 23
727 193
604 140
91 99
54 149
453 377
377 850
379 300
215 898
777 831
467 833
752 657
364 591
256 506
132 325
707 459
265 124
741 534
416 240
752 166
580 349
990 574
241 109
632 650
446 396
865 816
649 87
43 832
276 565
464 667
429 679
56 461
477 699
574 27
920 606
587 856
526 222
907 872
804 516
911 864
27 531
700 725
829 439
208 559
942 654
598 252
908 440
415 522
571 37
717 738
535 378
24 780
701 110
630 60
443 834
175 379
900 676
664 368
297 393
543 747
31 856
745 380
878 809
257 779
130 59
131 782
559 342
616 888
926 975
31 233
801 922
129 369
847 75
577 627
923 619
966 335
895 383
150 280
157 351
428 90
971 960
608 902
92 239
499 23
542 921
923 649
211 651
146 950
328 941
862 942
665 498
79 384
301 902
68 919
915 630
422 666
959 321
561 786
724 698
673 952
142 549
713 431
346 128
926 165
195 445
432 601
786 520
79 803
4 733
595 572
65 985
488 448
685 595
281 821
341 237
267 710
87 473
503 410
868 242
544 280
156 214
873 604
730 255
624 889
694 594
825 289
679 138
939 345
230 878
779 185
375 371
114 763
481 708
869 633
875 500
506 113
274 267
147 747
958 289
709 613
502 237
35 586
596 297
725 139
561 198
288 514
752 39
182 670
787 552
721 834
934 905
860 377
982 901
933 335
662 565
575 798
926 920
729 490
527 603
931 866
931 468
649 745
927 502
417 617
913 684
336 903
10 932
231 826
641 314
496 801
249 82
962 886
764 718
214 747
417 331
450 341
684 271
813 173
822 783
136 668
684 847
509 918
936 520
426 442
746 227
620 712
111 55
926 142
803 713
256 132
617 231
85 569
957 943
801 689
797 108
564 393
468 550
974 735
938 194
932 141
243 562
304 472
856 213
68 591
604 521
364 806
450 196
169 784
498 988
706 217
372 965
434 436
949 371
97 726
846 741
575 489
857 204
794 976
27 188
394 965
628 824
865 602
593 587
260 814
946 317
140 324
605 536
880 57
93 292
222 216
169 492
706 669
922 850
74 83
276 997
62 752
782 713
738 140
148 685
89 278
779 620
677 660
261 795
429 85
585 135
233 442
590 688
183 106
810 784
760 155
478 674
870 224
70 472
296 549
137 999
564 954
488 973
515 394
867 959
962 717
802 866
768 830
884 218
866 734
688 69
484 778
980 757
655 515
626 50
713 406
632 290
718 436
692 665
581 663
360 37
315 975
251 973
536 87
523 371
228 459
946 778
895 638
303 507
638 570
271 89
630 762
190 11
673 51
412 1
658 297
934 442
976 396
639 713
91 627
173 701
134 717
296 280
919 272
902 544
706 479
506 169
35 693
515 767
709 895
996 372
887 269
107 231
217 427
370 911
296 965
900 829
925 818
641 983
698 672
19 827
480 145
614 468
893 515
271 116
561 297
378 527
980 341
853 961
819 721
609 37
827 234
167 581
168 445
558 110
348 152
168 554
14 796
508 284
590 831
591 226
277 118
741 689
658 705
186 48
722 30
730 565
548 358
822 77
293 785
940 248
297 11
712 103
313 28
985 585
228 137
964 261
416 275
713 515
115 281
189 546
209 300
561 983
66 431
603 124
486 625
324 523
950 707
181 606
431 208
483 170
213 285
65 798
302 733
394 552
140 396
457 333
802 139
114 325
614 54
152 602
541 192
675 235
179 387
416 991
207 593
999 533
584 972
252 586
679 455
443 615
482 195
874 833
305 634
571 867
799 709
309 404
986 706
770 951
628 999
294 525
154 400
782 790
219 698
951 741
735 850
886 474
232 831
981 446
231 51
565 664
917 678
311 251
188 870
226 401
286 431
567 810
224 178
296 735
7 371
656 111
112 170
774 531
443 257
46 350
773 427
803 722
684 292
958 735
263 171
837 322
909 629
223 679
135 493
767 534
350 692
517 725
270 103
928 588
108 884
823 689
172 773
450 227
324 728
473 258
366 55
702 397
707 25
708 870
838 829
659 346
473 435
403 408
527 339
911 48
473 476
493 993
310 697
593 307
811 388
227 205
651 607
601 984
899 617
425 210
825 401
130 553
882 866
96 557
509 387
373 861
464 535
357 383
145 108
255 227
37 86
754 424
256 771
463 844
341 288
325 875
326 60
58 822
772 174
22 837
118 946
355 476
666 672
265 932
374 347
946 120
857 691
287 304
698 745
109 742
560 762
728 438
796 986
32 631
970 965
650 967
995 618
249 780
837 115
250 575
474 619
936 860
594 872
689 132
512 923
713 14
328 236
77 399
166 928
671 909
533 876
516 894
167 738
545 89
872 632
125 116
146 923
941 264
31 256
34 36
59 731
613 144
206 369
821 323
114 201
595 618
809 490
90 110
532 121
366 467
683 511
546 215
854 356
401 410
94 569
886 565
190 108
412 62
837 779
935 178
355 60
996 497
345 118
950 981
972 181
455 68
574 65
835 631
947 849
648 82
688 851
763 137
196 798
515 642
129 501
597 2
803 171
931 594
277 556
630 202
79 880
16 330
696 412
420 36
666 316
5 910
870 564
136 627
219 738
663 89
5 799
102 285
343 541
687 452
819 756
559 622
457 795
975 505
888 465
617 757
154 797
672 978
194 356
478 818
324 92
346 436
681 917
846 505
957 800
561 127
44 989
164 412
492 893
755 897
883 116
521 729
405 878
100 330
392 515
427 889
963 204
968 214
298 853
371 825
579 508
64 863
194 770
157 142
309 115
238 75
95 582
958 832
560 415
228 101
863 121
683 475
359 802
531 863
74 990
427 438
289 457
473 20
476 845
38 204
959 860
406 271
271 382
648 255
958 412
562 753
259 431
939 561
43 516
134 861
143 569
877 357
53 675
837 719
64 132
248 609
735 1000
600 101
28 406
253 577
934 982
39 822
154 44
822 919
842 113
944 545
407 675
214 967
412 795
935 797
404 923
520 580
595 392
248 29
67 547
362 109
110 647
805 941
793 941
701 524
999 789
944 271
49 109
568 831
555 679
383 518
538 923
746 6
638 8
660 426
370 306
137 659
279 824
766 172
987 129
256 47
185 895
702 692
354 798
229 78
730 677
107 878
860 288
54 363
674 60
566 246
371 706
295 36
722 464
116 583
910 707
364 585
953 92
534 899
186 629
575 253
104 150
588 376
865 965
494 303
631 314
83 768
982 64
514 986
821 206
471 965
368 362
313 479
702 67
425 245
691 718
264 53
122 841
798 566
88 857
35 882
967 165
553 753
221 515
95 126
677 360
578 68
708 711
32 160
476 631
377 494
123 734
566 860
201 696
623 677
368 167
649 896
616 461
784 745
416 557
862 54
259 169
689 556
429 873
26 751
71 436
952 574
735 861
500 130
390 534
838 94
865 220
808 852
232 847
527 758
793 792
597 638
120 913
675 476
785 396
344 716
241 784
3 475
334 43
392 878
525 322
196 456
862 541
902 372
870 56
673 604
771 623
495 77
559 916
915 632
897 133
94 511
327 533
57 465
556 13
224 622
622 378
859 68
20 178
26 947
930 297
15 505
480 806
523 442
817 729
560 990
693 883
290 571
664 514
369 210
705 664
905 99
264 66
331 85
108 313
259 713
653 553
496 42
896 496
144 373
705 43
688 775
879 647
231 483
830 2
643 269
771 320
937 104
510 254
508 987
126 414
40 101
411 462
253 521
254 290
942 501
582 44
210 234
607 395
83 504
783 892
879 523
177 857
148 489
480 457
499 471
214 894
924 21
35 25
435 787
650 550
44 217
870 85
33 552
917 12
332 604
663 760
388 734
530 931
488 866
20 897
775 115
579 370
707 841
529 653
34 37
452 340
769 446
698 12
592 519
722 374
303 454
376 278
929 304
380 22
916 42
534 617
884 486
66 357
484 980
980 945
565 845
753 485
539 814
422 358
206 569
434 159
531 834
373 621
228 416
764 82
855 773
488 333
794 79
261 409
825 210
882 933
743 996
764 449
86 189
770 116
566 587
464 949
757 696
630 446
415 942
203 448
259 434
758 274
705 902
246 38
875 466
820 369
252 627
383 203
916 844
477 786
799 722
634 151
492 841
598 314
140 326
583 50
469 510
199 805
403 992
790 478
513 534
123 631
804 316
967 288
53 864
80 834
283 743
89 564
897 615
550 667
143 787
336 826
572 328
629 434
246 888
210 800
961 632
509 372
264 492
997 527
249 815
893 750
343 653
897 769
241 847
383 668
775 800
548 110
987 390
788 733
702 959
386 441
405 139
172 394
390 465
413 912
909 555
180 909
487 515
788 332
475 219
64 946
263 242
86 563
909 700
258 214
312 492
771 679
447 486
655 525
233 942
128 14
385 401
423 121
209 181
622 323
824 502
328 709
246 983
314 385
212 867
104 44
787 347
882 231
557 573
559 35
543 638
198 741
14 651
365 76
920 919
356 273
948 125
166 22
204 221
155 291
962 81
933 880
660 664
579 968
468 905
17 471
623 531
611 507
415 531
1 891
628 798
81 653
946 223
503 518
839 168
2 327
594 749
425 852
502 346
931 734
616 826
255 54
550 728
567 595
126 289
644 712
421 625
278 986
995 596
249 858
214 964
303 637
162 611
605 141
297 588
853 606
763 833
819 723
322 96
399 739
491 898
811 675
921 103
6 963
742 505
602 862
154 185
853 944
396 433
125 639
418 955
572 792
612 989
67 320
768 877
276 444
958 688
685 936
723 269
231 546
534 311
314 346
150 716
985 999
492 753
110 192
807 362
337 996
323 153
290 306
258 363
935 390
403 17
208 87
411 746
217 815
328 624
299 305
676 72
371 245
803 846
576 640
313 478
99 493
375 360
801 369
450 833
731 752
326 308
626 486
700 609
38 120
543 906
77 603
391 229
315 432
806 125
130 754
38 459
134 830
286 977
468 28
820 297
921 988
435 205
494 872
188 403
154 367
544 187
49 627
377 94
799 130
288 505
400 227
353 197
361 562
615 980
899 88
738 208
407 849
391 300
219 796
468 353
452 814
70 245
68 229
794 209
813 275
575 884
779 655
128 539
92 452
23 918
448 524
379 784
513 488
619 362
31 8
125 509
185 952
370 452
833 996
410 619
985 801
638 37
971 850
662 277
153 353
461 108
889 529
195 128
159 485
896 173
825 761
254 957
495 445
907 495
142 552
181 206
424 845
478 981
404 355
722 290
775 300
726 442
637 213
893 331
509 578
749 155
741 151
246 543
63 127
817 591
394 488
124 127
87 357
933 581
751 962
692 129
80 253
742 515
821 176
38 186
129 766
60 582
939 205
544 283
613 272
895 644
17 381
511 655
664 888
815 327
545 167
639 643
161 702
661 761
151 863
122 221
984 240
809 907
493 658
900 470
481 330
909 763
374 447
122 76
391 544
987 231
828 976
714 155
820 635
36 867
2 271
919 56
883 689
850 474
196 760
127 896
129 289
112 423
221 91
353 963
689 809
871 1
429 110
69 7
652 10
505 617
324 235
73 429
550 937
609 99
662 215
224 975
374 219
776 886
728 591
547 181
534 413
332 605
941 501
447 380
376 601
323 930
909 663
492 795
440 646
955 313
974 71
527 998
25 812
924 680
690 518
125 227
215 992
555 396
268 156
43 176
996 362
707 217
409 574
581 688
216 796
91 172
493 272
275 421
132 506
349 876
632 376
704 773
815 807
542 37
545 263
621 532
379 233
783 631
882 192
385 598
151 703
691 130
547 606
80 217
298 32
267 869
638 620
459 127
796 342
514 899
950 939
222 274
536 107
374 249
213 53
307 48
147 667
761 557
264 349
818 668
585 767
724 278
726 876
452 561
224 274
972 484
206 486
636 601
802 668
288 545
74 94
796 905
719 282
832 93
376 457
729 459
953 831
609 173
274 814
442 316
604 882
282 293
967 939
767 148
573 299
240 615
176 682
514 11
680 319
475 173
538 901
982 844
106 387
452 171
516 860
258 636
405 251
851 295
799 313
286 22
586 536
140 696
664 834
665 431
692 360
686 471
638 972
677 964
617 55
410 837
142 736
955 547
446 186
399 96
661 381
590 269
846 955
99 274
386 857
470 415
401 388
424 547
740 105
557 589
887 202
726 204
307 878
184 227
169 881
136 70
9 984
28 44
48 946
904 254
181 762
19 275
388 420
297 943
56 268
679 476
539 564
902 709
27 157
598 212
273 253
917 828
627 836
496 450
470 794
304 661
467 195
896 969
342 641
865 468
663 153
848 518
583 689
586 390
472 282
71 466
857 153
334 640
460 843
524 848
121 53
838 112
149 32
813 302
335 30
62 866
966 468
381 823
97 413
690 394
709 126
103 163
676 73
580 493
945 88
626 671
278 673
187 253
85 954
926 256
693 571
182 48
830 635
243 2
574 476
439 560
500 514
694 249
110 193
973 125
650 416
252 18
20 152
774 1
6 415
655 774
432 512
859 235
916 338
631 391
777 140
650 130
975 704
290 533
826 579
241 97
773 216
241 538
322 226
380 428
187 800
593 357
920 563
27 347
890 481
229 657
322 277
655 85
142 56
244 678
578 66
463 964
523 719
302 450
51 254
144 940
94 160
403 573
938 755
620 344
640 976
1000 942
620 495
805 11
415 901
197 475
490 343
897 573
148 753
365 661
701 987
405 270
75 873
799 434
362 173
733 426
554 559
719 235
339 809
117 133
624 295
113 763
262 427
600 272
582 224
197 142
842 373
291 457
546 593
429 299
931 57
932 326
970 529
540 242
977 299
353 753
345 641
783 449
399 484
236 842
241 624
363 50
93 869
418 190
466 594
730 647
858 368
587 786
57 471
385 472
831 135
172 768
713 572
80 111
940 509
431 762
513 885
751 973
312 114
95 809
276 917
82 932
29 171
359 868
124 239
422 90
125 989
434 396
640 751
753 170
611 340
574 936
887 35
355 146
545 166
926 228
165 157
956 760
662 787
226 925
373 858
384 742
52 273
948 340
680 746
592 278
169 107
244 553
211 893
669 654
508 647
800 195
123 764
910 136
14 381
54 419
274 662
408 860
740 613
320 120
653 922
538 490
616 698
123 986
399 919
827 984
444 264
528 347
312 682
486 919
27 719
842 183
92 314
827 841
684 598
187 470
406 180
335 214
926 559
336 783
508 554
292 827
351 724
779 315
768 808
452 33
70 496
788 571
48 158
447 750
267 124
548 219
586 914
738 569
832 574
798 263
844 830
751 301
328 973
132 709
544 781
337 1
979 686
324 281
453 699
479 959
65 671
686 555
928 539
911 450
215 977
897 272
203 553
890 869
946 915
138 852
531 727
823 519
850 611
717 872
941 952
310 745
136 220
838 943
130 998
627 732
118 479
887 150
322 298
277 998
373 653
804 969
329 559
648 85
155 103
924 227
921 981
535 728
900 459
593 591
734 757
106 554
416 760
192 31
670 868
875 242
787 584
519 853
97 150
724 501
28 572
107 29
36 23
2 131
224 287
170 861
227 900
67 955
267 301
729 458
16 107
55 138
292 200
885 215
232 435
671 844
620 868
917 332
832 764
24 661
373 878
34 498
774 416
427 705
309 721
413 878
162 430
522 414
975 280
410 672
451 84
16 567
20 935
367 72
557 136
600 661
39 596
492 655
94 879
60 971
998 501
102 702
195 488
893 129
345 405
867 595
205 191
133 930
760 714
134 133
172 968
564 506
766 821
881 330
533 321
773 338
66 502
857 481
566 267
333 684
9 78
982 59
160 238
548 913
574 913
740 505
227 6
857 131
30 615
566 842
41 334
994 380
531 354
541 361
246 401
164 396
950 807
722 958
728 319
946 330
434 182
355 358
93 403
790 571
717 761
245 200
806 864
305 675
142 494
149 530
739 494
641 811
215 120
236 268
787 612
554 953
667 202
979 204
377 162
31 867
412 999
767 85
456 271
734 166
922 52
811 526
118 667
564 658
872 774
942 162
653 277
177 36
722 364
914 707
702 974
775 774
297 707
634 93
804 747
442 51
775 919
29 529
780 524
902 286
996 461
357 53
506 849
363 392
197 604
271 709
505 815
224 726
336 496
889 740
820 546
342 314
475 967
208 186
744 284
891 479
302 946
339 932
926 168
609 967
540 583
613 951
781 875
982 212
894 928
454 605
113 93
755 474
799 511
228 378
708 202
994 657
705 802
355 121
564 99
895 627
821 892
130 577
887 463
320 383
583 982
255 353
492 85
844 258
717 524
25 739
867 99
865 151
640 977
572 404
511 88
114 946
540 186
407 909
931 623
770 947
866 40
809 216
495 549
442 403
478 461
891 564
825 68
988 362
805 876
148 609
230 493
32 734
567 806
542 390
328 295
870 221
466 15
943 611
395 9
489 182
456 9
361 379
244 424
462 99
889 821
234 130
642 189
845 994
591 194
292 629
371 980
854 515
279 452
362 753
917 215
167 984
704 652
119 483
341 549
812 632
898 740
538 527
6 489
368 312
90 150
254 669
437 483
973 241
581 175
917 88
674 206
518 487
722 578
484 785
105 604
327 453
844 241
483 91
856 543
653 301
640 736
324 777
633 141
83 910
9 791
728 473
553 722
921 854
79 634
448 384
934 160
661 872
614 852
688 826
395 536
307 500
880 18
697 572
539 161
819 81
107 163
112 251
782 758
896 801
435 457
75 606
22 187
704 14
451 575
213 708
490 475
1 196
348 941
340 697
614 336
440 827
281 13
230 24
59 896
331 999
210 236
893 809
381 117
328 127
461 957
284 922
656 365
989 487
349 584
99 909
267 861
654 923
894 316
141 892
147 259
590 21
907 63
646 987
560 24
509 755
383 925
750 621
604 992
272 915
475 700
350 568
223 458
564 406
52 162
473 403
133 111
852 649
355 979
782 372
284 376
52 81
744 651
255 586
721 358
751 728
616 76
464 713
891 876
446 329
873 547
329 605
916 617
956 558
630 445
777 421
83 938
530 122
874 995
569 634
108 431
456 856
810 599
429 938
249 263
888 945
565 447
610 792
238 713
226 17
715 511
679 536
312 570
83 377
246 199
857 866
383 42
295 948
496 646
300 526
840 747
834 388
572 162
996 918
408 599
745 658
970 997
810 650
853 552
604 354
126 234
41 133
192 476
968 365
546 707
441 499
774 479
153 423
462 91
933 707
926 298
556 323
764 606
871 922
323 896
366 806
205 92
134 213
319 212
52 497
141 864
470 184
590 113
538 724
444 951
768 81
306 944
251 881
555 379
204 363
202 400
349 846
133 929
531 754
380 164
453 944
21 540
596 980
557 570
461 485
707 469
437 332
890 600
670 378
507 152
164 933
688 533
928 228
986 806
784 676
146 97
840 530
421 169
683 778
887 490
653 622
895 559
217 140
398 891
327 179
844 287
226 66
354 15
502 191
430 328
545 591
786 307
736 650
473 980
132 352
226 164
580 811
818 992
507 693
679 653
921 473
60 35
244 768
463 38
781 125
489 536
159 922
279 368
983 753
130 192
912 30
198 737
714 258
842 351
534 121
61 668
396 658
950 233
98 942
659 649
732 81
129 186
426 492
408 111
997 915
983 192
31 311
489 388
417 231
463 711
464 198
7 206
214 502
125 169
896 115
471 413
85 523
394 352
203 59
181 24
479 39
630 825
332 212
902 200
760 743
670 180
873 840
466 654
78 990
17 628
181 905
755 300
886 710
561 603
638 603
330 580
27 389
670 342
270 64
610 527
717 809
477 516
122 853
450 860
18 120
493 794
477 693
919 450
617 717
479 475
100 908
728 365
673 316
892 416
556 465
843 108
146 212
387 194
355 342
999 609
340 226
145 968
861 576
398 966
917 862
131 201
31 58
457 974
948 224
965 674
144 844
1 757
952 595
764 684
871 396
598 464
300 21
73 203
93 152
883 576
886 479
444 358
550 678
704 82
633 108
425 599
580 557
301 60
690 399
197 251
595 424
478 748
137 531
305 138
9 806
864 391
276 381
515 521
980 485
824 885
271 570
54 958
712 921
941 398
409 773
564 895
720 40
802 820
533 196
951 213
955 286
683 847
647 60
255 327
620 738
343 5
402 601
371 836
393 874
431 934
638 778
566 39
470 136
401 663
864 963
665 278
189 720
405 531
780 705
661 322
241 289
649 266
632 462
526 576
798 997
322 34
985 738
712 358
696 875
137 79
69 908
858 3
217 953
773 58
522 890
561 720
894 812
623 374
311 880
99 10
891 38
748 997
52 924
680 605
825 404
351 224
467 415
285 530
469 373
388 269
571 642
952 896
882 577
739 472
649 928
720 488
192 53
856 92
585 546
468 162
880 98
623 810
93 331
221 438
59 455
334 591
321 790
545 736
840 752
842 34
718 753
258 83
261 912
27 786
600 208
323 619
340 331
274 969
701 878
996 834
69 4
676 60
456 471
260 970
379 325
996 721
876 125
306 585
698 839
435 791
348 204
742 388
889 976
471 246
977 277
392 669
980 616
968 80
785 654
722 227
872 652
214 463
430 760
894 317
855 108
383 824
367 167
774 173
724 441
985 988
693 275
731 192
803 719
343 158
842 811
592 650
261 135
981 520
48 732
354 548
392 217
221 486
103 911
751 995
960 908
708 982
694 641
327 424
20 432
316 991
134 584
651 638
55 579
892 266
820 95
734 765
458 312
22 146
688 761
794 171
946 469
928 72
341 493
144 615
499 675
352 922
687 798
210 850
448 493
72 618
612 297
79 718
505 93
931 601
52 662
880 63
239 788
867 267
455 584
629 269
162 1000
698 309
372 646
738 151
741 852
957 375
500 198
27 766
834 856
709 502
173 148
606 902
666 475
561 263
944 649
376 59
340 734
474 584
385 41
296 668
25 66
444 524
727 615
544 638
723 388
695 122
955 233
258 635
63 670
147 115
600 744
51 924
842 621
441 204
218 158
764 974
600 663
159 446
937 812
899 723
578 518
941 760
603 505
548 558
966 853
955 831
599 109
376 725
530 564
380 165
499 449
424 919
77 835
207 948
812 762
13 731
655 860
307 962
374 913
833 127
431 301
53 283
610 616
886 901
725 265
601 795
450 889
332 650
640 681
417 566
56 416
213 214
363 329
290 833
809 951
536 537
259 402
316 193
818 703
549 570
361 824
602 742
269 245
451 225
225 21
364 181
493 599
773 677
244 611
504 976
47 448
801 548
514 567
808 264
990 16
352 644
238 131
378 76
616 613
948 246
70 114
622 575
737 791
621 182
871 356
709 345
798 554
947 364
110 942
805 886
705 418
28 689
430 773
757 510
633 192
908 464
309 621
720 844
297 874
11 991
927 69
16 887
332 566
295 386
956 443
353 746
298 610
84 622
106 482
751 502
254 826
841 766
774 218
928 726
413 146
622 496
256 211
773 261
833 687
467 985
798 127
345 501
113 881
898 689
974 348
722 461
975 909
198 682
454 704
882 7
919 654
497 99
760 599
108 579
578 447
29 373
360 948
660 713
790 776
778 240
170 445
174 541
191 449
51 338
752 453
950 918
700 637
293 433
614 991
406 752
479 474
942 550
484 556
892 417
565 325
109 841
458 195
421 477
209 883
528 965
692 888
624 926
252 951
40 255
387 82
338 508
710 364
343 781
469 434
951 626
843 333
314 629
789 921
912 322
876 147
988 501
151 507
135 918
376 405
653 85
958 544
583 276
399 813
348 971
685 452
9 463
279 407
528 385
714 468
680 220
438 252
407 563
423 74
328 246
615 524
935 610
97 857
205 257
154 961
633 431
228 885
696 351
642 989
751 298
622 396
215 974
822 210
243 257
579 443
617 12
20 246
138 191
780 706
143 130
811 220
151 663
119 259
229 847
731 389
901 614
630 693
959 189
446 448
323 407
380 348
321 433
302 515
527 462
714 707
643 709
939 350
498 514
397 358
716 132
810 193
494 558
23 300
152 811
782 43
130 722
661 886
973 644
316 137
208 514
173 528
212 458
216 13
847 752
49 322
139 529
769 351
52 546
734 66
718 839
649 560
359 101
74 137
24 926
171 785
278 23
336 797
710 106
748 313
95 166
396 373
605 241
555 964
956 285
757 50
542 706
905 969
780 211
489 144
487 645
658 755
353 948
241 823
607 660
154 946
764 709
780 162
305 262
315 365
674 300
48 511
682 626
686 558
928 542
547 868
820 179
349 872
595 624
997 140
215 449
216 655
927 593
53 100
953 46
789 656
425 389
881 4
708 832
468 557
915 97
324 585
146 345
596 801
815 513
542 459
873 912
89 161
592 56
355 34
925 370
299 463
752 446
612 154
636 768
873 690
308 283
991 102
697 502
657 798
770 599
239 934
530 376
117 262
942 713
446 568
175 218
576 737
39 955
355 510
178 29
400 47
578 51
3 530
794 226
957 374
944 571
242 454
253 921
453 183
900 522
478 538
214 812
301 772
920 307
291 53
275 920
521 912
149 79
14 779
516 713
594 217
559 669
371 112
675 104
183 257
702 819
663 539
371 993
318 568
229 451
858 533
489 430
626 601
722 994
877 616
368 952
366 151
829 773
522 255
209 168
987 89
916 459
755 165
66 322
447 195
877 650
894 568
932 861
686 804
265 72
428 748
527 352
937 606
902 684
759 283
545 1
711 404
696 915
678 807
131 150
190 925
176 242
839 496
180 147
535 539
838 302
406 725
62 347
174 285
191 573
319 584
362 645
539 232
31 697
752 184
491 428
577 35
991 749
339 784
250 189
458 612
594 742
813 520
359 450
105 179
956 112
938 519
960 115
779 521
654 507
24 982
672 534
140 980
913 732
609 205
662 945
131 683
188 968
301 103
251 694
669 571
862 664
3 485
975 475
323 832
127 698
327 777
771 633
188 669
350 887
674 340
547 990
340 832
750 571
767 635
664 162
508 782
86 707
659 617
4 594
186 285
890 809
636 277
945 536
394 366
219 479
846 131
389 41
321 355
730 961
158 366
592 994
378 487
702 250
631 304
647 559
708 559
792 450
219 671
464 659
104 442
657 964
506 498
549 766
243 785
155 435
32 166
235 865
911 872
571 779
540 6
118 62
766 890
692 889
491 392
808 342
296 138
134 962
987 1000
273 763
634 59
227 739
525 184
197 455
254 264
182 549
899 95
896 886
25 366
188 142
689 951
121 213
693 935
412 966
805 873
469 34
736 402
692 701
931 991
70 377
629 230
244 4
562 225
396 289
37 721
591 94
24 720
67 658
125 504
362 986
96 226
314 25
388 736
312 648
620 589
694 204
474 291
913 705
638 953
898 624
196 372
78 208
831 306
134 38
154 736
530 859
219 394
237 84
464 51
851 705
29 901
983 452
590 604
487 461
464 450
981 739
543 684
161 486
430 758
146 370
439 176
534 929
579 216
371 306
473 37
809 579
76 70
369 212
540 725
502 936
765 622
34 590
473 86
860 838
666 879
812 993
706 124
330 734
973 562
730 201
891 937
912 626
771 313
847 578
795 175
377 396
434 125
164 342
614 220
402 479
187 671
723 961
155 189
925 977
912 272
244 971
286 720
897 541
588 572
934 528
650 895
876 375
634 462
432 324
838 188
839 909
435 635
280 696
945 186
697 334
250 582
343 743
179 638
145 562
699 375
737 56
719 120
465 285
589 604
606 714
737 169
955 94
478 857
279 664
136 145
547 184
971 996
33 659
984 877
897 74
241 528
183 429
96 381
495 111
924 677
926 495
251 731
197 529
401 55
826 195
579 265
525 979
418 305
113 687
258 806
485 359
551 804
829 962
6 347
233 615
475 558
259 525
925 448
713 830
828 95
111 974
118 469
265 269
731 654
120 933
492 250
351 177
566 764
952 832
455 407
682 489
369 978
408 926
322 456
456 938
937 61
611 82
98 99
619 975
268 265
253 709
160 538
749 721
883 739
72 502
131 912
369 653
351 629
221 9
192 305
219 616
625 557
519 631
831 801
539 952
603 910
948 799
431 921
846 294
480 491
524 30
945 55
267 15
430 969
659 769
418 913
355 499
187 212
540 910
638 23
50 612
287 849
326 761
419 297
912 270
724 548
966 937
112 900
497 906
940 12
262 32
667 49
492 651
552 540
350 761
389 419
379 360
147 145
20 129
404 288
156 449
68 757
695 568
237 520
94 653
206 543
468 578
432 744
454 629
146 442
789 548
523 504
428 892
950 537
826 539
222 352
369 156
737 821
631 220
283 236
29 256
968 744
806 248
863 505
683 783
388 417
317 5
924 19
728 404
48 774
782 113
550 253
532 600
221 681
442 822
202 501
27 144
1000 945
883 929
844 361
900 427
796 196
397 143
51 539
205 838
956 898
409 321
889 21
139 600
738 188
476 319
149 655
466 261
361 745
73 189
301 469
12 8
118 666
400 810
112 484
818 336
656 123
550 923
111 691
267 672
391 117
818 291
417 677
148 286
280 910
85 837
690 745
784 366
824 715
21 121
708 453
466 984
309 446
682 696
607 909
422 631
450 356
323 14
695 382
371 794
946 964
873 188
609 858
52 327
310 907
406 842
243 468
962 378
786 940
698 288
864 536
792 293
63 470
674 793
638 606
713 869
700 793
256 610
34 540
465 242
479 38
796 356
217 979
694 591
956 610
96 976
668 174
105 646
625 79
74 735
934 41
575 297
708 718
914 189
68 188
421 475
114 607
529 966
796 392
448 471
178 192
655 374
640 719
164 307
37 11
277 764
758 463
562 346
283 391
326 636
199 747
210 704
317 892
230 647
784 895
571 601
951 812
942 480
426 634
641 523
733 421
758 245
3 290
222 954
311 975
616 865
157 745
429 4
287 122
509 310
732 157
664 707
790 7
278 875
791 505
233 300
168 385
222 724
595 26
543 218
620 575
834 230
932 323
792 580
150 384
758 597
172 72
154 975
124 689
175 823
782 126
483 562
979 665
428 369
356 584
826 44
168 846
8 931
928 756
656 547
767 751
860 259
664 46
314 491
104 987
9 229
234 578
308 205
256 288
593 9
96 559
575 21
527 298
165 469
972 939
935 49
702 260
152 736
579 219
281 828
263 756
13 737
677 586
952 71
935 134
938 102
354 353
835 498
433 886
394 756
117 346
717 970
596 749
943 376
123 405
179 487
890 218
809 892
4 26
667 330
189 2
445 120
321 906
557 146
142 136
383 220
511 939
537 795
184 621
919 193
689 752
672 258
545 628
585 551
206 763
596 161
466 314
123 977
287 312
552 199
979 615
956 57
499 702
339 41
558 204
172 383
942 111
603 933
969 695
570 649
850 246
923 590
163 213
349 674
791 463
834 680
873 312
12 310
313 33
690 893
408 59
634 899
195 213
233 42
470 969
436 713
418 108
440 652
183 428
167 875
713 637
811 796
258 948
522 217
225 719
531 621
955 541
918 643
639 316
744 344
301 643
752 835
180 500
878 135
401 513
47 767
666 263
502 747
36 937
498 168
535 787
592 939
83 848
997 364
998 703
568 196
808 723
934 407
293 277
169 799
83 961
959 800
918 689
284 120
268 597
179 338
807 876
460 409
160 421
969 945
342 925
540 984
505 241
566 876
662 623
431 742
956 776
761 416
10 974
249 244
965 726
108 73
236 406
457 455
591 757
813 546
635 312
528 670
325 216
202 405
766 730
630 125
457 197
1000 890
359 41
535 42
594 546
101 754
391 370
175 427
987 753
309 997
64 380
301 1
159 103
549 299
897 794
573 437
254 467
409 928
743 101
871 176
943 551
913 528
642 206
366 968
497 687
629 846
796 37
978 54
462 95
635 871
837 369
175 894
880 732
167 702
439 949
353 572
266 93
195 177
250 940
237 566
224 719
958 622
744 406
45 431
893 43
822 233
426 278
172 822
15 928
387 575
95 590
264 852
357 335
319 3
643 976
434 677
725 564
191 200
602 161
692 424
661 488
310 718
795 554
14 194
986 179
751 881
403 312
581 112
264 1
640 684
553 669
432 273
632 728
351 148
553 302
886 186
186 853
783 328
142 320
454 54
39 968
374 874
904 943
779 813
190 588
322 604
841 500
330 115
829 139
705 133
361 607
415 318
715 364
585 643
529 224
123 921
608 551
770 202
936 254
168 136
558 149
321 699
899 259
258 393
395 224
555 782
917 363
224 30
805 355
64 759
928 924
766 506
664 902
242 654
680 973
964 782
962 695
232 392
180 338
656 418
497 548
149 117
479 732
650 328
781 479
654 932
197 583
20 64
534 434
689 311
567 881
807 355
918 32
168 994
67 276
781 900
582 725
584 138
626 861
256 325
795 744
423 235
371 650
355 817
711 596
210 350
517 811
313 261
21 572
632 549
523 406
29 193
910 378
255 953
79 446
722 746
364 871
271 309
701 416
705 805
834 67
216 278
434 373
909 379
790 766
193 250
636 842
29 404
56 302
74 46
852 786
283 489
875 403
269 22
677 233
737 598
740 591
465 875
243 363
106 623
982 516
535 396
629 337
317 891
853 281
572 247
810 556
831 922
466 486
413 749
322 834
567 908
348 966
404 976
526 508
896 632
749 954
885 502
629 228
887 812
429 404
603 969
125 261
662 194
591 88
222 725
462 100
780 185
471 238
281 342
319 266
175 822
289 867
83 717
384 89
559 924
400 57
638 959
676 728
56 961
312 427
480 609
815 923
157 221
347 243
798 94
124 7
911 357
898 656
599 22
450 107
587 630
95 791
575 25
354 399
105 583
289 280
221 861
593 298
977 907
706 203
644 798
714 718
696 77
811 268
151 999
354 209
541 187
446 773
644 164
908 625
359 721
839 75
680 720
878 663
866 231
294 836
429 931
321 826
451 804
236 435
553 503
256 907
759 639
260 963
373 70
283 354
986 125
439 383
991 555
408 721
761 948
814 345
602 199
917 592
991 707
214 1
177 133
529 168
509 360
334 365
575 237
12 26
783 836
168 495
791 345
44 322
82 141
49 92
693 859
452 47
872 124
733 170
989 192
786 634
980 517
448 670
354 412
93 700
49 746
922 442
568 164
12 390
839 578
332 939
7 253
157 304
949 788
343 37
846 132
100 302
990 442
72 327
60 940
385 574
59 579
632 383
472 625
821 507
933 657
128 344
540 533
742 267
7 560
319 994
200 477
200 634
700 851
95 919
76 21
132 263
659 238
843 893
759 417
962 69
51 286
930 551
626 470
240 357
442 929
829 275
96 921
761 581
423 614
829 388
758 362
597 152
386 811
957 32
763 369
375 386
412 763
35 528
221 357
866 122
136 749
526 446
913 971
149 617
443 900
465 972
961 967
709 227
571 384
420 444
349 114
196 731
16 97
415 123
803 194
892 354
168 459
443 211
423 61
241 720
239 325
728 574
716 839
399 437
435 996
69 612
862 989
223 849
439 948
833 933
940 127
922 414
686 367
279 815
67 509
896 253
720 529
186 405
404 460
834 521
409 626
798 244
158 87
52 510
664 248
694 200
15 283
110 159
459 421
319 945
910 748
627 617
159 728
290 665
920 768
371 606
375 126
198 733
713 847
574 776
145 74
688 443
156 225
416 94
477 901
203 134
350 827
167 291
762 920
85 182
530 357
221 566
791 654
811 340
960 650
252 568
259 406
78 996
597 188
946 324
250 73
456 968
97 980
26 294
814 439
579 750
247 612
415 680
142 496
383 100
511 51
507 328
140 241
141 136
804 344
790 287
460 834
763 635
946 57
749 580
552 128
680 85
316 111
918 435
757 73
775 606
499 377
323 551
50 853
412 876
988 307
700 255
507 729
674 495
182 233
712 134
139 230
358 494
766 507
569 925
641 376
533 826
81 779
528 214
309 267
680 401
241 589
208 402
708 455
871 949
750 574
721 852
422 474
121 852
820 552
215 38
669 349
535 419
376 646
973 199
631 495
595 497
464 473
894 603
882 3
185 465
328 18
639 563
925 21
712 478
531 898
809 612
55 876
761 803
887 167
948 89
472 786
437 732
677 438
311 664
682 28
978 887
117 729
355 204
302 453
765 937
467 917
515 692
539 596
991 443
522 564
123 745
307 414
554 869
203 273
608 751
227 663
544 179
396 152
684 843
23 91
836 670
856 244
362 261
170 908
210 849
961 911
35 262
150 53
892 976
491 969
862 744
476 35
495 769
940 658
499 450
609 169
224 59
232 598
175 572
128 817
736 70
659 169
828 686
133 544
82 456
103 418
140 680
343 403
806 777
573 734
44 12
656 859
964 77
332 791
688 7
399 679
10 31
641 151
954 854
846 216
285 56
659 503
493 181
521 506
8 643
872 450
84 650
570 351
158 329
500 944
511 430
161 340
161 297
88 111
536 776
596 888
385 846
416 454
142 108
592 239
812 988
565 308
17 262
423 722
912 629
433 662
740 669
800 218
454 127
499 610
637 647
136 754
585 549
313 958
10 778
687 212
486 831
549 211
849 889
283 643
583 500
235 138
1 502
291 29
534 75
759 141
353 820
500 909
375 298
940 978
435 794
55 93
202 563
920 506
903 147
104 637
504 311
233 159
451 208
725 394
145 849
115 159
423 366
336 656
188 721
232 391
478 108
361 227
159 304
346 329
664 878
274 465
856 54
713 344
287 668
650 400
986 264
860 481
203 558
60 941
21 657
149 460
777 787
371 724
446 134
983 485
159 743
536 70
848 424
302 833
217 879
610 750
94 551
423 771
134 434
265 417
679 210
826 514
424 734
388 916
446 371
387 60
325 642
731 643
968 719
899 591
536 915
645 95
61 904
873 694
437 820
456 862
143 678
153 674
632 939
377 316
164 486
331 287
210 612
725 195
247 899
197 378
622 693
914 274
441 238
795 61
841 431
201 968
919 84
266 692
156 608
303 755
362 349
552 165
457 39
754 823
98 307
465 604
11 712
486 938
506 972
275 815
633 47
949 691
783 859
112 586
504 773
456 579
709 19
931 105
241 727
991 853
508 299
861 361
845 932
667 720
673 531
910 800
984 844
650 429
81 200
906 907
287 624
935 260
367 198
224 688
195 465
793 988
367 823
177 991
721 154
560 280
209 334
484 832
161 419
623 215
360 459
332 396
748 516
878 387
256 520
848 178
939 57
503 330
716 121
862 419
960 651
333 903
55 939
708 725
92 774
649 769
47 94
451 929
259 38
724 306
31 586
527 849
362 415
737 697
700 299
709 276
356 813
69 276
308 770
970 772
79 975
317 966
230 361
966 369
503 940
225 216
709 102
712 726
819 730
126 8
441 416
387 582
944 313
376 203
626 663
384 192
851 346
559 533
64 283
802 810
533 170
370 296
23 728
561 145
390 69
965 447
146 985
759 951
293 349
820 984
751 64
627 462
756 746
685 722
992 231
603 73
513 865
734 781
570 882
96 757
777 180
959 132
536 813
39 426
170 23
48 967
167 454
596 724
467 536
904 248
939 390
669 817
375 272
969 591
700 745
44 901
355 348
451 925
89 296
531 321
787 939
208 762
389 651
563 208
713 214
300 144
182 654
884 540
574 496
230 698
250 332
490 351
184 690
667 175
834 191
107 474
951 367
787 758
573 281
791 198
779 646
582 73
183 54
3 436
426 793
211 441
641 298
665 126
6 932
906 670
599 639
102 61
802 991
286 180
740 360
201 476
93 854
297 945
816 239
10 314
51 938
58 743
768 834
788 269
754 873
21 410
966 770
461 99
889 536
873 99
449 145
694 115
174 304
909 635
870 272
998 293
637 123
659 393
807 257
48 109
901 716
354 683
247 340
871 702
346 7
203 914
151 658
632 468
657 745
858 154
135 408
576 932
384 647
355 956
963 829
412 45
489 934
843 851
56 127
497 403
613 805
708 527
511 694
882 774
611 348
762 720
377 694
138 764
378 217
930 624
888 806
898 386
770 588
701 164
563 133
5 765
49 517
218 705
2 405
221 287
178 157
979 491
687 102
856 34
529 396
908 16
531 458
199 712
311 306
149 595
353 248
874 586
14 615
239 732
575 770
76 404
110 875
442 289
595 477
63 659
176 893
620 888
886 682
500 910
671 993
193 802
287 148
219 814
65 873
798 33
727 462
676 792
642 152
812 200
650 703
620 685
973 106
772 878
134 119
684 227
10 161
158 121
786 702
414 135
328 836
2 541
578 572
744 460
449 752
836 484
658 485
815 613
381 449
437 95
677 777
733 669
368 639
310 630
477 74
109 456
226 740
299 368
601 912
336 43
683 150
77 699
122 804
70 588
949 327
94 326
367 726
649 155
673 269
657 896
977 248
813 893
778 960
236 2
938 778
667 472
634 157
796 252
389 690
653 805
982 723
696 312
737 668
131 7
101 797
490 260
416 623
239 643
482 992
250 388
563 806
111 347
412 778
848 107
662 942
810 885
996 876
121 258
15 816
609 21
96 64
547 203
451 318
202 596
44 183
906 854
177 274
805 990
125 444
76 736
812 172
297 905
233 11
451 92
569 609
882 424
581 220
569 722
481 907
777 957
81 88
372 617
925 237
102 694
394 375
509 656
682 994
938 392
264 855
707 77
999 973
284 266
347 532
816 755
123 131
855 178
622 171
661 501
720 95
380 386
298 13
264 949
156 227
907 925
696 920
15 168
147 992
117 594
869 707
943 332
51 380
783 183
968 748
497 308
320 363
820 424
948 357
52 850
218 582
75 211
347 790
544 58
621 196
895 933
752 189
706 322
139 719
766 978
452 542
602 463
183 670
866 28
250 728
66 596
60 58
117 7
762 204
283 733
305 901
201 116
847 469
426 915
813 293
10 594
768 720
359 223
589 830
311 24
314 812
261 867
245 276
547 278
875 901
658 677
721 543
906 763
873 356
282 210
146 820
842 425
702 833
684 308
261 517
746 13
853 823
387 974
211 619
949 985
16 523
73 590
516 54
445 714
121 858
272 820
574 633
993 670
879 126
437 407
4 750
155 586
617 171
525 872
233 658
199 381
789 723
848 113
742 541
817 682
656 872
437 681
8 455
659 40
844 84
260 37
797 716
963 638
155 237
553 766
521 684
221 536
287 723
99 100
744 879
363 299
931 489
536 635
413 121
585 702
662 485
771 337
956 819
79 652
335 310
27 993
190 623
930 958
239 842
238 296
519 772
776 264
634 68
156 570
819 490
568 682
808 121
112 294
573 167
251 429
117 27
893 586
272 182
805 788
403 540
244 146
785 488
269 727
736 378
205 729
525 486
47 677
880 569
327 385
684 649
318 923
287 421
16 841
606 610
243 120
150 388
427 769
91 70
341 715
859 770
508 364
860 249
168 675
44 14
262 934
537 187
684 209
824 457
767 747
384 890
422 742
845 108
593 13
242 117
5 151
695 636
960 935
778 376
981 863
817 726
820 211
109 116
345 471
330 611
649 493
928 180
753 584
347 688
757 681
521 621
516 316
632 802
134 758
630 792
972 276
430 280
571 810
992 709
939 959
813 937
724 260
732 997
216 19
509 13
576 819
83 357
639 986
715 344
473 533
24 885
98 442
351 540
942 401
706 955
588 569
538 354
315 167
762 260
602 877
412 152
837 422
241 975
352 738
409 95
864 548
54 883
941 201
858 793
749 812
788 716
71 832
408 144
686 231
823 90
87 1000
684 508
337 239
6 586
305 393
751 308
3 77
902 478
980 742
674 409
865 61
416 393
162 101
483 21
864 887
67 584
722 365
480 512
608 268
129 346
313 96
461 360
209 215
383 906
12 886
806 612
294 10
847 32
446 23
185 271
942 791
156 152
839 373
27 551
238 772
612 49
466 253
905 151
47 870
378 139
713 946
165 215
679 230
441 599
249 414
963 566
639 681
735 218
740 300
736 887
493 620
851 239
887 316
395 572
491 87
37 207
909 156
416 990
585 801
482 649
862 279
386 362
391 255
734 100
31 148
785 432
896 403
701 764
666 216
619 415
13 144
894 23
306 612
776 796
137 530
746 22
471 147
917 53
629 777
210 347
428 166
361 221
751 328
555 597
612 514
172 163
30 1
310 817
519 71
512 447
822 156
312 213
975 950
727 17
547 663
445 28
472 10
332 63
170 174
181 312
372 776
981 678
854 412
604 627
242 268
446 386
963 756
123 115
269 443
553 28
215 579
207 723
29 283
657 978
397 343
421 81
521 99
479 329
833 177
941 270
325 904
903 994
193 131
731 911
329 323
442 674
814 442
887 256
501 69
50 415
235 921
456 371
25 887
207 279
500 259
503 648
805 238
927 810
173 372
782 694
306 343
438 888
314 698
645 646
280 582
432 257
113 710
296 720
867 667
365 557
616 921
486 39
324 346
73 386
277 571
385 14
404 798
494 819
146 821
970 739
900 778
595 242
941 418
926 270
396 537
146 836
326 734
171 283
478 933
561 151
559 900
393 741
450 462
983 216
271 716
823 819
38 713
954 974
268 402
134 60
727 215
215 35
966 793
441 98