51 671
255 839
592 841
647 263
191 155
599 14
11 481
655 776
474 141
939 77
336 166
523 394
156 337
808 768
517 184
77 753
651 558
375 460
270 352
151 991
722 889
887 81
563 391
857 230
526 305
469 232
397 379
952 737
986 606
442 868
522 672
100 948
47 587
41 838
744 767
728 228
69 468
970 353
516 21
792 789
772 527
230 553
875 292
412 574
63 107
515 855
143 958
349 149
847 650
957 470
117 105
689 600
62 554
328 432
164 30
704 59
162 562
676 177
723 363
698 585
182 430
771 159
738 342
558 181
102 209
344 553
372 127
562 155
582 222
585 74
549 495
44 233
379 666
932 328
557 37
261 632
390 404
618 21
287 788
102 797
820 664
949 828
306 782
911 127
557 199
685 786
662 69
814 590
540 91
621 916
56 948
363 829
364 530
533 287
772 569
539 862
595 714
617 134
726 288
511 444
470 98
825 81
757 436
744 31
295 362
255 558
277 968
85 107
35 794
71 873
382 679
597 336
41 30
504 928
527 794
679 623
352 724
407 305
464 802
619 886
731 662
757 236
888 629
970 103
734 212
511 325
205 922
222 776
687 326
853 682
622 934
862 312
149 819
232 663
177 10
200 915
203 385
455 787
386 310
997 608
210 82
407 620
323 881
548 126
625 869
898 157
976 677
975 409
686 228
733 215
718 181
922 390
500 686
128 559
984 883
767 936
682 746
310 187
383 851
426 428
237 990
713 939
868 832
869 233
542 129
837 587
141 964
253 28
869 122
15 432
627 392
649 302
25 708
688 260
228 453
66 488
782 466
327 275
170 90
337 571
378 281
514 999
252 306
401 294
26 701
20 904
13 913
678 909
772 450
848 915
122 149
798 634
105 833
967 97
398 868
597 164
725 95
763 132
69 539
855 748
624 846
198 177
923 116
492 843
692 831
363 131
736 743
383 180
16 346
406 413
28 391
891 681
286 679
782 808
134 995
678 329
862 506
791 42
922 951
425 757
923 146
429 165
990 350
921 373
103 37
429 54
50 173
399 866
58 672
206 280
547 380
54 860
129 395
89 851
296 58
97 360
461 967
805 49
196 116
612 956
759 831
993 305
547 426
148 102
141 969
564 601
512 257
470 857
588 732
517 528
473 470
781 923
597 959
179 871
39 93
702 487
622 569
160 794
255 819
113 990
705 562
694 714
274 129
459 135
960 992
479 200
27 475
906 458
907 927
748 519
821 253
189 355
652 893
9 965
981 903
503 327
216 319
14 118
754 259
701 264
80 478
428 592
908 678
600 897
786 6
182 903
916 901
701 377
977 753
139 880
440 89
486 521
657 243
529 809
763 273
309 243
727 991
163 340
204 740
425 721
88 309
988 408
960 249
870 860
637 959
638 456
306 276
391 347
541 965
11 838
693 878
676 124
283 874
31 24
456 102
419 378
694 718
186 83
3 635
816 198
838 847
660 447
590 952
920 164
300 446
176 244
76 49
826 18
185 138
58 248
319 243
603 428
640 210
879 11
538 561
81 442
856 832
690 852
910 605
214 382
986 463
806 594
955 600
800 861
707 43
800 647
319 977
949 106
237 200
631 408
88 520
910 383
858 52
414 526
682 230
664 357
114 484
74 606
764 419
322 249
821 209
695 824
204 245
378 192
770 756
679 356
958 421
652 752
374 60
736 833
151 188
529 276
495 654
448 295
847 740
207 325
407 903
66 519
128 255
767 285
566 984
268 626
75 991
459 636
937 258
47 349
987 798
842 55
790 319
596 250
212 658
448 890
50 226
509 351
571 460
643 75
81 568
101 565
796 635
728 801
715 621
457 845
849 507
101 390
364 992
728 547
750 781
14 859
295 554
851 138
173 683
854 831
232 602
125 429
641 344
515 419
516 648
120 239
543 81
727 404
589 478
757 83
940 947
388 638
776 932
963 226
12 622
238 306
572 534
263 447
802 47
426 514
806 751
418 292
622 263
159 527
626 890
129 552
226 620
327 707
85 423
268 841
623 155
310 536
280 475
655 156
712 788
855 997
216 951
218 282
346 727
528 891
798 543
820 499
806 58
274 491
208 619
51 989
491 476
937 202
792 707
135 703
784 691
378 966
89 265
293 191
558 901
183 704
424 177
23 123
226 357
317 922
301 373
733 274
917 603
295 795
279 322
232 777
780 589
183 998
990 498
956 166
614 398
192 347
782 542
642 117
606 802
810 815
851 57
157 632
585 568
917 430
594 237
225 374
409 895
798 483
410 544
318 366
61 323
803 11
162 385
326 660
538 804
423 362
426 538
923 866
522 204
67 260
197 269
929 338
72 509
774 154
133 802
635 694
648 354
48 326
391 750
158 143
876 992
881 714
254 596
384 856
612 334
737 573
834 704
73 870
459 269
560 368
389 106
873 783
341 801
902 246
865 943
369 24
692 619
907 626
489 903
273 850
384 533
264 107
542 322
325 149
810 26
494 611
592 821
631 102
36 582
40 897
645 236
905 375
728 302
140 484
182 811
75 185
409 509
984 71
738 74
442 639
109 263
890 113
643 559
144 141
786 340
771 56
710 115
857 29
64 84
688 317
84 927
946 14
407 663
762 294
895 454
220 222
58 673
478 514
197 186
552 455
201 191
148 402
447 993
284 429
366 978
842 506
816 219
103 981
229 378
135 786
908 267
547 42
90 899
522 956
811 993
337 90
580 34
727 205
12 566
806 676
538 730
393 937
582 739
968 851
107 769
128 394
76 336
258 773
579 123
526 662
263 532
177 979
930 243
716 256
241 224
871 126
775 505
139 129
968 561
458 611
518 421
576 689
919 579
632 749
373 709
9 964
787 87
147 850
187 897
721 457
939 414
777 463
725 385
377 371
263 984
554 251
773 795
408 961
924 409
84 366
286 998
86 436
658 77
749 107
992 655
493 590
300 710
853 414
411 359
984 35
53 391
748 91
996 698
54 620
37 370
84 947
359 75
343 582
490 502
550 688
697 860
900 583
961 599
106 166
89 908
315 94
667 997
617 562
207 814
125 379
497 764
978 389
64 717
543 239
233 202
49 202
146 819
332 522
685 10
234 292
162 457
971 933
828 630
957 854
963 265
765 173
362 640
1 111
21 499
311 724
889 753
194 969
73 988
985 353
375 827
637 196
603 476
416 290
489 684
792 189
61 520
333 71
502 698
195 350
324 634
678 665
368 698
497 26
891 310
472 872
968 557
916 725
962 23
748 612
929 838
725 1
109 30
146 40
535 966
498 535
461 898
994 279
23 259
598 157
356 536
765 932
300 407
825 503
994 390
443 628
460 558
522 561
248 540
945 846
922 666
531 325
58 805
934 770
627 812
23 481
264 400
537 945
644 883
205 867
562 292
690 241
709 659
895 184
394 249
454 310
807 416
684 983
267 893
70 908
619 170
338 510
698 599
41 175
679 824
442 265
904 574
91 17
908 30
520 631
711 809
435 660
24 681
542 751
241 396
710 801
288 946
128 903
276 263
560 954
335 996
854 828
176 947
547 132
529 625
15 922
756 22
423 321
587 826
58 42
777 536
279 850
715 347
358 745
414 175
675 591
55 651
32 987
673 840
217 628
863 981
704 822
579 418
925 210
284 734
533 285
81 310
815 647
82 521
989 745
892 26
472 981
825 87
919 677
355 928
595 636
873 931
947 676
342 174
489 938
610 694
687 558
235 551
289 387
187 856
122 895
182 539
35 796
181 518
972 279
411 1
95 752
866 225
296 906
260 826
743 549
729 175
572 435
240 940
316 113
835 823
749 741
216 775
311 270
22 199
477 176
188 59
144 49
236 335
843 497
383 392
923 313
488 660
254 447
112 468
280 640
888 341
637 614
231 981
13 354
785 457
755 743
554 646
645 877
281 26
814 940
12 350
288 990
115 981
93 773
974 182
693 726
196 18
659 858
417 347
185 697
461 946
427 878
12 444
486 463
275 722
812 91
190 451
553 966
160 530
567 451
73 523
777 901
119 472
814 616
375 882
848 66
584 409
824 488
417 22
137 439
788 242
790 846
260 331
7 558
618 715
639 999
859 303
551 173
184 101
368 706
779 648
422 483
421 911
299 372
686 896
198 634
155 341
524 112
929 782
198 576
808 617
541 910
130 621
995 29
753 191
138 668
269 374
291 642
419 159
23 331
762 867
230 917
502 174
161 966
236 126
457 383
79 720
781 364
69 426
760 215
783 482
532 674
442 636
192 745
192 107
635 305
377 33
434 1000
127 117
918 318
95 491
353 24
460 852
979 316
47 276
704 340
783 640
951 78
974 577
442 350
25 302
196 459
7 475
943 974
300 807
211 388
694 499
641 741
527 74
784 235
586 811
58 384
611 756
262 254
48 182
546 429
532 444
185 790
779 183
223 863
82 397
158 974
827 301
497 898
632 195
873 63
323 26
877 607
125 154
256 193
419 527
264 716
160 941
616 115
479 788
445 900
703 5
857 493
981 119
531 876
125 621
553 996
293 673
540 742
488 675
899 513
759 387
28 33
342 833
971 179
791 644
761 619
853 187
772 741
145 148
878 742
956 692
60 353
19 503
378 908
179 85
532 727
614 779
136 288
430 454
72 702
507 721
843 347
700 288
594 735
49 722
545 565
60 54
61 363
729 385
583 298
306 338
588 636
828 51
166 686
731 142
638 462
770 116
187 42
577 614
391 656
451 369
89 828
367 301
828 273
614 294
675 446
328 83
132 867
197 705
82 478
101 322
232 399
582 403
414 33
383 900
793 216
613 487
336 349
836 26
152 127
563 99
160 602
622 510
38 607
204 307
427 84
855 12
52 335
453 776
312 244
498 163
427 229
29 41
56 249
932 890
868 120
566 483
295 480
111 450
526 909
90 331
256 745
39 310
687 762
869 739
66 240
251 180
36 520
494 536
9 880
195 925
658 31
861 548
327 136
239 552
903 963
26 405
977 723
597 90
472 421
791 910
114 934
335 306
420 28
573 50
559 3
250 329
982 910
314 746
153 808
631 621
983 708
451 591
947 529
442 278
740 827
559 353
908 31
858 926
914 648
420 321
538 44
483 975
176 805
325 332
201 374
789 349
628 427
314 959
444 718
928 959
585 472
278 589
197 915
646 856
69 19
176 146
395 368
826 52
129 780
868 687
744 469
372 574
530 848
696 536
558 4
972 765
555 303
402 28
642 757
368 584
26 898
613 78
673 169
527 306
730 938
90 13
610 708
661 440
55 985
445 829
413 287
696 997
713 777
200 724
845 316
350 874
96 773
27 389
318 132
764 460
892 249
810 36
191 495
566 745
570 740
826 842
429 360
768 469
354 91
585 717
554 176
757 983
369 958
316 131
248 569
65 389
139 698
675 988
52 645
805 65
358 211
739 874
371 132
938 565
305 880
182 542
553 154
476 255
866 947
888 743
580 741
317 521
871 422
763 569
510 10
334 372
567 798
957 872
38 970
136 820
121 474
837 500
96 40
483 888
949 576
529 604
737 273
634 907
599 655
162 14
155 891
655 574
713 489
471 489
458 792
612 761
59 747
479 930
579 496
301 866
940 901
881 712
589 151
882 355
898 732
258 831
384 125
815 821
85 456
659 281
74 859
290 652
49 982
78 471
525 541
553 911
498 890
209 501
929 924
696 897
679 200
113 17
699 758
186 943
684 421
43 874
82 780
748 941
677 487
165 211
812 772
587 454
579 531
844 495
701 338
905 373
52 746
606 305
426 414
204 541
639 395
274 751
738 72
577 462
791 39
245 165
75 630
60 132
634 491
121 148
667 404
698 524
555 909
495 982
595 508
885 410
799 270
286 471
713 73
16 247
299 872
556 497
258 300
478 659
906 704
524 23
29 623
653 373
214 661
287 971
975 562
457 916
928 999
46 678
339 408
231 734
608 95
400 628
484 127
119 665
195 185
604 11
682 717
93 522
755 249
802 226
555 486
370 224
479 902
212 771
584 438
413 52
971 630
459 346
936 120
263 534
967 514
694 862
591 706
522 967
688 291
212 993
68 525
631 683
795 546
87 132
839 341
734 565
915 125
173 795
691 738
375 405
765 557
749 104
369 868
423 515
942 529
999 736
39 97
553 278
496 97
621 191
145 36
482 415
383 156
187 609
574 335
299 799
676 443
804 752
848 409
239 829
809 94
648 348
979 362
453 127
240 836
848 643
413 364
961 932
908 229
710 25
588 637
334 428
845 425
414 260
418 859
917 371
591 76
59 87
685 247
483 803
873 367
376 209
381 64
54 942
382 491
664 910
519 368
354 972
183 971
119 716
230 175
292 826
361 44
859 829
884 152
685 921
308 8
779 92
620 754
659 514
822 82
272 666
292 725
439 518
940 233
600 894
450 381
824 562
237 931
42 659
885 867
742 820
46 783
180 261
109 361
135 595
171 74
726 280
328 639
518 500
25 641
834 953
636 13
952 436
56 105
240 454
318 828
942 851
191 357
854 47
166 16
795 959
47 794
757 577
98 222
207 544
834 202
265 733
106 693
804 566
606 382
75 242
387 206
249 203
982 685
697 563
554 876
41 183
630 147
227 668
526 462
252 825
71 279
58 914
353 214
981 912
634 65
376 305
446 841
468 257
453 83
454 308
572 143
3 156
791 111
251 191
117 230
581 343
999 200
620 131
580 805
253 175
153 544
420 499
409 70
304 284
560 832
127 501
606 837
244 14
281 60
836 970
12 180
452 313
110 691
595 37
318 924
870 89
392 434
286 190
413 193
222 203
614 82
483 694
51 944
380 828
245 967
552 703
620 664
3 745
704 618
298 650
30 93
381 311
567 98
579 420
545 800
800 567
484 32
565 889
491 663
4 719
692 380
30 383
963 745
472 983
612 601
899 698
25 669
212 537
782 572
214 123
650 378
290 587
156 32
380 454
844 117
916 602
263 317
960 602
890 279
734 668
701 333
869 919
268 648
341 334
420 851
203 421
888 923
465 830
91 474
585 605
412 751
820 284
972 503
279 121
411 289
729 222
307 368
326 188
141 892
477 32
718 191
508 858
293 187
732 937
179 987
366 731
940 734
561 279
177 14
606 801
511 423
685 174
408 358
908 403
893 843
73 350
516 728
794 294
614 239
846 498
86 551
50 713
363 43
847 868
617 955
29 861
547 896
108 826
34 53
589 261
667 207
206 879
229 182
234 540
630 962
405 571
959 484
163 745
557 457
94 558
60 650
26 790
869 344
137 151
569 116
777 71
62 219
985 484
860 828
206 429
526 245
415 926
911 773
915 318
937 154
683 938
725 91
925 617
913 161
643 456
444 109
835 644
127 230
134 297
106 943
801 645
24 975
739 369
879 910
942 438
391 468
139 391
265 832
512 847
550 651
511 357
684 921
10 696
895 451
92 492
234 717
98 701
617 603
814 95
12 237
50 824
785 427
220 72
250 519
439 238
5 863
29 622
486 143
325 259
509 102
367 376
409 856
301 794
693 552
91 330
879 285
497 567
44 60
318 551
285 294
430 689
324 476
683 103
843 675
125 152
660 133
935 317
118 408
464 102
138 235
901 270
918 676
858 380
780 701
61 738
12 791
513 798
823 633
789 697
647 687
392 225
213 279
360 821
108 595
90 450
881 469
365 60
609 806
630 712
316 512
99 400
212 593
817 785
269 438
588 212
612 210
260 79
389 877
874 953
636 200
912 662
895 589
860 768
437 625
482 90
839 122
87 753
990 994
818 691
302 288
923 575
606 274
40 783
848 614
726 667
801 560
550 985
588 664
459 596
985 508
923 197
66 686
505 502
144 236
254 283
644 809
39 801
10 717
581 370
909 187
947 376
115 992
520 998
936 930
288 177
611 564
405 477
102 185
653 263
879 595
443 338
426 703
998 71
606 648
720 727
435 105
558 495
621 49
286 125
34 10
203 641
719 867
798 216
399 391
124 389
345 66
419 557
901 721
455 16
713 561
761 969
116 592
688 369
143 35
551 230
937 534
864 530
940 415
928 319
273 654
695 647
900 658
722 739
597 405
190 981
321 885
17 641
513 516
18 218
75 407
147 770
373 678
212 740
680 622
753 8
96 264
919 465
600 675
647 23
342 978
460 553
185 667
407 18
377 509
729 80
216 61
273 202
148 930
158 349
829 53
577 4
745 938
781 178
473 515
917 978
374 80
316 479
444 132
619 798
839 781
608 621
878 845
849 789
847 262
67 976
654 418
624 199
809 347
225 140
602 770
679 906
135 825
804 169
585 564
58 471
336 541
634 514
139 58
12 260
175 840
345 865
751 425
647 162
410 635
656 383
125 126
769 48
485 283
437 162
976 157
833 869
741 340
408 88
927 835
345 515
534 739
573 971
57 323
685 679
242 28
834 760
820 955
786 631
218 85
180 308
593 7
759 694
427 195
104 84
655 875
158 433
859 196
53 133
626 201
700 832
935 43
21 615
795 636
337 722
748 564
343 815
877 984
762 672
591 810
342 796
34 581
843 985
200 805
94 365
722 854
918 151
781 500
875 473
469 376
260 805
322 891
251 432
427 200
677 180
312 556
701 46
246 245
837 231
269 898
821 757
719 446
88 282
247 725
605 291
952 747
315 189
244 845
705 501
944 523
282 430
546 819
249 945
603 782
840 588
527 692
571 492
241 961
221 171
205 614
991 603
337 438
227 998
67 605
90 742
641 670
440 969
921 190
120 49
880 603
310 322
462 73
176 82
695 101
441 338
11 780
297 918
300 499
110 430
20 914
183 422
702 658
868 766
368 282
64 982
750 766
556 83
190 337
617 75
266 385
820 1000
927 948
416 510
452 468
388 127
225 822
843 534
327 377
898 845
150 998
484 852
143 27
742 395
555 43
246 762
63 272
411 851
269 401
569 123
808 733
511 706
921 994
228 288
969 814
787 157
701 511
939 438
905 234
216 215
531 160
146 254
865 766
795 791
961 3
100 585
781 280
982 379
550 95
810 312
282 521
818 799
125 306
784 659
677 168
568 374
596 344
279 156
853 375
675 587
640 774
184 642
352 356
687 657
128 693
127 967
348 784
97 16
232 873
273 954
534 252
311 13
684 553
720 723
261 776
840 130
154 248
708 117
986 723
675 310
215 465
491 905
745 446
484 470
234 189
415 128
755 885
2 807
132 906
940 993
769 207
366 833
10 253
438 333
719 756
975 670
582 596
989 590
189 698
637 60
674 38
814 862
538 585
650 15
803 595
691 857
428 593
391 607
490 512
17 634
949 17
53 76
242 794
77 886
705 565
668 447
480 768
467 806
399 496
200 671
40 692
954 616
99 201
356 258
32 456
535 958
661 623
442 987
460 288
770 555
763 593
527 10
360 980
73 20
74 686
332 362
117 716
786 3
75 200
517 497
978 795
687 961
87 865
201 690
754 542
437 786
135 671
220 741
260 165
770 958
628 926
519 793
283 424
170 526
66 687
932 158
71 450
793 752
577 345
106 787
309 862
917 671
260 674
245 364
653 181
379 918
231 905
487 483
932 124
554 714
978 494
67 533
586 251
680 380
665 200
168 400
979 936
581 36
953 141
459 278
457 950
684 307
443 359
444 660
323 989
803 455
970 636
862 934
8 803
653 943
254 950
203 640
556 132
423 447
320 996
926 18
915 991
627 41
612 691
372 596
87 598
506 578
350 595
968 962
338 656
882 56
166 566
803 912
553 965
649 506
482 285
889 67
872 141
769 945
511 666
187 816
259 735
579 774
193 71
565 295
622 936
19 319
661 756
41 411
499 883
78 862
635 47
585 726
696 153
329 400
949 15
130 707
403 589
240 900
469 203
134 958
291 957
37 129
24 864
905 621
710 232
72 556
386 10
546 812
123 959
970 988
473 732
888 317
67 608
563 871
68 463
175 629
476 52
46 258
68 350
270 950
490 136
914 790
720 805
186 547
667 626
543 207
619 349
550 781
392 980
443 387
962 657
365 991
881 967
270 222
850 690
775 121
181 172
219 105
711 447
168 825
704 667
724 218
930 85
270 498
534 595
371 707
501 816
800 585
998 679
79 252
366 458
648 621
542 73
263 600
346 958
274 179
902 817
946 705
919 270
858 21
332 460
522 876
299 669
800 902
752 399
346 720
368 440
976 327
869 516
375 351
782 286
551 376
700 534
739 232
151 878
905 139
890 132
340 165
895 917
416 915
494 427
187 570
559 194
437 534
455 18
494 789
575 596
796 775
486 677
880 144
218 859
518 828
23 118
335 384
925 854
253 535
41 947
444 280
102 356
653 108
893 615
966 509
608 761
150 238
905 875
586 160
628 283
685 172
968 352
921 626
276 295
131 636
727 454
461 524
202 907
975 276
227 445
953 494
522 381
546 359
25 132
720 635
944 182
393 944
30 447
750 366
253 302
256 360
664 21
973 53
684 168
561 947
319 903
711 641
566 140
523 379
372 819
411 677
393 146
677 642
164 811
113 901
80 202
632 615
906 464
213 482
658 305
215 692
80 585
644 364
938 65
186 938
722 680
961 480
854 85
216 297
679 346
884 200
418 244
631 955
739 4
99 165
1000 568
32 250
251 494
325 939
516 68
494 838
300 735
209 950
620 400
951 536
112 135
22 884
95 326
246 214
197 498
87 617
810 503
404 700
153 884
170 954
302 134
784 946
749 598
533 729
991 553
154 86
374 549
93 606
206 354
352 50
889 781
82 721
15 937
641 362
888 83
879 300
6 247
10 250
746 160
369 352
698 79
515 121
917 175
403 804
671 368
394 236
233 924
416 428
517 538
973 72
918 715
668 666
711 724
821 436
520 837
189 554
561 991
266 334
329 959
185 451
848 397
428 737
732 603
125 617
129 644
259 597
473 258
722 765
49 275
855 827
416 104
933 925
730 788
991 171
665 875
540 785
118 269
88 848
736 972
420 951
820 432
514 743
87 755
623 557
949 657
934 136
937 244
166 230
43 617
815 255
448 455
326 472
923 86
982 759
967 353
805 6
308 817
745 861
923 305
149 755
574 428
575 203
503 822
434 795
643 85
700 2
728 843
747 25
31 224
13 341
386 329
371 317
726 868
206 289
513 402
822 644
624 443
163 9
845 704
101 509
393 524
176 908
214 692
250 757
417 406
552 311
310 91
828 668
617 855
210 167
429 327
819 963
159 354
767 921
201 440
790 910
272 689
82 365
500 748
929 428
644 602
767 622
772 814
992 268
375 897
450 376
660 155
842 770
115 380
741 16
270 661
626 848
879 134
147 185
185 110
151 641
65 960
547 696
696 862
54 408
627 326
555 823
902 572
298 333
594 851
534 769
226 676
562 778
744 953
228 362
195 611
913 444
513 538
218 256
811 285
351 108
691 707
416 995
606 466
109 170
716 150
973 513
744 855
818 706
302 467
340 130
539 292
922 676
43 597
83 736
361 774
434 627
53 773
644 888
520 166
549 37
73 244
165 812
847 256
443 966
69 690
750 243
992 893
902 577
974 957
300 852
852 473
675 352
748 346
515 139
55 194
58 354
331 794
315 113
906 564
515 280
59 116
222 704
760 231
614 198
997 710
979 839
943 736
859 749
453 404
756 19
885 433
443 386
135 72
765 219
803 482
362 862
236 779
916 195
699 181
348 285
101 666
286 95
966 519
864 867
718 66
426 322
815 940
379 366
855 323
306 920
695 342
113 702
367 769
629 734
388 922
225 808
47 647
930 197
396 574
648 622
281 671
394 390
587 611
109 475
937 624
366 442
226 729
124 248
588 143
368 298
39 321
114 587
468 765
639 821
644 280
57 930
886 991
856 670
322 326
514 828
772 100
296 309
460 504
924 431
636 865
400 275
737 542
131 133
44 866
944 848
382 904
241 993
586 541
761 257
875 249
86 680
329 237
331 587
494 901
615 763
690 142
662 400
700 91
520 977
278 33
294 734
11 678
983 740
306 278
496 616
867 587
662 10
296 687
963 115
615 46
231 801
182 175
187 199
297 779
300 94
841 389
509 48
209 969
78 31
273 999
798 372
565 535
570 511
185 859
789 415
868 760
831 500
579 359
618 387
690 564
964 171
983 153
416 385
237 983
850 814
319 49
759 743
730 795
588 461
453 972
763 440
851 857
365 662
394 442
184 106
829 582
83 860
959 199
997 400
104 193
796 204
647 618
751 97
530 962
199 99
311 677
38 39
991 199
60 491
833 173
9 803
126 892
472 67
15 442
536 524
73 135
248 746
31 715
985 139
839 32
843 37
917 822
174 833
454 81
457 499
899 228
793 617
41 140
170 552
635 308
356 819
213 918
278 54
532 798
93 160
349 214
791 35
403 866
669 137
487 104
476 223
258 6
775 623
76 932
232 762
343 670
440 999
756 181
153 6
120 79
817 31
352 162
148 181
512 762
197 9
72 33
381 41
292 558
976 535
168 724
775 51
957 844
308 12
301 936
73 101
324 479
254 920
536 287
475 93
8 920
885 538
906 945
357 401
462 808
203 631
494 90
719 615
647 394
650 442
967 617
641 213
91 154
976 196
587 602
860 590
627 365
890 761
907 519
850 254
34 681
839 337
975 289
146 62
610 635
740 490
701 767
251 175
511 881
386 736
605 677
877 192
791 752
79 514
616 438
389 524
608 820
394 914
531 303
687 753
527 859
605 583
731 820
951 639
265 784
533 651
951 748
564 894
607 286
615 771
898 696
383 335
248 194
600 151
908 112
474 908
310 318
2 999
352 96
188 990
68 356
585 86
966 341
14 838
405 75
443 264
119 859
157 570
859 640
509 647
200 3
371 90
153 403
906 883
401 889
42 637
79 442
872 676
690 621
529 681
894 277
736 13
148 1
59 678
523 87
4 576
77 54
78 369
82 652
158 201
270 391
751 74
475 839
39 126
243 419
924 896
986 121
57 171
864 533
242 217
960 852
189 446
915 44
165 437
925 673
83 788
835 261
203 416
965 749
455 44
422 191
557 816
407 329
78 186
235 718
643 615
436 495
990 818
347 732
848 807
540 997
354 176
100 956
468 952
880 392
273 62
478 241
540 20
762 932
139 661
784 590
322 517
565 455
624 909
650 292
563 943
433 475
518 967
905 514
598 369
639 335
71 275
257 627
477 984
580 895
861 882
628 611
791 107
499 689
575 784
33 837
395 858
732 961
549 181
934 625
22 31
206 296
265 947
23 931
679 794
488 604
659 983
789 344
718 310
993 636
513 366
641 347
456 137
113 659
958 752
813 179
267 211
916 204
935 736
438 408
615 376
56 835
747 576
807 426
150 767
997 8
195 2
215 991
608 377
994 798
744 361
981 516
454 652
327 662
830 379
975 886
523 337
450 127
878 103
895 182
55 980
207 893
781 702
255 577
979 125
8 492
979 196
82 805
51 270
130 899
437 517
352 799
498 565
672 194
440 994
263 905
341 473
839 430
474 193
492 27
330 842
520 406
718 766
688 860
28 149
684 954
865 576
995 965
174 810
967 411
848 545
500 235
50 95
20 998
978 515
45 728
122 317
753 629
240 640
760 439
580 738
173 180
466 446
197 62
831 819
651 393
889 134
796 598
174 230
585 157
242 39
476 26
24 651
956 300
614 272
906 553
870 835
158 826
948 952
73 322
148 372
666 233
633 378
673 659
182 364
897 43
774 371
208 454
624 345
774 258
868 761
273 653
54 180
976 842
280 241
593 215
132 469
581 186
333 340
815 816
82 596
356 11
71 685
414 943
294 321
840 508
336 215
389 83
377 909
744 952
394 443
252 475
53 230
365 84
517 855
668 453
119 101
344 369
513 720
226 877
912 686
89 35
967 200
661 697
42 171
874 976
135 331
221 599
847 903
557 905
781 277
465 361
805 415
150 894
219 803
397 157
1 668
827 552
370 917
386 942
135 553
505 478
778 673
396 91
550 316
428 80
602 935
16 462
794 245
425 526
444 318
942 37
871 449
303 629
698 521
776 551
585 185
179 680
438 183
251 364
462 57
31 44
921 843
128 837
370 451
387 996
564 912
728 574
582 425
798 594
733 819
861 382
20 962
650 345
310 202
251 516
414 94
306 895
536 352
898 411
205 477
650 296
299 138
13 225
324 367
608 178
789 995
754 406
427 110
929 224
566 255
508 115
332 161
314 436
498 185
637 314
696 836
312 77
783 364
531 882
754 89
312 60
351 485
259 328
892 207
198 600
994 667
132 126
703 225
688 518
152 963
192 816
105 805
821 999
199 983
436 443
226 83
781 313
857 947
251 396
161 996
994 108
776 155
89 330
349 136
870 618
727 983
7 215
605 503
718 654
420 117
931 316
727 836
288 719
183 950
512 778
36 180
720 941
257 161
352 97
358 11
604 343
71 882
718 475
276 362
349 332
845 185
963 464
286 327
237 747
440 627
171 645
205 218
194 574
525 730
505 935
220 334
479 707
335 559
910 779
306 867
113 519
720 489
883 39
920 219
495 437
871 574
750 693
57 456
977 111
997 100
212 812
372 602
573 106
551 781
536 26
310 901
648 628
521 458
540 546
812 319
9 190
654 304
924 816
587 997
481 999
498 959
322 241
764 277
515 531
203 47
459 953
481 705
490 640
321 952
196 828
265 910
169 124
939 512
757 878
687 87
264 407
799 649
825 38
435 334
990 252
828 143
123 963
767 490
544 548
698 751
114 103
273 488
771 121
365 642
98 287
740 850
157 842
339 27
451 565
838 67
453 239
250 480
991 611
322 966
936 854
870 195
232 563
470 733
179 736
914 789
992 93
650 575
690 300
249 612
548 210
20 779
578 781
449 967
267 210
638 489
578 332
220 338
721 787
336 319
771 207
797 734
870 444
546 350
552 594
713 503
498 31
105 135
205 228
208 136
775 280
601 743
865 83
968 914
497 174
385 873
506 942
440 472
670 129
802 265
587 613
429 167
317 268
639 857
983 315
587 754
679 34
55 836
890 411
119 49
380 451
695 788
844 114
119 875
504 715
856 352
588 111
661 789
548 938
868 463
687 789
504 570
71 853
93 440
169 88
903 797
7 406
743 546
781 321
326 38
763 465
321 678
650 560
808 176
76 670
118 823
804 388
550 352
109 720
900 631
558 879
580 739
132 34
429 201
512 835
461 980
182 387
37 388
644 636
440 615
741 944
614 390
427 552
943 928
567 788
272 283
917 325
934 749
168 566
900 917
119 877
547 216
803 162
435 870
42 784
130 546
614 224
29 566
232 446
598 969
548 246
471 129
219 168
591 176
685 75
79 460
300 495
251 635
232 928
374 836
968 65
419 395
862 893
167 793
655 516
233 933
307 682
115 393
281 607
64 857
530 686
289 100
315 371
517 948
494 47
632 396
206 739
320 862
856 768
564 497
360 79
765 209
772 518
475 654
874 888
920 817
155 524
122 585
484 848
412 149
51 591
217 891
915 246
275 151
354 420
209 495
428 655
947 649
424 714
557 742
227 31
355 82
674 962
406 270
274 436
77 513
1000 684
862 871
164 411
825 455
130 535
576 587
79 552
868 483
136 444
47 78
911 689
438 729
166 328
776 236
226 63
984 79
748 216
913 53
550 418
406 426
270 987
322 765
179 796
217 465
296 960
776 458
465 575
871 371
249 992
620 177
657 441
264 702
295 823
520 975
631 595
945 326
874 292
158 629
736 333
590 536
352 70
10 564
219 918
496 289
780 231
356 872
291 967
326 601
519 266
101 343
713 173
548 516
54 119
366 837
2 722
538 768
194 770
508 174
572 615
544 828
417 843
342 301
162 159
825 837
509 820
39 199
566 896
835 124
677 833
90 173
660 113
842 892
78 394
595 540
963 960
985 696
512 56
180 478
915 165
954 645
846 911
740 182
928 296
305 536
159 860
933 521
91 954
904 257
393 284
948 74
217 960
697 462
518 300
575 469
557 714
796 390
890 473
528 812
546 94
89 62
472 178
951 810
135 924
619 634
229 762
398 841
290 878
94 184
633 554
960 310
687 973
834 275
726 813
259 18
559 135
585 536
490 732
571 733
678 275
990 1
993 291
598 623
260 312
719 370
706 635
230 357
325 63
272 69
681 303
151 343
365 114
420 340
975 58
887 862
300 876
358 411
90 589
287 917
510 32
422 900
278 696
941 408
335 953
176 30
876 755
769 47
382 380
422 535
43 462
261 411
564 740
195 155
56 563
865 988
131 423
6 97
500 542
966 274
739 999
168 976
233 944
764 850
483 358
161 121
76 364
385 625
705 612
703 977
294 367
394 481
769 747
272 973
132 164
65 886
262 680
588 358
557 645
740 57
890 394
869 691
14 168
187 820
174 562
356 433
804 941
71 94
661 752
2 564
260 191
482 123
501 430
184 497
792 752
244 545
122 821
474 743
213 874
730 388
507 517
153 535
45 609
544 192
620 475
801 727
89 677
967 326
183 759
776 307
575 909
154 491
525 168
467 96
888 41
477 71
154 26
743 364
11 703
569 943
503 791
145 693
898 109
830 676
441 615
391 168
254 26
379 807
750 794
76 893
556 439
884 36
997 707
444 709
301 204
340 918
828 675
297 957
953 470
59 855
449 631
819 849
676 718
823 873
662 425
622 413
146 576
251 813
930 192
534 966
80 83
801 85
592 46
994 638
721 222
977 884
895 344
380 500
251 11
422 78
5 446
777 45
227 226
213 443
969 821
967 230
843 988
271 287
754 241
520 265
919 387
694 253
820 452
839 424
752 274
994 307
725 65
80 558
677 987
688 813
584 878
288 443
696 296
454 104
718 805
60 151
633 851
338 465
635 301
433 291
126 432
634 784
191 785
97 158
634 111
905 653
28 548
54 164
300 932
482 579
876 375
220 243
349 401
137 769
356 881
675 257
508 566
970 847
384 358
974 783
259 786
867 733
814 948
297 199
905 568
789 378
936 962
666 247
115 413
214 755
785 739
570 267
71 970
846 500
774 369
116 209
867 955
462 509
129 937
618 127
729 958
414 96
567 426
932 741
863 787
519 455
285 461
837 672
198 950
966 972
436 847
350 581
521 432
608 690
868 936
246 588
137 8
319 784
971 417
637 396
463 709
295 54
269 396
840 984
687 714
801 339
565 234
556 547
80 492
498 599
178 857
820 472
490 967
237 314
402 273
354 118
935 75
752 869
312 606
979 486
635 344
269 80
515 776
537 960
64 62
304 621
1000 986
60 42
649 579
724 1
271 502
207 959
302 91
675 735
996 16
23 775
52 163
515 183
865 46
444 431
232 765
672 906
451 413
698 902
326 975
349 358
188 932
870 136
525 291
895 303
201 311
594 198
261 533
68 33
381 38
36 455
935 797
853 93
730 553
508 175
309 426
257 263
441 226
816 50
57 434
275 359
519 184
219 855
955 566
115 277
869 388
245 369
53 87
860 585
983 321
919 884
351 342
704 997
246 680
48 633
579 892
488 368
539 641
995 323
209 458
855 823
214 875
866 492
85 184
628 258
77 548
18 914
888 493
406 341
248 521
654 63
621 184
862 162
70 480
939 695
49 633
31 569
218 876
383 106
511 33
370 951
4 487
187 324
387 262
779 568
743 331
295 730
887 1
391 327
303 523
328 381
936 892
738 312
187 34
348 23
409 909
945 67
345 783
861 303
722 119
526 210
157 424
504 380
381 202
145 788
292 589
152 216
978 156
318 709
135 497
211 631
693 391
876 771
989 572
737 451
629 597
745 72
442 757
72 318
755 227
792 23
21 363
121 983
830 322
635 998
123 202
416 170
293 764
829 538
632 564
946 726
983 273
289 269
695 669
772 366
283 3
8 499
852 732
544 261
753 177
131 399
668 45
891 924
929 703
222 110
359 307
507 516
734 453
23 504
782 895
714 145
261 306
701 117
792 20
554 254
923 167
376 312
32 516
418 549
417 185
504 985
323 608
586 38
932 14
996 382
918 105
995 614
84 847
141 384
701 712
888 433
233 284
79 895
15 892
736 229
956 506
375 722
766 1
845 910
2 744
828 700
977 286
918 704
46 737
160 656
234 257
141 755
163 775
263 566
104 813
506 897
824 614
328 853
590 13
862 790
245 816
927 990
785 945
940 347
786 625
164 941
842 949
132 387
886 646
776 473
591 643
961 366
265 439
506 325
566 455
420 533
20 431
309 780
192 604
304 456
568 167
585 943
117 542
247 879
433 759
86 299
386 679
957 188
819 135
624 861
622 824
456 959
421 495
425 996
390 886
83 640
377 419
616 512
304 578
253 673
625 470
773 636
922 204
709 382
670 908
126 256
474 801
921 358
353 100
762 264
196 726
32 671
931 797
608 766
720 984
206 267
906 581
310 485
465 268
541 899
586 828
231 909
922 282
708 367
447 261
729 780
768 652
608 75
111 872
567 421
128 154
789 91
976 958
849 320
498 430
335 737
217 558
345 609
860 320
994 846
849 209
300 271
713 610
178 635
897 379
510 680
350 669
906 251
817 524
95 747
42 485
635 942
247 444
708 946
468 575
765 319
531 859
218 162
368 763
868 56
83 864
686 905
195 686
661 597
991 178
313 447
795 975
635 140
337 577
138 562
18 28
271 370
644 248
227 26
193 2
846 261
402 270
373 777
218 742
812 519
283 430
523 636
822 881
966 649
463 169
653 563
588 706
149 634
865 652
408 572
852 63
785 130
128 651
571 401
923 284
194 263
298 920
839 608
2 31
478 823
258 437
560 541
667 787
45 105
250 619
827 233
225 319
335 822
520 702
44 164
559 519
413 889
567 24
751 495
73 716
167 686
439 861
703 584
206 944
194 584
547 980
380 867
508 168
915 600
916 135
229 66
567 318
976 536
665 306
550 230
264 757
925 224
618 370
893 172
623 7
418 354
845 9
556 956
370 107
371 702
271 3
198 342
366 391
467 812
530 434
103 988
476 934
596 855
389 197
748 634
360 843
913 459
604 758
734 573
494 410
332 273
696 20
145 242
846 734
27 242
456 872
843 116
610 857
57 591
563 188
261 789
672 124
677 229
257 762
369 638
997 723
535 163
14 270
447 776
304 522
50 98
378 887
772 863
532 830
718 714
867 425
351 600
814 560
10 583
852 450
637 948
288 817
903 228
721 427
555 993
828 443
996 821
957 537
979 961
973 86
804 188
590 741
646 587
349 329
520 715
426 678
759 871
395 510
36 484
755 964
920 175
484 214
794 244
15 702
197 567
972 579
850 867
319 228
767 464
604 150
898 749
539 977
665 270
280 300
320 873
816 942
466 747
121 968
198 782
588 386
932 796
238 127
171 30
596 917
919 667
422 465
833 478
912 971
927 680
622 80
734 910
775 369
425 348
687 540
542 369
191 365
491 23
439 432
753 176
277 952
385 898
678 547
446 309
583 812
179 410
52 916
971 86
117 682
423 735
144 914
808 441
56 318
994 412
193 379
250 124
657 212
714 783
640 934
456 531
216 591
437 880
4 309
763 310
310 600
250 239
14 746
207 255
207 948
322 803
785 185
35 422
54 582
936 59
774 847
102 370
531 831
220 233
917 701
995 617
819 663
144 493
515 142
917 302
176 990
432 424
453 270
625 885
37 719
974 160
956 507
466 139
512 567
732 146
499 305
680 493
684 269
650 653
742 31
820 765
181 261
220 301
526 966
280 106
765 71
162 82
972 615
699 825
976 866
336 449
524 388
565 720
684 194
43 202
134 167
284 720
733 651
661 350
186 702
760 535
322 14
590 457
968 996
364 661
381 529
437 367
846 965
445 820
302 679
428 678
674 842
20 424
730 235
192 605
946 586
599 260
69 882
434 626
227 117
84 458
212 263
363 373
454 844
79 593
979 911
216 113
514 680
628 830
231 378
539 263
320 223
162 782
127 202
627 786
539 180
429 804
446 898
624 60
404 678
938 570
10 829
377 252
767 395
453 63
878 880
847 483
135 999
158 540
31 790
653 722
328 295
221 164
369 879
44 419
675 259
590 690
729 770
106 119
514 14
755 670
146 894
471 282
230 156
305 299
261 628
146 881
932 656
92 213
850 9
30 135
185 862
404 56
229 45
431 993
786 688
672 587
350 755
409 535
877 514
580 179
16 735
881 711
853 364
72 69
149 477
547 742
587 949
460 85
767 805
307 91
367 518
705 723
317 301
655 197
804 769
986 172
345 220
865 789
919 560
223 199
192 697
281 920
469 195
803 831
865 646
496 239
812 951
961 107
908 694
394 872
481 348
238 627
667 814
190 758
670 700
93 409
476 519
848 618
482 144
966 166
144 873
967 379
936 469
19 603
865 403
570 767
483 631
35 401
573 113
98 339
84 930
354 802
359 88
253 565
714 57
201 74
807 15
735 653
611 947
831 962
389 353
814 244
87 105
656 242
213 755
805 991
681 321
337 395
488 521
141 455
344 749
110 640
760 181
577 513
689 207
986 303
432 112
884 558
488 995
573 565
975 321
867 840
943 679
140 656
876 650
879 293
26 333
936 591
721 719
617 782
357 11
485 70
488 182
20 957
186 311
6 120
617 927
698 388
517 516
424 877
993 652
78 286
837 769
891 473
138 147
413 11
569 333
982 815
82 886
669 250
829 196
329 929
163 653
937 546
959 145
623 228
630 704
167 322
48 970
636 690
89 146
968 651
868 172
484 597
910 393
137 471
934 51
448 774
134 683
672 14
108 504
327 158
212 430
178 202
53 206
899 182
889 262
173 581
246 133
505 13
14 271
473 559
607 244
404 751
477 975
248 142
880 222
878 953
405 259
540 322
563 995
89 616
92 345
663 388
136 944
527 757
804 46
54 645
331 884
742 278
525 500
886 558
968 303
733 113
440 904
457 814
42 836
918 173
170 792
634 758
15 907
667 540
462 392
689 68
284 952
261 551
140 472
987 379
551 555
275 276
936 698
849 143
72 288
860 265
772 955
760 653
617 4
391 555
76 367
739 569
761 977
479 882
280 348
946 837
32 269
358 949
114 393
530 456
8 358
782 406
251 96
664 345
786 813
180 44
697 126
347 565
61 767
498 955
869 664
372 992
319 676
200 817
130 952
276 750
740 395
283 218
923 606
108 313
833 104
482 118
50 338
515 676
181 600
94 155
956 850
406 375
902 648
744 748
765 810
640 935
15 250
61 163
64 201
398 586
409 307
248 261
637 885
728 15
34 276
784 865
514 406
808 103
511 340
779 550
12 79
286 634
490 465
865 251
667 813
995 616
323 755
286 389
303 553
242 659
319 462
400 401
707 665
83 147
340 546
724 904
138 279
234 210
180 942
699 90
564 868
742 28
776 76
530 932
80 425
553 584
650 285
389 311
559 943
110 261
422 641
973 723
281 583
466 573
250 9
551 860
54 348
147 362
354 698
315 928
122 718
836 262
252 93
254 695
363 282
647 350
394 384
679 73
534 948
246 662
119 616
308 509
47 848
764 454
17 357
477 627
189 191
6 190
213 41
660 616
882 648
914 220
174 700
356 551
216 114
550 43
558 550
540 117
212 486
468 72
714 800
779 157
843 140
718 808
402 458
249 95
486 860
966 202
714 179
183 724
889 431
597 870
707 773
106 963
326 196
607 349
690 27
619 131
287 187
70 313
311 33
205 542
922 70
779 723
942 125
344 214
999 408
453 336
491 933
681 757
3 385
3 859
218 864
110 596
71 822
738 593
921 55
150 451
587 782
339 390
656 452
984 977
976 545
461 935
462 448
980 645
766 512
38 691
609 341
372 501
931 296
788 423
901 640
632 289
45 458
599 999
52 410
399 247
96 622
43 41
365 709
428 613
108 977
824 354
492 432
636 305
664 395
721 174
81 271
682 787
459 150
21 899
105 530
307 874
522 779
118 312
262 518
142 88
143 257
327 36
517 116
296 392
582 388
618 867
260 882
208 579
621 209
325 916
731 945
959 641
377 445
906 161
696 455
518 896
192 102
637 844
32 991
32 286
771 36
370 993
222 838
95 476
863 684
999 186
898 800
766 643
527 611
104 182
600 129
782 599
503 86
55 147
819 337
776 556
444 426
339 324
927 463
969 221
842 341
171 527
465 366
379 736
34 285
932 294
366 748
332 538
615 217
425 673
695 65
932 693
519 407
707 911
693 416
141 825
54 250
493 442
510 488
202 825
834 534
119 512
893 57
399 346
206 848
464 95
686 606
820 980
988 642
221 855
18 461
769 572
479 63
192 535
342 186
894 171
325 709
640 271
402 78
14 833
647 580
463 587
302 591
116 2
804 687
477 699
962 830
943 450
126 972
514 766
326 320
57 589
768 416
479 354
924 493
708 592
52 720
15 659
979 391
818 827
819 110
785 66
736 656
104 559
391 105
671 618
909 33
417 867
716 75
148 757
905 714
801 809
197 96
93 15
595 309
856 665
692 388
124 875
202 665
135 191
339 352
491 621
115 177
520 717
35 954
121 408
619 361
346 511
715 858
164 101
850 63
962 645
319 256
837 323
569 541
72 67
292 584
608 348
868 559
116 788
978 155
929 421
909 711
626 617
439 536
977 465
685 800
389 355
816 145
267 907
577 958
152 505
506 586
398 322
208 48
247 497
764 221
967 984
471 649
26 804
651 719
194 110
583 520
858 57
401 328
705 666
977 925
541 52
907 950
506 415
714 728
90 350
717 979
97 714
617 826
389 840
230 878
122 879
708 682
360 343
454 870
346 631
442 886
61 299
113 305
938 802
504 914
762 17
230 731
840 891
936 692
676 449
731 790
700 479
452 340
339 774
192 174
395 963
178 465
940 605
761 72
709 296
620 245
572 112
365 782
480 88
758 879
300 851
943 907
505 763
123 804
275 887
719 112
477 357
870 196
72 720
215 401
42 825
206 204
686 218
524 209
928 570
926 709
174 430
309 51
271 528
145 868
556 322
650 651
228 915
12 396
453 558
771 585
996 408
279 870
393 819
46 599
710 590
234 415
418 198
661 122
935 367
280 155
330 181
530 839
930 109
343 128
94 798
20 229
294 460
480 994
172 1000
46 817
953 37
60 777
206 571
246 612
545 499
104 93
765 280
372 690
165 450
937 633
773 131
924 785
691 518
138 906
360 886
87 509
75 477
39 382
419 700
786 161
308 365
492 130
437 527
645 106
403 659
21 832
173 857
449 209
88 783
714 591
696 206
308 284
170 285
578 142
217 222
37 75
347 943
41 8
634 137
83 645
246 83
672 422
50 454
377 188
515 784
383 94
972 489
705 162
487 236
730 163
516 142
115 645
386 119
39 787
212 197
93 198
300 928
33 891
741 955
723 160
893 720
841 109
330 513
183 106
560 963
681 383
12 338
70 472
864 73
263 99
46 657
713 180
806 971
789 247
760 121
392 691
449 934
871 927
858 522
977 183
362 701
806 858
67 600
367 533
82 300
449 599
930 30
215 8
452 334
555 503
593 184
901 655
741 448
944 174
138 253
466 542
251 860
837 573
287 540
149 475
228 100
726 495
104 42
859 138
751 904
275 45
459 312
965 26
958 210
834 836
686 797
69 969
934 746
950 662
735 388
367 512
26 796
666 124
271 206
184 224
97 641
565 181
761 746
446 352
618 977
838 550
160 89
514 872
270 83
382 717
75 207
368 43
41 475
593 550
776 2
239 256
861 609
143 550
630 166
723 512
955 941
53 725
679 513
921 549
763 496
925 897
538 946
891 43
433 220
551 440
573 224
540 495
154 94
713 229
984 737
287 158
419 110
790 99
741 991
478 527
634 353
743 1
540 911
206 149
120 86
547 251
959 983
291 441
93 893
278 657
504 356
31 443
971 948
309 261
719 846
937 170
820 695
968 98
841 756
474 503
349 949
479 634
172 146
393 843
360 498
837 640
113 750
258 871
78 284
246 898
87 214
345 499
563 624
354 915
366 394
973 162
669 105
925 31
51 430
289 357
950 626
94 496
294 855
243 746
502 177
144 651
312 945
313 472
167 461
207 672
652 883
907 794
213 127
768 775
454 891
40 987
421 66
550 67
339 713
377 382
868 755
32 175
344 113
625 32
273 75
94 189
103 567
60 373
8 136
230 941
142 343
368 166
246 155
954 236
696 484
348 687
352 682
540 301
329 174
496 713
599 792
10 755
679 779
336 781
957 677
10 578
47 397
841 84
311 104
258 404
188 981
880 80
856 79
729 687
159 52
506 994
970 643
150 281
776 807
119 250
694 245
915 520
718 255
280 17
679 721
505 794
325 223
842 699
147 483
664 183
725 786
410 783
108 884
768 917
290 489
510 660
792 27
993 686
742 803
11 385
109 350
612 267
579 66
954 473
642 660
937 540
129 591
560 309
579 211
726 134
213 305
304 125
238 860
664 371
943 843
389 806
749 176
807 155
298 352
652 791
910 107
344 478
770 710
806 8
671 523
919 491
578 171
457 338
4 161
886 149
744 750
249 208
670 762
529 262
844 697
493 549
829 75
154 325
377 116
107 175
404 653
448 217
503 893
931 660
166 631
940 606
758 253
724 69
12 73
231 87
914 621
989 39
719 194
120 944
84 843
602 776
516 600
150 330
395 49
548 73
509 179
720 989
847 223
206 205
814 42
713 159
699 92
385 722
428 206
432 137
958 586
725 837
9 94
162 81
99 534
82 728
245 828
785 949
91 170
664 2
176 492
72 848
823 522
504 181
869 472
542 438
838 793
548 739
412 106
181 966
76 28
506 321
75 476
422 67
905 107
767 393
105 709
269 500
255 735
833 217
66 808
319 558
910 71
749 37
252 515
147 665
762 848
134 881
514 679
476 574
829 510
408 774
500 436
464 898
49 564
913 67
593 987
814 509
83 373
744 601
107 139
678 348
112 227
495 736
520 842
409 269
236 700
990 365
653 442
254 424
888 354
339 170
444 743
515 269
783 849
992 128
554 651
594 185
410 563
432 87
215 436
641 261
534 456
974 131
704 419
614 154
470 611
968 504
665 56
958 663
650 684
154 575
928 838
984 834
807 502
992 349
580 321
950 474
533 98
508 335
920 25
993 613
188 197
137 337
354 904
553 286
196 800
324 641
644 99
996 147
229 780
816 846
199 420
932 855
481 839
632 513
601 630
712 441
437 320
893 929
990 974
835 309
838 916
714 654
627 695
647 610
778 671
202 526
247 222
87 625
402 251
96 940
796 47
579 969
526 192
160 457
676 678
706 476
265 514
957 58
360 640
342 528
537 818
57 672
960 351
49 592
726 650
114 290
537 971
719 503
369 551
227 705
43 355
731 849
972 618
719 356
175 470
457 691
491 869
532 917
183 939
899 394
784 58
839 604
241 923
847 113
23 883
874 177
70 982
555 790
832 837
573 864
870 141
963 509
177 432
479 913
15 944
849 390
723 413
581 967
817 512
474 325
355 489
665 20
333 190
940 106
724 561
769 118
510 494
717 442
629 636
760 773
471 385
601 702
223 608
586 765
925 252
655 919
588 410
436 991
595 546
670 176
475 736
744 55
82 962
638 599
365 765
833 359
264 934
601 963
394 553
169 879
522 813
464 669
801 370
30 604
329 529
826 679
136 463
139 784
114 32
222 119
630 272
958 267
781 306
984 130
446 974
472 325
738 173
19 632
995 659
562 306
503 664
859 765
843 295
774 871
41 865
741 784
740 933
301 431
131 880
364 664
799 321
499 507
546 736
763 874
675 476
687 259
550 908
572 844
276 369
379 654
336 699
478 778
390 408
641 510
733 784
201 423
555 528
719 813
812 129
499 134
742 198
881 930
682 661
186 324
314 369
133 731
6 91
100 258
462 681
465 251
391 663
587 784
15 731
663 906
846 211
446 253
673 815
86 836
693 164
716 715
664 86
540 569
958 792
826 628
767 155
678 651
976 55
207 865
337 739
602 145
199 253
149 150
40 666
989 141
169 826
960 987
78 650
817 810
804 836
342 783
270 88
972 146
527 112
752 492
914 23
268 871
278 470
406 667
812 890
706 405
781 453
784 567
967 30
970 270
790 637
956 471
672 412
126 527
951 554
5 536
464 822
342 715
809 166
44 661
136 600
746 523
818 940
529 39
754 794
404 637
903 613
705 486
999 252
362 131
698 601
827 823
645 746
153 164
210 975
666 195
362 18
419 544
477 355
203 50
728 735
804 966
486 243
323 577
805 613
41 648
668 934
283 817
552 284
479 671
372 365
682 486
750 638
396 557
38 650
495 255
150 516
542 778
40 487
823 871
438 259
722 374
582 650
299 88
228 66
161 31
199 451
536 125
254 110
8 694
685 548
501 695
527 257
910 699
983 323
311 954
313 711
542 454
251 1
259 468
403 292
260 123
303 199
658 338
296 431
773 931
515 737
853 149
25 816
570 745
311 713
682 495
973 732
744 440
501 235
598 203
47 179
147 549
516 106
554 165
896 168
666 539
502 207
98 13
41 159
960 483
942 311
909 22
490 286
571 539
18 761
170 972
304 470
387 89
359 48
197 405
301 2
112 371
214 481
279 339
87 109
654 389
676 197
70 316
236 716
755 580
936 170
353 1000
483 905
887 879
139 373
451 423
343 653
514 155
23 991
515 383
555 698
629 837
576 383
724 943
625 319
67 356
304 18
819 917
380 741
825 592
736 117
828 605
902 316
543 58
926 438
927 155
162 3
807 497
827 287
868 737
485 191
882 261
954 918
629 520
123 531
800 565
923 913
488 124
676 639
467 934
46 851
765 329
712 299
833 489
651 770
77 728
678 516
635 786
673 49
692 459
783 60
142 940
368 335
77 681
320 482
789 885
614 212
765 540
235 753
952 231
354 129
528 854
503 480
820 422
731 517
71 28
169 44
922 626
170 767
133 393
246 2
835 739
503 401
341 374
235 799
848 436
232 810
558 577
80 512
246 189
481 171
634 26
529 94
268 390
288 588
127 123
314 708
528 586
28 518
636 723
33 866
804 423
418 614
308 822
662 973
993 506
758 826
995 596
192 263
908 69
89 897
629 7
310 474
560 993
392 883
283 956
712 828
92 6
111 794
234 788
538 920
443 340
45 248
747 482
253 117
73 759
487 625
225 653
48 571
650 419
924 518
484 29
747 657
825 959
792 176
647 274
734 772
237 212
424 911
726 376
907 574
711 492
454 607
852 327
648 958
955 810
208 885
483 61
89 150
911 79
333 534
129 411
360 353
179 389
71 115
881 35
627 515
900 99
852 932
526 221
43 855
115 87
832 472
481 302
541 480
377 493
731 926
681 229
163 404
513 624
297 236
796 210
704 870
398 242
411 372
654 176
178 89
61 849
638 190
761 192
887 640
194 642
378 880
288 616
990 155
918 468
575 999
49 349
377 184
969 412
474 994
643 95
205 594
496 602
596 101
279 411
942 73
619 76
305 4
982 862
642 413
715 625
836 184
969 254
91 678
864 388
137 940
525 321
336 700
50 562
555 531
538 879
333 161
560 235
978 150
871 929
158 20
875 546
589 368
168 840
116 902
668 913
780 631
233 870
51 938
650 71
22 562
987 374
426 118
134 335
375 185
506 696
753 329
570 769
831 122
299 285
946 720
933 982
864 669
539 611
216 380
307 167
74 614
857 937
648 809
924 46
653 552
411 901
838 620
79 632
740 262
796 16
936 24
914 167
956 878
369 908
26 487
463 846
784 583
1 675
93 477
900 357
334 985
870 703
778 793
545 626
499 944
732 692
252 846
239 868
705 372
692 630
54 603
930 893
352 295
558 859
631 611
36 828
727 864
413 760
140 16
50 410
989 37
25 496
62 549
961 524
12 218
361 328
434 644
883 463
677 79
921 174
893 698
513 500
126 91
606 705
295 474
689 847
617 680
708 369
339 494
328 125
92 206
902 337
577 894
962 740
985 829
128 180
662 305
439 968
152 58
560 151
964 185
875 526
626 904
618 292
502 340
397 889
272 770
972 755
829 854
617 228
467 909
285 4
803 603
230 928
856 857
702 431
208 31
670 137
345 346
437 362
773 128
117 966
838 942
731 282
381 669
679 218
75 431
757 647
479 385
156 932
565 256
187 966
313 647
388 343
361 863
160 286
866 240
795 180
487 152
677 184
553 490
952 310
649 839
217 509
951 702
79 995
351 526
211 155
503 835
318 74
861 173
644 725
956 248
614 559
154 121
780 405
528 326
656 139
782 639
456 353
718 633
674 226
234 58
699 412
835 131
645 862
228 604
429 483
770 155
824 955
310 110
591 11
187 209
401 723
945 909
250 819
570 274
552 761
515 399
385 246
726 157
759 810
261 587
964 14
715 579
452 314
384 10
383 834
703 675
686 471
973 305
713 774
536 43
152 308
617 192
854 279
142 659
15 387
846 955
688 309
670 229
113 946
919 734
299 357
912 776
415 879
949 291
865 808
557 734
482 472
639 714
416 950
180 151
311 703
536 999
294 939
557 879
467 485
256 115
952 855
807 747
698 228
994 494
395 721
303 56
325 912
375 123
368 189
890 30
502 296
287 468
895 771
849 441
5 607
945 412
193 471
308 896
800 759
559 457
857 745
362 329
879 876
201 77
956 235
23 796
608 907
33 772
644 600
617 582
598 771
849 619
304 160
250 740
567 225
552 326
867 847
45 247
756 93
663 547
977 344
758 743
119 623
548 353
732 454
536 361
557 237
101 49
711 824
772 972
424 850
538 816
650 416
800 541
449 673
945 740
901 369
3 970
82 561
410 968
360 147
234 756
751 937
214 77
346 893
648 959
762 581
29 376
624 558
679 371
477 695
667 363
575 290
498 626
616 273
388 572
810 369
744 757
249 313
87 885
344 146
400 228
607 243
539 115
406 78
625 330
746 206
766 592
788 850
131 997
5 964
410 180
304 415
140 109
202 306
3 319
481 233
559 338
636 529
358 177
675 369
141 405
269 672
789 473
112 523
757 469
668 699
979 967
780 44
675 478
513 495
72 873
144 278
219 970
666 135
390 271
48 242
713 224
732 132
730 657
185 959
702 884
370 453
958 706
480 269
529 534
586 961
346 362
453 566
845 884
138 228
664 186
867 408
896 93
769 449
369 357
721 968
523 222
323 372
647 462
755 153
394 489
432 556
73 814
972 942
593 423
80 254
777 914
542 488
502 805
551 106
147 928
518 369
113 879
243 715
173 992
851 904
891 183
849 805
739 875
299 570
692 51
388 841
203 38
597 250
783 277
531 228
314 645
678 85
644 77
758 423
388 259
799 435
758 982
734 460
256 949
792 871
188 432
601 409
840 895
692 960
931 520
344 878
52 551
917 997
519 881
187 264
244 975
533 515
6 680
503 894
509 545
862 419
477 95
850 475
249 928
213 709
469 683
842 183
736 414
956 147
261 803
260 650
379 846
452 277
529 976
470 746
384 257
572 850
223 998
442 123
903 154
637 692
853 887
604 419
471 244
533 873
556 318
353 541
997 860
431 858
837 291
362 837
519 475
741 327
890 899
172 198
102 771
983 142
770 70
486 30
480 631
798 33
688 440
859 53
237 889
882 366
424 810
385 548
945 209
480 998
9 368
812 127
929 167
125 964
695 472
458 713
864 458
403 72
320 762
268 890
638 514
494 378
846 975
119 155
265 440
838 943
379 54
592 69
846 638
137 246
101 445
949 266
631 109
834 177
14 63
166 202
23 311
761 556
463 639
799 822
105 996
878 681
554 163
518 526
499 968
191 754
469 508
731 985
95 342
481 454
411 319
330 165
539 59
176 902
779 1000
463 67
533 136
636 713
106 972
628 585
46 72
709 264
965 926
274 815
442 317
571 917
66 813
979 14
223 95
448 656
219 901
555 815
318 987
908 385
491 553
310 111
771 907
599 559
466 873
547 80
840 166
487 573
983 863
280 989
864 171
537 251
721 886
389 278
553 296
52 496
491 947
328 888
536 445
789 981
205 46
780 568
251 848
569 315
113 855
815 826
428 610
201 327
238 57
377 923
458 674
60 664
955 768
978 768
506 352
942 917
428 791
531 62
234 962
810 11
795 885
28 92
753 849
103 571
313 674
616 325
164 275
40 769
922 739
299 800
759 933
452 534
514 569
74 480
520 154
169 460
156 734
583 161
839 827
17 128
697 998
992 978
511 154
774 894
611 808
465 273
978 733
500 169
248 322
503 806
578 139
560 122
240 678
525 121
747 41
286 439
16 87
495 999
667 1000
872 774
448 546
767 139
310 472
379 348
975 478
416 450
233 221
39 197
884 100
957 904
945 936
8 615
471 188
823 907
770 309
6 22
183 360
42 908
224 871
375 512
584 199
430 707
220 275
628 144
599 785
11 264
252 219
141 901
916 125
169 656
573 898
859 57
707 144
626 800
55 624
114 850
618 652
476 882
837 942
398 282
271 8
497 109
116 753
981 691
858 46
989 916
276 609
498 913
919 124
873 619
639 792
247 722
622 46
180 197
53 369
536 853
424 687
722 640
653 514
449 236
472 574
126 820
326 298
679 370
762 804
134 685
764 378
161 513
861 720
443 533
606 284
592 442
279 70
227 657
563 203
732 722
52 588
828 253
421 305
351 560
541 512
162 931
344 770
163 326
715 277
112 302
554 925
918 490
98 369
588 270
423 470
508 656
550 673
610 404
49 428
103 113
469 775
370 736
595 425
633 222
943 611
965 467
954 264
650 513
504 277
529 900
881 837
698 789
310 87
404 152
868 581
813 68
707 961
500 833
29 757
177 290
215 238
715 814
23 743
872 687
34 28
915 637
58 150
556 121
498 497
524 415
428 260
836 409
850 305
641 157
898 740
840 450
778 30
55 888
54 485
61 535
209 268
800 681
161 481
262 420
413 267
74 533
826 612
721 378
502 853
569 190
75 389
369 160
77 623
943 380
692 60
658 508
716 138
624 419
705 959
762 824
1000 749
506 122
839 76
113 308
759 149
516 763
356 664
878 637
792 872
614 807
120 615
523 968
467 250
908 416
70 53
566 942
314 523
55 82
27 866
75 606
370 802
22 187
780 499
933 815
303 582
966 386
475 421
819 668
296 382
274 859
119 899
103 234
799 51
71 840
111 751
846 374
686 223
525 355
413 905
676 785
862 265
958 767
903 42
287 769
128 182
882 397
190 468
235 883
900 152
931 306
718 78
774 172
869 226
309 270
103 686
287 551
203 552
404 257
578 596
798 945
640 63
725 81
218 39
399 14
785 671
315 791
725 532
962 166
86 982
259 932
368 727
872 71
32 414
878 477
976 986
664 339
873 547
400 969
877 91
380 469
757 258
347 644
740 341
134 730
715 145
423 760
778 985
891 944
643 477
166 346
445 497
66 966
657 169
253 712
269 35
438 634
899 244
387 424
740 538
329 153
607 202
614 594
120 754
727 913
411 431
110 909
457 61
330 309
118 700
598 650
819 128
475 385
974 997
131 845
704 153
372 63
459 472
70 978
440 983
59 63
326 104
528 102
802 925
585 27
234 75
35 54
328 12
832 748
686 251
935 300
754 59
346 432
718 136
6 772
607 940
850 915
300 368
998 283
600 662
911 432
270 552
381 379
59 763
333 504
10 45
798 2
926 87
162 224
294 493
132 472
29 112
485 414
663 253
977 830
380 283
143 105
203 818
468 278
523 455
590 194
393 238
838 904
506 353
70 550
938 355
329 744
184 229
666 809
114 346
868 183
887 117
420 896
493 175
192 815
229 716
786 17
914 90
981 210
305 593
629 406
644 6
283 422
321 751
340 61
566 999
383 121
865 490
978 587
243 909
306 204
622 574
195 317
519 952
909 136
605 281
201 115
454 367
115 533
131 792
761 11
897 753
92 483
275 779
610 352
254 764
797 856
10 570
250 627
797 45
275 946
879 960
390 289
447 720
340 608
306 528
756 40
98 942
559 375
675 2
107 580
572 650
996 462
903 114
486 408
489 388
785 855
256 35
186 428
6 115
724 684
51 870
677 998
270 516
55 706
792 4
556 37
688 245
63 247
251 895
803 644
214 801
989 753
681 669
630 335
138 877
56 238
902 859
686 834
411 668
873 985
858 47
252 498
734 922
130 828
517 176
898 978
26 893
498 910
338 955
921 968
920 565
173 779
445 230
393 339
394 676
447 947
751 766
867 21
705 978
942 545
602 439
653 658
18 907
401 17
882 714
35 24
151 165
354 19
541 509
247 589
930 935
518 870
465 896
248 496
490 341
583 834
681 388
844 624
116 303
758 234
321 533
568 530
734 131
130 53
940 518
64 305
193 723
14 931
783 917
956 495
564 968
819 929
327 866
898 336
59 980
298 612
305 372
162 471
554 373
480 766
11 166
819 895
399 279
111 25
537 178
521 533
538 669
979 517
121 877
432 960
570 42
552 977
209 242
318 300
581 618
697 692
361 877
950 305
721 95
542 95
506 711
811 106
379 44
859 358
660 893
739 796
132 182
365 441
583 663
125 753
863 423
95 208
687 661
947 888
790 646
169 216
668 38
49 946
857 107
269 173
753 906
75 226
937 195
481 335
248 558
355 370
783 388
862 135
130 324
253 421
575 550
670 782
784 713
718 103
914 324
53 776
993 325
723 940
829 32
27 869
283 287
50 62
383 390
440 741
26 55
10 656
653 122
377 835
791 236
447 522
361 333
13 364
162 678
681 642
130 136
791 349
240 962
533 774
614 243
154 949
926 719
291 372
21 67
225 488
926 350
848 332
237 597
845 790
719 781
280 114
375 971
868 775
234 409
128 38
681 862
189 643
194 827
69 473
463 151
34 912
72 323
860 484
9 374
266 367
531 729
713 734
881 684
664 438
66 400
263 590
512 250
531 838
34 882
882 78
459 227
811 86
800 805
543 535
952 96
274 52
441 733
484 645
178 984
658 334
472 197
494 225
588 19
477 588
630 434
955 964
575 279
708 786
504 726
856 363
911 817
182 931
398 156
13 474
523 777
702 118
217 288
127 365
244 527
320 215
527 886
514 595
435 262
607 164
311 491
973 826
978 612
892 870
274 902
822 797
52 517
74 93
496 647
957 262
836 745
156 619
654 286
978 370
880 797
532 214
296 894
480 139
587 273
40 355
224 128
131 844
706 808
323 724
305 65
822 686
833 474
129 435
497 729
244 114
707 634
135 253
893 859
841 992
280 944
297 886
85 931
551 85
513 326
769 252
453 635
844 161
286 406
564 823
780 980
711 960
747 395
231 570
185 433
556 179
828 968
742 130
655 521
657 623
221 845
459 464
722 342
10 42
450 181
968 810
21 682
885 811
160 770
555 139
424 919
422 390
705 570
907 534
289 339
436 230
494 276
264 911
86 98
307 883
242 356
70 694
587 280
72 877
825 355
994 378
556 533
102 67
868 263
901 183
568 59
903 343
274 111
499 825
227 486
335 817
167 614
683 555
814 435
139 713
486 736
892 292
133 312
204 669
98 504
540 199
500 260
562 267
121 73
193 468
770 860
787 614
919 125
619 215
35 358
498 554
405 344
112 482
965 1
755 725
478 811
738 413
196 465
548 142
567 226
591 232
104 688
626 749
629 982
43 479
281 486
693 425
196 247
254 901
508 314
662 508
710 652
850 884
357 197
397 813
982 310
96 402
929 252
241 260
169 551
646 51
189 572
873 847
638 713
473 345
592 993
755 303
919 654
560 271
985 181
375 70
857 451
711 488
752 743
952 425
511 518
147 905
673 465
87 419
493 904
285 924
535 572
437 577
543 781
568 471
342 966
630 277
832 476
789 126
853 58
1000 514
317 783
783 419
397 36
387 82
649 907
45 626
924 283
374 454
302 163
931 529
179 212
60 81
481 12
154 410
942 371
980 34
541 387
16 407
54 627
53 932
64 387
945 270
1000 847
380 907
549 132
606 975
704 655
700 16
828 477
814 24
671 881
491 981
789 486
581 132
498 9
552 406
26 362
183 168
791 425
280 889
264 721
617 688
926 720
803 103
436 580
642 187
383 545
167 756
599 721
929 461
508 342
146 945
770 279
883 130
918 903
872 657
214 416
231 578
72 473
990 996
609 662
862 800
498 495
231 904
730 642
676 556
369 282
579 443
730 821
198 775
825 991
238 4
521 502
960 818
64 302
387 311
6 265
251 120
379 47
930 405
843 860
363 499
933 931
41 379
468 298
541 190
264 214
708 657
913 319
582 528
187 367
778 547
800 87
430 278
202 145
240 36
956 874
905 444
246 78
990 339
571 645
679 630
921 630
792 874
443 758
740 608
396 128
31 822
57 146
247 705
707 485
382 888
754 791
615 858
407 881
376 433
756 820
358 233
235 150
755 623
137 786
35 926
620 771
714 456
533 916
625 659
701 858
83 155
410 425
830 472
451 351
254 144
1 156
520 656
633 361
500 816
229 350
379 673
513 377
665 719
314 60
559 966
393 683
361 255
971 882
794 757
834 550
86 667
819 858
896 141
551 967
336 442
376 587
660 77
65 525
962 309
411 569
369 407
309 612
635 924
941 949
798 966
251 919
712 387
933 613
754 2
458 583
705 718
333 645
916 654
856 590
150 766
258 346
904 196
902 947
367 620
88 913
270 57
364 940
187 877
773 942
8 104
229 726
640 637
290 826
370 583
151 236
818 875
247 903
658 128
986 533
625 371
166 427
405 570
443 786
317 821
464 791
174 934
686 242
8 77
791 45
390 910
227 568
525 193
620 65
785 156
219 760
771 65
44 517
214 957
13 318
508 730
127 928
193 666
605 213
845 582
681 765
884 924
211 362
983 984
624 497
474 760
185 907
239 312
955 123
654 855
707 522
414 476
966 537
988 993
515 499
204 881
977 368
484 256
750 543
536 273
718 57
702 642
780 932
17 876
579 903
641 170
881 621
574 600
974 470
190 321
673 889
267 968
106 44
492 537
556 978
695 569
879 204
460 78
133 48
890 759
782 423
824 217
184 120
961 320
924 844
172 745
816 83
627 915
216 393
714 648
881 425
496 137
422 97
482 468
982 425
911 999
934 12
701 271
756 846
563 466
952 859
903 996
373 799
891 862
913 144
731 905
473 937
844 667
283 440
822 847
344 186
914 378
718 780
311 462
314 606
525 148
16 428
456 675
572 209
785 71
369 682
689 734
232 970
268 18
1 393
771 189
222 985
685 479
425 633
227 933
466 407
837 164
714 433
951 444
771 202
934 682
336 951
577 623
736 200
702 973
738 410
704 278
249 703
353 174
34 277
200 21
702 860
11 47
448 707
573 36
988 965
628 108
178 904
966 916
91 458
310 872
216 809
4 548
146 620
879 2
954 951
981 606
907 343
273 631
54 284
384 776
403 20
972 791
738 945
209 293
198 683
788 161
356 23
427 379
491 191
638 601
843 691
529 25
238 843
631 304
428 871
178 526
437 735
296 477
527 26
765 571
695 848
882 889
41 431
494 531
84 267
291 595
734 325
956 839
4 180
815 140
247 990
585 699
70 957
515 704
790 474
403 942
230 567
625 315
3 5
136 674
197 455
884 647
960 95
359 119
235 173
515 15
554 555
918 88
81 711
904 566
430 806
145 598
597 632
140 847
931 940
698 929
77 484
776 863
589 789
889 826
266 821
504 280
879 723
898 90
721 657
997 804
546 476
86 525
750 612
676 847
502 779
833 872
188 673
559 914
266 23
451 17
897 159
572 543
684 65
557 205
975 578
890 986
693 317
519 145
635 514
997 151
302 951
563 858
824 435
570 155
823 575
935 803
320 658
994 622
441 854
207 879
446 449
194 102
178 675
124 235
930 402
844 63
385 879
43 791
815 477
748 592
604 684
844 67
777 398
87 113
608 790
161 689
44 285
574 63
226 921
542 548
27 168
100 930
247 781
360 591
1 821
74 325
476 593
773 80
990 246
763 339
514 589
307 505
805 90
934 503
494 777
904 869
719 437
803 802
830 630
562 464
766 624
490 439
993 436
921 407
116 269
995 514
390 562
508 695
70 202
736 402
202 338
648 225
7 319
619 47
618 770
185 765
887 822
157 639
448 621
14 812
382 426
222 691
975 403
637 363
245 147
400 543
556 314
793 24
816 242
780 818
15 615
642 783
862 882
976 973
16 70
301 994
788 339
547 918
989 533
58 169
868 858
45 477
980 840
501 227
219 406
99 620
741 37
671 27
345 300
56 825
437 452
665 609
484 929
198 755
215 819
94 544
630 662
976 9
743 909
265 444
658 317
17 707
74 564
947 988
722 692
104 355
89 209
143 308
598 265
616 222
925 738
194 364
783 196
734 370
330 892
402 289
394 973
256 998
277 708
95 205
79 889
531 482
300 356
981 928
867 410
631 685
173 277
247 623
53 923
576 56
188 182
490 521
413 727
620 209
714 832
607 469
280 660
546 691
819 765
548 5
767 147
326 991
541 920
656 430
859 681
433 551
109 95
704 442
478 821
780 839
528 232
989 343
516 187
59 798
444 876
85 786
68 64
290 70
662 470
495 387
615 402
964 154
488 211
922 894
367 197
243 331
461 128
335 667
394 331
547 771
493 239
702 509
6 436
924 943
670 95
138 884
888 637
454 730
437 472
802 318
968 522
273 692
716 408
644 461
796 256
51 459
126 909
143 411
971 298
754 182
815 405
302 568
324 844
130 633
939 409
703 320
247 836
412 319
144 581
667 174
782 680
911 644
164 287
341 986
536 650
955 651
571 407
164 366
511 49
991 379
978 582
724 422
926 830
412 588
568 650
663 5
903 538
904 652
407 843
490 399
647 684
990 304
883 588
761 8
745 627
33 799
70 274
609 204
993 109
867 660
427 515
923 390
159 88
404 785
478 646
998 73
68 134
675 438
34 274
350 974
619 277
547 112
196 98
282 694
779 37
230 162
790 102
533 30
534 713
572 628
521 766
479 610
261 315
728 772
546 155
195 59
180 653
676 522
492 751
845 173
675 287
742 367
950 296
243 468
336 18
532 358
214 215
982 52
612 494
426 47
565 48
143 78
735 480
238 840
702 251
631 307
579 140
817 775
325 716
610 522
526 820
375 358
602 422
507 790
515 549
221 540
59 89
977 586
464 547
619 617
925 682
375 279
982 293
56 481
700 750
758 348
333 831
227 260
784 593
554 202
387 84
109 238
486 642
639 344
261 744
307 269
115 724
207 236
373 20
546 934
288 622
74 147
149 675
701 982
508 684
714 67
932 30
737 930
535 83
866 774
714 466
770 64
220 143
854 850
335 878
743 93
509 167
555 875
153 499
923 531
357 883
582 372
880 660
310 43
383 547
3 593
311 935
974 109
899 987
779 65
284 545
582 534
616 51
15 691
661 109
954 985
827 349
702 603
280 136
635 660
483 387
449 535
394 176
368 961
404 361
298 788
890 842
352 945
954 827
773 261
716 337
661 432
705 736
229 990
547 569
441 157
916 738
99 446
800 907
759 997
489 818
329 677
151 996
100 988
374 151
138 753
485 774
252 759
790 645
921 858
403 751
960 752
264 167
670 595
766 772
359 726
291 590
329 391
862 251
558 528
947 27
386 774
631 859
10 957
243 179
166 540
79 789
335 447
652 339
502 388
340 487
232 746
509 504
143 772
516 290
611 868
188 147
309 633
230 306
642 944
457 150
296 788
888 334
427 570
568 928
182 288
77 109
610 295
900 935
45 24
220 2
239 294
297 799
427 728
724 819
362 831
570 376
612 915
812 205
299 476
659 706
366 782
225 606
869 157
427 902
67 431
603 353
396 955
54 187
115 443
632 271
546 195
966 876
881 720
29 685
646 110
428 635
780 736
360 65
967 550
258 130
716 742
11 547
699 528
521 272
375 155
540 651
243 573
27 504
501 786
564 257
17 706
843 890
422 123
939 303
155 348
716 91
347 664
204 775
21 855
481 654
977 513
639 685
450 643
714 628
346 592
378 97
236 7
74 170
425 976
728 215
411 133
790 387
113 421
847 726
848 528
231 141
801 654
72 746
677 51
884 585
261 24
289 756
785 146
208 544
753 614
90 1
356 154
991 548
961 625
874 306
286 604
197 47
129 263
140 49
559 273
934 698
858 846
605 211
3 395
6 990
300 191
710 886
452 2
715 908
249 530
180 916
751 479
399 426
92 168
498 339
337 215
873 421
405 435
659 734
860 165
519 58
530 785
379 429
931 466
436 860
113 761
111 82
332 861
525 418
171 473
320 829
988 688
55 619
276 884
557 421
320 684
835 31
12 798
574 696
907 523
692 291
552 24
199 301
312 47
904 275
27 452
212 584
503 219
312 926
6 946
4 67
42 154
479 483
299 633
229 712
527 177
126 876
330 913
900 5
169 21
830 834
62 296
838 313
964 908
75 175
222 18
154 274
528 619
545 579
325 811
1 749
455 664
978 583
376 269
304 538
269 980
130 442
350 257
102 422
356 946
395 770
897 580
199 548
862 380
334 309
948 845
36 365
461 654
723 71
376 90
701 279
309 618
573 578
277 12
599 205
208 506
249 531
740 355
710 749
310 255
183 359
340 834
769 78
706 488
430 27
860 312
169 667
774 365
835 106
329 989
889 611
406 826
835 136
484 890
213 292
177 854
678 758
551 124
476 954
406 917
762 591
281 499
268 910
90 320
94 392
313 487
406 516
298 373
670 485
485 737
344 459
395 647
743 698
890 346
249 338
282 787
782 82
105 790
948 382
245 909
882 710
558 757
939 533
557 990
946 363
533 37
697 555
403 944
320 18
361 938
785 56
804 748
787 534
457 415
153 950
279 178
932 136
535 509
261 952
176 704
31 834
714 64
254 409
74 227
596 108
28 656
188 73
897 721
609 239
311 99
961 682
742 894
380 582
804 160
698 943
874 568
542 628
471 401
301 218
824 889
141 625
915 674
805 730
423 331
615 649
746 98
323 975
698 129
861 339
99 916
546 333
823 795
592 531
883 52
6 83
341 660
962 445
341 544
470 140
931 490
919 969
6 482
727 108
985 629
802 389
324 705
660 27
552 868
937 762
690 918
96 544
372 725
583 621
621 698
338 365
146 368
165 468
129 582
646 173
705 743
985 279
218 366
237 66
741 89
792 433
591 803
596 895
852 737
375 468
303 299
716 48
554 407
916 594
645 124
701 987
248 852
778 607
126 853
697 357
834 214
197 474
913 205
496 433
787 353
8 691
699 116
173 414
890 80
787 562
737 739
206 497
340 480
288 651
827 990
336 851
79 901
904 581
979 179
417 758
58 640
296 789
372 32
511 577
685 182
896 499
736 242
393 607
926 307
915 5
452 190
720 678
521 859
314 59
81 860
444 496
341 738
68 110
430 653
695 131
111 968
349 579
333 126
336 302
530 810
784 454
79 18
862 771
906 121
910 609
414 784
719 559
6 462
337 805
105 257
424 959
960 785
189 609
964 192
350 972
77 812
446 418
706 188
318 46
602 125
492 335
255 625
77 701
355 39
247 205
373 235
14 150
952 211
517 5
671 992
423 614
9 822
619 435
507 977
770 675
866 280
170 259
321 917
635 153
783 375
992 750
937 35
247 215
921 66
84 188
839 188
52 658
353 149
631 830
134 904
764 312
648 264
406 8
953 983
388 452
405 320
888 764
948 874
884 18
120 981
357 936
84 880
178 944
242 536
534 502
480 493
978 420
157 577
598 873
233 235
948 904
136 253
604 413
625 926
581 891
517 643
989 454
348 498
560 170
962 626
363 995
716 549
163 959
555 481
314 305
981 583
138 227
269 189
716 692
954 769
28 146
152 315
449 335
693 228
773 348
647 889
817 648
378 462
820 793
488 258
5 115
177 560
251 37
930 472
280 20
934 432
385 853
61 828
588 51
661 713
441 622
960 650
523 728
854 234
971 10
75 209
331 171
388 306
874 851
602 738
805 399
169 421
79 686
136 314
398 978
986 756
553 463
558 952
421 611
70 118
734 25
278 99
425 749
163 289
983 188
320 912
92 504
76 981
239 635
280 754
244 35
742 358
124 969
732 776
846 256
978 392
372 143
184 548
871 215
642 211
76 699
607 745
719 931
943 217
515 859
429 337
125 66
822 424
73 767
186 454
580 138
980 684
380 880
915 615
77 44
707 777
33 458
667 52
76 488
850 771
890 820
12 684
694 944
716 728
110 187
402 784
220 527
740 214
251 995
824 265
976 68
837 891
103 979
274 233
95 835
616 122
156 197
782 305
288 53
647 282
151 465
992 907
320 454
625 77
682 28
645 168
411 46
760 701
308 734
570 681
443 625
1000 518
821 35
251 412
862 172
113 403
300 685
936 364
763 313
212 33
877 465
899 51
97 871
347 420
390 954
13 97
714 254
582 57
680 56
625 538
308 786
917 684
296 826
426 905
923 503
539 757
507 863
927 404
534 30
3 450
704 373
769 143
258 431
399 493
201 430
24 497
941 282
870 384
708 59
431 828
747 599
710 601
642 985
592 532
366 227
81 17
637 124
285 391
158 175
487 801
826 157
384 888
617 240
526 730
466 732
51 758
982 354
319 969
693 220
116 723
907 594
69 887
565 18
323 411
1 899
393 297
904 202
753 163
19 227
576 740
60 461
529 455
302 630
428 981
974 887
832 397
830 136
468 969
507 933
550 59
683 998
649 858
62 481
853 474
969 757
550 394
936 266
169 509
903 702
390 791
566 928
40 110
439 382
814 350
750 990
309 798
58 542
365 882
885 75
410 459
11 684
748 309
577 699
870 864
638 284
732 833
453 352
457 869
425 999
480 450
248 94
764 331
555 841
849 436
55 487
874 1
175 868
470 604
825 579
242 727
923 878
803 404
796 198
903 53
232 336
565 690
559 567
988 831
811 798
831 339
393 905
470 169
401 630
552 946
24 891
719 558
67 207
929 184
894 418
403 81
902 149
467 770
216 514
12 971
622 142
497 47
43 999
561 614
726 184
378 282
159 773
55 852
201 748
318 190
946 639
855 909
416 930
289 404
881 18
22 674
539 500
540 939
449 174
369 983
478 51
799 831
212 379
278 376
883 966
166 348
795 140
590 33
800 230
329 306
367 104
739 507
886 126
444 197
528 656
585 961
969 354
899 11
283 766
767 446
932 193
718 726
594 544
222 993
889 36
193 749
582 1
620 204
639 112
72 970
92 277
699 295
154 240
487 771
775 795
978 421
392 832
33 594
585 572
435 886
58 391
391 621
409 360
393 634
16 927
474 375
291 279
81 191
686 364
746 187
654 974
324 469
343 91
312 290
258 999
133 649
428 315
176 307
341 999
289 116
509 657
663 874
43 37
156 476
68 752
879 200
111 306
403 109
924 985
375 121
51 607
278 90
332 396
522 940
27 454
455 86
521 236
659 122
678 938
695 840
576 556
739 168
575 310
579 947
943 306
412 314
427 237
469 741
459 881
813 866
8 151
411 242
201 650
166 376
136 315
892 632
253 742
80 243
70 253
865 492
903 646
727 962
412 591
219 683
944 561
536 894
793 665
117 169
323 550
418 750
845 614
497 760
791 384
996 662
628 254
513 308
733 145
612 966
884 99
426 583
603 653
732 47
552 733
313 332
837 329
691 572
647 214
928 892
216 958
323 98
984 808
513 214
896 218
310 876
663 936
298 684
744 500
279 553
524 498
194 973
513 71
626 968
807 285
441 92
480 566
191 8
582 715
454 682
401 574
882 177
526 622
318 218
226 572
25 703
467 826
603 230
535 853
864 650
703 131
565 174
829 745
321 103
659 475
13 988
514 835
950 875
368 499
350 167
425 898
562 972
302 458
394 817
255 366
991 442
574 150
871 172
174 768
288 387
627 808
297 219
852 131
778 874
500 968
641 878
911 927
457 413
28 460
490 351
533 665
892 332
421 651
351 590
248 357
46 24
783 936
883 589
349 441
97 64
36 512
61 485
837 132
984 712
658 633
989 73
370 539
978 474
468 35
373 420
125 259
839 715
206 252
432 9
50 600
487 749
550 789
827 112
298 622
889 943
138 503
105 120
159 351
822 437
680 398
720 587
742 252
449 145
362 760
608 240
974 483
243 151
814 584
46 950
858 376
731 250
492 718
439 669
670 11
722 47
57 72
702 440
99 709
247 453
323 269
473 440
960 934
355 956
212 531
30 644
667 413
76 66
955 833
882 738
56 494
900 185
259 307
24 454
155 482
969 922
938 903
796 381
248 709
478 231
498 737
227 293
256 528
913 92
291 960
757 893
153 999
565 479
999 784
79 790
351 541
212 181
714 19
201 956
754 784
224 267
852 389
982 768
54 707
511 296
136 928
46 423
374 624
31 177
529 419
805 922
609 9
115 832
25 104
334 482
962 987
580 414
139 208
234 94
452 41
879 642
970 682
720 777
944 449
504 312
803 6
931 221
570 263
914 917
590 834
58 851
922 440
561 72
211 691
276 125
704 624
725 842
466 927
902 46
141 885
406 67
578 572
171 510
584 405
660 74
309 100
310 967
461 361
134 145
59 589
621 523
566 180
125 988
406 881
264 691
963 904
582 930
217 878
14 644
237 815
123 84
587 741
532 354
169 796
77 699
104 359
532 465
791 612
591 572
463 535
381 442
69 652
584 928
346 607
596 627
445 930
640 993
270 149
18 973
827 673
274 355
973 675
155 236
974 675
757 849
946 128
197 266
624 42
606 110
662 844
754 677
974 722
702 369
631 681
745 778
466 285
853 735
710 56
583 330
787 644
844 950
101 767
896 685
469 855
823 360
14 536
278 935
617 593
27 613
983 614
197 189
202 709
704 271
997 646
9 15
968 404
658 720
680 296
366 975
619 301
941 464
450 183
840 61
548 374
771 657
390 17
704 604
284 612
693 448
108 800
280 195
905 547
820 965
552 943
920 915
318 494
284 266
157 52
805 900
399 605
128 294
772 759
938 283
556 862
760 577
91 929
365 66
843 794
998 862
506 360
126 945
821 255
588 222
627 640
611 263
702 82
639 765
855 912
656 491
644 239
312 784
114 676
796 34
212 297
731 543
982 398
492 105
55 127
117 372
469 311
930 811
293 249
97 1000
227 381
672 478
411 354
183 670
351 964
883 333
252 708
439 417
727 553
838 105
79 891
754 856
120 900
672 555
552 17
921 252
597 623
767 179
422 830
684 677
41 701
776 680
101 501
763 968
841 902
272 391
648 176
689 74
84 628
186 452
59 830
902 278
25 834
119 614
817 238
980 686
565 632
233 999
196 253
272 677
293 773
93 531
702 675
974 388
56 684
9 470
210 465
29 779
637 86
160 582
834 666
1000 174
873 160
46 778
18 431
4 750
705 623
958 875
579 82
247 480
836 323
539 736
976 70
635 859
159 847
4 780
320 425
514 977
87 441
352 890
630 589
852 575
579 769
247 183
798 588
144 933
238 537
139 666
47 125
347 995
978 919
530 425
28 350
505 31
992 519
165 851
778 238
83 310
35 443
131 56
627 161
595 339
633 900
373 129
693 930
760 808
58 747
280 673
98 760
939 978
13 321
179 617
148 472
996 804
942 356
598 804
875 865
315 580
37 732
901 887
222 728
885 312
291 321
129 110
202 620
491 22
805 680
972 709
958 602
6 199
644 890
656 648
439 366
940 208
349 770
894 667
582 820
968 872
160 832
159 658
310 538
958 150
445 638
848 236
790 604
959 776
816 522
66 169
84 983
612 236
613 693
555 324
482 901
903 922
136 406
965 621
23 220
808 424
312 695
634 134
652 617
50 471
605 519
256 910
357 561
848 552
443 780
249 77
452 598
18 611
739 302
597 852
467 115
430 101
733 276
273 478
629 419
5 815
842 188
715 646
476 146
495 950
387 739
634 314
606 828
845 604
701 728
889 872
176 973
939 178
235 426
384 282
224 985
775 838
633 371
943 764
177 501
430 545
951 129
738 718
443 406
360 280
604 43
987 341
493 484
190 476
300 388
968 166
163 900
275 318
718 86
194 818
930 126
128 428
869 123
228 117
764 135
301 767
285 26
52 315
803 581
878 139
200 494
668 578
90 401
167 218
61 563
567 479
910 646
108 626
697 59
902 981
43 985
373 626
941 960
154 831
485 580
566 397
294 42
77 698
406 592
192 684
778 751
375 469
468 777
415 770
159 916
679 349
518 741
368 360
302 400
410 364
801 311
753 990
703 440
568 405
930 772
57 280
614 872
173 622
602 700
72 671
605 619
628 956
3 51
795 63
10 861
326 167
165 875
115 656
632 17
936 970
514 332
550 662
697 834
130 69
573 239
889 42
610 340
774 693
611 533
850 327
121 257
824 982
931 922
515 219
854 872
993 181
735 537
633 158
119 895
727 636
675 385
90 611
261 516
16 350
278 836
909 553
580 258
876 661
92 164
898 275
304 863
848 790
189 990
775 59
577 848
444 873
140 626
34 237
26 638
314 333
371 916
45 427
466 896
837 671
155 414
508 11
211 940
506 548
896 30
807 200
3 984
66 348
108 967
859 153
533 328
976 91
828 628
715 70
299 462
673 93
324 939
310 212
692 478
329 656
327 389
166 13
494 398
96 969
904 230
640 672
596 545
166 239
888 863
173 705
106 740
378 897
469 310
342 556
326 481
679 423
32 818
705 781
134 91
598 349
80 650
272 60
849 822
888 684
80 793
210 872
27 802
696 596
448 797
101 39
473 766
130 41
23 790
695 286
525 112
267 320
486 84
804 57
382 5
384 420
352 104
245 275
430 895
309 630
385 14
896 75
921 108
337 277
138 334
709 245
450 346
935 631
385 191
719 940
794 277
943 692
858 576
196 111
824 720
55 308
59 817
333 178
644 296
465 122
309 441
882 461
590 42
607 904
793 324
892 706
947 14
615 429
397 806
287 598
932 921
439 240
542 216