1000 9880
66 679
55 587
167 13
975 906
155 589
372 683
234 762
552 795
223 266
631 409
557 534
619 768
983 284
848 1
78 698
192 613
845 57
820 111
569 169
152 935
235 726
342 878
327 254
956 750
812 906
769 857
557 986
674 726
198 248
737 880
226 209
463 236
247 581
434 34
611 254
278 147
970 67
371 498
438 842
316 433
644 663
187 452
21 568
596 104
961 573
525 785
767 193
383 712
153 69
392 907
528 23
177 127
794 454
392 794
48 236
220 426
917 508
639 4
529 524
219 226
765 179
989 523
719 678
426 347
945 685
341 556
547 881
591 408
669 318
150 104
619 423
68 699
142 678
819 711
662 126
194 241
159 669
825 81
130 873
481 923
190 125
263 755
877 989
125 536
310 650
313 406
450 805
596 891
373 526
713 19
531 16
513 621
274 91
186 895
320 293
912 729
985 53
895 542
773 964
833 121
946 440
433 587
530 59
14 472
615 540
377 406
853 940
839 212
329 283
994 31
832 174
35 457
74 33
168 38
773 631
796 952
748 417
329 117
184 848
921 409
340 638
170 879
944 534
407 654
818 51
982 774
586 87
42 779
608 739
686 10
780 123
468 511
844 882
97 467
906 545
652 61
540 879
591 902
286 263
353 698
872 982
95 346
693 712
270 827
236 785
862 997
443 425
673 628
196 167
896 277
849 331
498 443
869 152
86 658
949 784
740 306
534 650
827 380
298 866
134 4
708 169
157 189
363 904
107 802
845 112
976 225
635 548
262 856
266 279
655 979
345 310
385 675
316 753
354 572
428 519
717 135
935 208
114 476
902 795
279 509
746 162
599 530
226 853
647 621
541 234
449 50
402 136
701 484
648 240
575 287
86 312
553 309
75 41
981 197
431 228
235 815
38 270
403 639
80 528
210 611
653 803
417 987
952 932
516 237
314 581
889 463
971 903
156 716
654 375
920 32
774 904
300 519
317 959
304 450
98 36
69 206
362 344
455 977
541 880
671 673
908 85
20 629
572 42
925 967
633 844
697 629
379 711
712 540
718 503
664 943
594 208
701 620
137 529
374 892
626 705
453 611
489 738
868 518
941 462
176 200
140 627
162 23
661 63
557 254
932 614
24 91
907 288
842 887
919 781
116 624
924 933
216 626
99 623
470 59
308 130
509 543
389 79
378 458
530 447
68 514
472 907
705 675
778 305
838 897
34 513
971 288
863 342
385 937
246 551
160 87
587 272
795 847
290 372
182 903
588 958
769 892
165 91
541 272
874 863
268 340
485 938
489 582
700 695
339 793
620 510
198 44
18 702
939 923
999 477
563 102
781 227
18 721
204 740
746 695
174 52
936 227
957 659
923 495
818 251
754 893
412 872
851 880
73 48
989 98
957 516
137 851
660 941
22 346
150 271
230 217
712 808
31 24
894 48
788 645
295 407
421 808
851 351
504 370
550 532
360 337
767 608
147 469
756 471
370 182
206 816
264 535
53 217
12 729
397 805
950 435
399 171
314 465
996 213
553 800
186 663
557 388
206 722
906 140
193 865
655 217
805 911
922 128
111 339
574 857
646 186
798 769
547 515
786 825
273 650
275 196
630 720
521 188
208 865
131 720
100 855
583 682
363 527
34 549
701 443
556 610
706 19
411 949
187 143
327 95
734 332
570 693
847 631
723 701
203 85
709 626
601 25
748 152
666 871
142 289
643 284
192 34
951 586
739 308
286 337
356 972
965 826
753 592
873 327
511 160
867 472
979 242
652 308
139 459
625 542
908 29
233 389
527 709
167 489
128 535
770 90
650 932
377 333
83 135
46 505
582 223
604 291
624 417
625 888
186 132
426 663
372 239
628 479
215 303
346 462
354 981
327 817
30 188
184 299
461 96
216 925
512 346
93 629
976 887
828 582
797 375
548 543
940 904
882 321
705 998
719 598
262 893
817 490
807 664
488 416
717 17
59 806
632 471
464 441
838 815
711 567
954 692
494 357
228 433
640 331
72 406
20 421
298 195
905 121
122 783
153 618
530 278
804 841
507 859
994 331
726 114
791 841
554 35
207 571
670 597
914 155
329 393
866 224
467 279
51 84
113 435
204 590
408 679
61 179
724 373
529 385
16 348
883 780
701 899
129 783
252 135
672 375
305 882
460 902
62 801
874 363
785 458
685 177
778 986
152 445
287 981
55 89
847 173
443 315
745 367
48 137
266 208
31 464
706 556
132 556
868 611
56 627
254 890
20 918
406 355
760 987
603 359
767 568
185 194
217 593
767 649
441 921
560 481
579 415
137 432
632 499
467 774
90 483
570 809
700 872
650 23
817 752
204 174
904 204
613 838
669 980
545 238
1000 223
623 413
570 523
955 991
540 935
893 379
83 948
818 513
933 208
807 763
558 711
904 42
759 194
320 177
607 30
863 160
260 797
88 60
472 411
662 720
363 19
843 269
934 932
630 119
418 599
914 560
809 286
426 954
781 920
927 332
575 832
10 524
323 735
102 105
512 629
37 658
774 469
742 89
452 159
418 27
137 609
693 804
551 530
758 832
664 846
132 684
849 182
669 451
521 309
232 176
911 7
648 706
872 352
195 469
343 181
608 298
243 449
321 415
582 882
492 416
772 754
80 34
123 132
761 828
436 130
310 255
636 94
549 625
91 979
518 308
96 971
525 279
479 88
264 7
621 415
471 932
812 928
527 191
679 464
169 876
152 875
706 302
539 242
799 684
126 624
786 297
970 218
549 444
978 577
373 57
746 549
529 73
287 361
235 40
118 871
818 105
641 325
179 993
163 292
934 595
918 436
996 956
465 700
283 591
214 977
50 846
433 94
235 342
272 220
36 141
639 692
137 850
983 519
106 201
859 541
823 254
319 792
93 989
96 111
617 707
465 350
671 954
214 691
270 833
137 524
779 461
883 232
818 429
927 221
275 666
202 966
779 90
599 693
584 242
935 828
333 845
977 485
744 504
949 855
531 653
882 346
521 624
726 427
485 343
413 26
180 315
878 214
733 593
367 855
61 520
119 310
267 637
381 631
661 421
995 487
498 821
9 6
247 402
858 53
682 760
518 385
632 666
307 743
122 1000
708 535
768 823
803 893
753 186
566 894
799 989
790 752
278 452
720 528
173 658
156 992
717 513
991 422
226 124
709 625
912 413
861 598
933 121
238 655
848 591
508 965
605 593
309 773
405 274
317 998
671 747
287 210
969 399
953 786
257 795
650 978
631 515
64 267
268 189
589 306
840 836
900 970
562 438
750 786
750 161
275 984
918 178
923 744
737 716
945 961
694 196
755 982
314 144
333 84
390 37
67 440
270 639
664 53
919 967
370 42
318 474
357 281
33 90
237 794
664 420
167 51
156 256
892 26
863 651
647 762
910 344
60 603
668 282
835 507
593 27
569 388
350 244
581 404
602 389
291 742
499 843
302 490
715 127
623 606
558 539
904 926
49 339
265 878
972 501
424 35
614 722
524 558
49 650
545 525
325 237
516 154
370 966
331 596
259 243
633 820
80 852
453 149
338 360
212 177
729 329
549 222
219 345
239 728
760 433
334 708
2 34
757 12
846 998
871 52
908 2
412 849
144 479
828 361
560 983
832 876
326 634
440 949
901 478
119 773
245 634
840 182
513 368
362 806
471 136
589 549
609 495
858 121
851 278
64 932
46 756
498 441
405 859
798 130
30 40
983 130
803 360
533 95
419 531
132 600
243 375
798 45
301 619
195 504
345 395
332 135
918 666
857 397
764 130
215 858
881 346
592 787
720 216
636 452
693 59
275 142
406 996
948 720
227 137
216 438
472 800
661 590
740 457
136 87
869 683
787 152
200 862
846 757
460 400
62 164
209 656
799 917
673 257
291 642
312 743
809 765
929 894
540 983
908 531
506 165
625 153
631 903
878 331
502 217
343 863
36 805
112 131
630 197
651 344
562 285
526 384
909 8
936 122
467 545
433 160
457 42
130 630
353 905
101 763
692 718
167 735
700 209
690 411
943 959
509 247
222 516
318 967
634 716
438 24
488 942
236 992
257 109
719 953
670 536
979 888
673 677
196 118
970 571
348 345
367 495
408 30
45 279
546 284
51 998
347 19
516 976
811 992
974 428
150 562
447 346
210 489
176 345
985 917
493 342
720 422
422 722
405 992
156 426
889 936
727 189
839 419
683 443
738 930
673 225
855 217
218 14
21 545
650 147
869 493
561 564
434 150
821 74
824 226
343 432
630 714
11 128
191 326
450 988
87 401
271 222
810 108
943 328
808 581
5 287
619 645
47 244
70 831
705 49
57 322
701 375
246 805
534 316
937 24
288 380
914 224
952 979
627 851
259 45
526 493
486 670
605 588
2 345
559 241
151 120
738 222
97 206
539 19
818 102
66 707
657 428
325 54
25 967
519 962
789 967
160 394
13 345
469 887
311 20
991 918
488 635
970 671
226 135
404 793
33 476
375 758
361 412
259 811
879 710
864 101
58 420
738 514
794 272
208 193
860 17
326 733
185 799
497 989
495 62
650 371
855 302
510 537
77 170
543 413
450 380
158 181
765 483
57 454
4 603
704 811
299 1
551 791
879 122
448 207
742 902
727 54
985 659
930 276
345 364
402 925
720 160
5 192
461 446
579 412
66 46
431 346
199 270
807 975
830 436
544 269
561 673
838 995
730 232
677 559
125 738
716 11
643 608
90 115
863 453
832 423
761 519
613 750
100 951
86 358
843 25
938 831
647 853
500 147
344 240
132 380
615 586
134 955
653 873
265 952
503 102
161 895
37 132
740 965
827 971
151 26
224 356
850 488
460 924
901 4
376 415
429 235
897 697
737 954
365 793
868 526
634 290
942 91
926 572
283 554
217 642
828 326
995 278
641 301
333 739
606 727
348 227
665 167
519 708
614 194
444 718
907 174
504 289
710 689
350 944
898 295
101 358
926 361
40 696
512 348
604 242
862 814
152 91
355 628
979 526
693 260
384 894
424 827
612 340
663 824
778 2
817 488
176 496
160 981
733 692
94 674
294 288
367 874
527 306
177 794
574 891
830 449
703 93
704 981
834 924
86 49
949 319
96 773
799 193
625 857
694 547
756 792
288 642
835 395
964 813
415 955
346 580
75 14
849 621
739 231
316 812
869 616
874 770
74 330
661 892
888 922
761 396
288 420
515 807
808 315
633 842
464 805
212 67
88 209
416 600
247 130
50 950
795 452
368 430
265 805
107 44
611 378
862 428
39 765
386 19
795 373
233 470
406 704
71 542
44 426
970 836
689 180
379 714
487 703
46 650
304 101
346 416
127 613
721 756
650 696
465 54
103 508
214 552
68 632
920 158
103 589
472 741
414 136
492 664
422 695
168 786
450 164
305 521
293 938
591 633
388 882
109 306
751 903
864 617
519 393
133 962
581 885
708 842
358 839
494 263
616 41
986 167
324 962
697 424
455 104
316 978
281 913
925 328
428 800
913 384
364 934
61 898
373 970
606 422
164 413
401 69
592 336
611 460
649 239
9 648
504 592
726 783
269 198
132 672
94 101
322 536
554 882
523 915
84 187
839 181
439 299
991 270
550 315
13 419
624 190
44 511
761 123
724 105
373 325
680 15
385 78
169 688
552 457
55 14
982 432
923 546
681 628
991 851
7 56
301 795
968 488
129 170
742 46
889 618
599 659
301 940
729 913
896 244
384 24
300 356
428 305
212 799
111 90
977 8
691 806
854 694
301 590
820 962
396 806
368 528
501 747
926 210
30 295
983 391
237 225
475 660
792 210
635 946
205 131
673 81
213 264
696 814
437 336
5 124
954 804
877 930
369 139
613 888
852 544
155 304
386 740
868 266
51 240
787 804
723 674
540 52
445 440
504 620
255 449
628 877
493 588
520 56
459 708
904 855
268 2
697 896
628 924
610 163
921 564
294 534
740 546
429 885
733 295
398 528
848 643
987 676
990 313
11 717
171 851
808 850
10 607
107 389
714 423
577 718
400 803
827 140
684 531
956 360
318 785
887 832
249 724
233 319
204 55
991 806
261 767
297 718
997 677
185 690
519 368
941 414
979 791
249 566
358 368
475 52
295 353
466 977
160 748
747 608
474 452
238 277
664 172
901 577
650 451
686 509
923 989
342 311
91 117
453 870
42 659
149 413
423 18
150 846
85 543
376 653
431 519
638 869
416 292
347 284
226 583
152 286
134 338
47 599
881 353
592 988
481 883
542 510
786 820
215 754
208 833
113 72
699 705
142 923
420 601
536 930
61 857
613 668
982 451
843 907
970 282
238 546
602 454
353 500
189 102
445 476
328 16
503 586
336 566
969 706
87 779
313 826
151 46
545 615
145 401
623 794
148 784
865 258
793 605
463 153
781 4
179 846
54 590
734 252
511 173
3 156
220 483
832 100
524 874
59 149
166 715
118 752
855 323
943 756
966 290
192 481
415 201
953 754
628 436
224 50
996 688
318 924
335 998
408 296
67 668
850 67
583 196
571 28
996 519
63 936
814 880
85 864
621 878
254 861
318 766
963 231
391 886
983 248
729 969
345 572
552 590
609 675
497 841
152 92
86 367
262 993
45 495
138 211
841 528
113 697
167 502
578 581
560 504
797 485
824 445
937 738
77 943
480 839
985 169
341 778
547 595
223 362
593 633
618 612
910 350
630 563
173 978
264 114
229 598
88 662
34 580
610 551
786 275
77 610
857 198
36 557
330 846
743 726
51 40
60 298
744 735
456 519
772 159
187 681
784 709
895 201
507 664
41 79
342 617
645 568
403 837
926 895
156 539
633 677
69 414
669 447
893 617
624 226
366 731
520 241
409 34
608 186
288 865
491 938
476 30
888 454
304 151
710 771
880 602
684 362
131 634
182 91
845 953
148 223
811 617
867 949
392 649
543 54
31 354
920 159
295 297
794 760
959 262
208 173
940 557
699 845
610 104
48 377
157 185
638 850
513 897
147 383
632 391
171 5
156 503
194 190
327 382
103 736
209 347
816 717
506 751
938 374
143 24
916 280
961 369
428 658
912 795
458 477
367 623
743 788
296 415
739 181
756 893
932 213
133 372
463 541
91 662
603 488
919 286
959 521
874 871
840 939
986 410
75 186
60 206
163 311
743 587
869 796
847 729
596 351
559 85
579 651
943 234
123 519
417 840
969 363
24 854
978 747
875 113
692 601
783 642
219 757
681 456
795 336
100 44
493 514
534 255
427 529
83 211
232 759
570 803
457 778
96 70
280 781
244 70
393 530
874 221
33 619
89 855
823 4
182 180
665 158
297 866
345 858
148 243
598 540
81 176
409 33
983 819
107 996
21 476
835 349
194 992
376 515
738 817
869 9
410 852
621 600
214 342
716 684
57 25
475 870
521 426
150 786
155 612
946 937
604 985
808 922
721 147
347 535
63 420
856 902
290 512
935 240
959 254
728 715
460 270
235 592
808 696
401 262
958 21
422 156
151 950
429 688
144 544
789 92
643 518
598 116
36 613
420 772
627 932
574 253
478 22
299 897
218 755
148 910
828 239
666 766
916 617
304 531
946 94
179 885
348 836
260 530
567 931
701 825
207 48
465 689
597 760
581 259
326 934
496 957
262 446
110 660
993 212
760 201
89 125
604 458
146 814
831 557
153 398
500 883
903 939
410 615
709 129
963 533
950 856
542 803
128 75
458 974
974 36
301 875
964 224
693 302
587 871
570 657
703 837
337 980
302 934
618 367
157 97
216 675
35 761
459 377
744 153
617 173
73 803
77 795
699 184
190 74
303 425
985 258
130 817
253 461
350 908
96 891
872 140
416 114
274 112
32 768
994 675
406 541
189 131
852 581
66 206
70 654
878 273
957 158
26 608
27 217
464 541
334 904
325 980
940 35
717 281
424 443
499 993
557 981
160 362
342 589
666 675
369 609
540 136
942 268
339 825
411 324
142 468
681 102
773 542
796 849
230 701
418 555
970 76
442 421
957 322
465 524
27 773
11 696
434 769
698 594
753 549
203 585
168 365
992 306
435 665
644 547
543 392
818 362
784 166
549 490
951 10
815 242
161 154
874 21
267 65
591 433
487 806
278 579
102 903
636 603
693 608
703 811
833 869
466 946
485 150
68 898
200 282
219 22
755 72
918 514
315 571
524 397
297 336
841 535
272 790
627 2
220 628
482 972
380 114
91 193
366 453
302 813
690 895
323 498
643 222
754 18
534 956
829 548
388 190
725 755
432 682
751 835
972 44
721 372
575 401
423 996
852 746
336 96
947 726
994 327
407 336
817 938
674 533
716 184
517 441
131 370
170 276
191 638
175 101
530 52
826 827
773 848
903 801
13 219
910 155
17 24
130 964
187 680
193 511
620 450
966 210
330 176
386 126
176 534
474 807
296 911
406 212
546 819
763 571
323 598
144 67
394 444
295 740
25 448
300 830
689 797
28 717
150 789
567 792
989 166
760 146
558 69
417 495
921 47
597 369
561 496
311 63
162 413
146 886
828 586
702 302
79 448
727 436
732 494
55 224
719 784
25 828
543 454
581 799
682 614
348 406
9 272
154 715
854 680
910 622
267 984
968 827
915 788
954 882
629 692
426 203
655 847
488 303
954 596
95 882
756 600
460 173
882 978
707 372
982 46
972 80
276 559
333 522
942 904
544 311
181 758
331 176
501 671
557 891
282 607
397 446
806 90
22 533
8 227
174 720
47 66
231 417
123 312
623 639
614 866
634 164
905 452
486 753
911 730
255 444
607 171
899 226
666 667
829 125
317 841
283 345
47 416
876 184
582 258
330 212
791 33
539 8
867 391
545 671
197 388
986 316
313 876
6 682
939 899
219 613
310 348
150 245
927 455
848 50
21 136
519 375
559 648
853 939
750 969
920 478
342 5
559 633
746 16
84 607
233 99
860 8
291 287
20 967
920 333
281 277
634 941
637 474
431 783
826 123
64 818
105 202
217 512
803 265
246 949
447 102
896 20
149 488
613 51
831 204
485 384
342 11
792 665
355 876
782 435
952 410
860 739
420 720
886 615
703 151
796 283
411 831
459 807
748 636
769 597
114 332
226 882
584 628
105 18
809 785
829 334
304 935
658 54
252 561
327 161
644 101
306 875
114 558
208 567
140 388
394 916
531 301
143 563
827 706
499 949
245 217
691 51
514 520
732 438
795 17
47 324
361 581
412 583
148 749
365 673
41 891
260 531
174 57
1000 832
936 232
205 605
685 467
334 259
124 851
378 591
606 879
845 653
453 288
220 45
42 861
615 116
780 143
582 263
182 145
591 255
330 110
174 501
541 553
819 960
271 677
11 168
891 684
512 371
196 228
253 501
243 131
342 309
77 56
152 497
206 676
255 13
879 135
555 341
773 278
717 82
80 115
845 29
690 800
693 207
569 465
384 691
532 87
578 257
854 752
264 969
431 359
234 887
532 178
57 790
904 313
561 678
375 458
622 268
821 220
949 279
346 764
332 205
117 575
760 390
393 389
378 205
605 794
381 966
341 846
511 345
231 408
469 355
363 288
626 358
95 249
558 515
118 10
139 659
946 353
271 55
804 647
435 220
109 973
863 228
994 117
353 379
870 640
641 870
872 463
308 965
771 487
191 904
430 80
303 706
783 596
878 814
687 168
357 565
927 377
268 42
966 401
235 153
221 70
849 677
80 906
233 392
883 450
277 197
560 559
906 567
896 937
168 32
550 946
430 524
180 935
78 621
405 210
79 495
12 942
926 364
841 820
510 425
718 210
498 401
940 56
978 135
637 386
34 47
555 403
257 372
444 926
177 573
593 245
224 624
834 761
87 135
271 972
293 516
898 870
96 570
795 718
195 318
17 578
159 667
570 798
129 604
489 885
777 216
905 19
263 745
473 49
238 883
208 834
562 817
389 787
622 981
839 821
97 734
521 44
473 211
401 94
937 188
577 197
62 287
446 702
857 117
985 168
791 830
26 500
223 43
929 561
550 387
753 789
202 21
499 105
151 76
337 262
227 698
58 482
835 827
378 818
591 60
17 168
476 331
352 345
939 777
923 140
231 815
69 212
533 709
291 806
737 874
176 742
193 536
451 556
89 607
221 170
296 799
813 358
709 405
654 558
309 519
36 193
885 372
710 769
604 284
269 581
220 21
611 732
336 762
172 400
138 256
46 649
766 56
788 698
867 951
375 552
324 506
517 661
521 722
684 394
298 733
651 83
216 992
841 673
570 97
37 940
684 25
111 902
986 273
215 993
472 52
350 664
99 664
285 19
507 431
949 60
346 533
204 453
243 928
621 240
7 75
68 532
363 684
944 115
94 556
932 428
60 644
811 68
722 537
29 159
639 880
110 417
52 32
734 604
830 115
464 696
415 779
762 764
912 571
714 635
853 20
265 539
710 391
203 382
967 492
571 847
352 519
832 273
45 540
65 358
571 700
293 821
792 851
778 810
122 480
729 312
161 804
644 823
849 963
388 319
795 421
374 650
670 999
567 601
74 222
681 52
595 272
523 76
351 654
664 156
301 485
706 676
710 67
801 997
754 959
82 212
580 619
121 266
547 354
479 571
866 692
996 763
783 331
228 589
899 208
819 630
569 911
508 461
514 24
96 55
387 994
45 130
653 451
486 284
552 746
633 385
817 250
566 7
803 443
860 184
590 977
572 612
242 835
371 925
513 114
552 520
590 64
780 552
786 557
931 428
695 415
593 61
87 945
812 345
834 801
872 500
323 316
667 22
275 65
775 500
548 818
588 327
551 77
60 680
556 741
541 457
856 567
41 301
778 650
943 340
565 194
472 175
442 843
77 552
207 585
209 752
194 324
964 864
344 105
880 363
313 690
687 960
954 732
839 5
348 544
421 444
795 99
81 642
987 923
752 4
643 183
95 442
201 915
109 522
573 268
814 14
641 608
227 931
953 874
81 615
176 829
602 183
201 350
810 992
345 779
309 736
681 597
956 191
98 929
798 316
12 497
548 259
267 367
647 736
789 451
183 376
722 10
153 317
963 268
746 132
455 851
175 916
751 373
385 880
63 151
266 503
158 185
894 359
932 896
206 677
203 199
981 609
51 740
489 663
608 459
225 893
649 481
720 164
938 118
302 426
151 615
834 39
857 382
30 544
566 406
968 673
421 237
151 980
514 929
163 899
772 472
178 869
225 311
658 27
930 724
914 177
981 135
451 900
530 97
457 315
536 754
207 323
689 704
304 674
404 645
614 698
335 431
368 426
965 804
452 649
254 309
24 912
28 628
729 481
110 852
923 449
876 423
556 368
606 840
884 938
336 896
796 736
176 985
840 304
513 510
827 26
273 303
760 231
414 502
896 401
71 997
225 477
588 926
604 95
418 92
863 818
718 211
186 480
297 969
101 243
907 384
266 24
732 443
471 449
445 742
879 290
87 17
824 465
163 609
815 797
82 627
678 559
60 380
716 325
165 473
78 622
31 360
873 934
285 848
981 980
627 723
419 950
648 844
498 933
817 863
621 465
592 217
494 585
995 228
632 810
304 913
446 300
85 116
657 915
218 407
587 117
421 18
795 781
653 679
530 50
678 122
936 315
124 318
114 631
448 15
674 757
970 140
296 83
687 105
286 690
912 269
681 64
518 829
151 444
999 152
162 983
697 814
148 678
844 907
922 973
351 661
212 22
784 998
608 168
168 331
220 678
600 334
368 231
141 424
166 430
98 519
872 846
447 648
728 690
89 888
331 919
480 331
154 900
604 396
515 389
149 143
760 114
499 198
404 330
484 274
67 266
837 274
280 65
580 52
81 746
52 493
533 90
954 897
239 121
439 587
613 140
760 848
774 73
970 12
391 740
509 643
403 234
560 487
419 744
357 351
252 107
706 189
424 938
663 969
748 651
485 507
402 993
261 245
762 539
299 363
617 500
360 875
749 239
380 374
364 787
626 122
517 249
811 468
83 973
921 758
321 64
967 201
934 18
256 725
21 859
170 359
711 196
786 29
715 129
843 84
937 159
350 100
84 336
527 214
670 962
144 997
786 428
143 729
40 790
114 923
135 665
118 115
389 118
230 537
982 744
770 984
314 588
9 622
801 666
748 681
804 303
52 532
588 710
597 880
676 353
804 446
629 101
843 400
258 6
558 133
391 358
567 969
112 501
849 748
222 638
25 418
44 394
192 445
926 632
504 127
425 235
516 552
441 402
774 572
336 584
888 485
788 903
749 776
257 96
620 635
462 444
36 452
223 858
984 854
521 717
134 72
245 891
507 364
307 770
881 543
642 919
556 49
647 394
851 535
247 358
943 945
989 765
975 958
688 328
232 84
103 851
342 9
436 70
578 315
371 555
688 295
302 875
547 620
734 942
954 630
994 555
591 331
70 534
844 41
277 920
690 343
320 501
820 2
155 421
490 572
142 221
770 666
114 382
528 968
805 436
863 130
250 715
761 328
689 731
527 859
398 613
558 967
724 427
980 29
875 193
586 436
453 123
862 473
495 528
922 914
162 543
58 732
350 216
685 465
925 279
135 816
690 41
306 478
642 388
625 708
954 402
537 362
865 53
831 840
250 785
337 508
728 763
233 291
291 479
816 366
943 719
951 80
2 777
245 573
137 647
176 235
160 736
196 230
513 44
107 965
271 724
693 523
662 399
353 536
836 406
87 12
487 822
900 16
627 43
768 13
18 420
860 419
953 7
717 102
954 808
919 814
481 774
800 670
323 283
164 876
660 873
82 833
472 797
125 765
237 483
165 262
83 901
981 932
110 445
680 593
113 174
222 472
60 403
184 425
317 60
70 796
492 70
417 241
666 575
575 685
479 344
722 195
782 969
108 118
927 821
188 446
389 753
653 868
675 948
659 555
507 752
501 118
978 543
896 854
842 62
678 392
917 576
365 643
297 483
999 196
710 121
13 487
362 155
219 574
310 363
791 216
874 382
395 171
966 294
129 347
735 623
495 778
1 153
83 140
622 509
858 778
840 305
789 344
756 237
286 162
548 209
879 737
715 832
422 930
370 499
284 903
964 33
875 646
370 940
555 516
2 668
765 75
812 429
474 94
737 490
480 637
372 571
252 209
60 923
453 838
424 800
332 153
719 607
389 494
356 23
581 602
273 589
424 975
26 555
246 610
742 935
52 223
678 703
535 770
313 301
544 703
63 505
302 675
657 624
472 842
289 276
698 324
517 132
975 949
333 611
981 983
450 769
89 199
754 243
863 407
352 799
21 721
999 727
947 840
416 768
574 41
353 443
207 512
562 529
174 699
361 848
364 93
580 957
317 177
344 209
917 898
170 876
98 448
923 17
652 497
834 460
250 263
896 899
644 861
442 469
186 614
244 985
945 458
728 998
571 624
112 379
50 129
767 28
552 67
292 198
421 550
975 67
615 984
656 33
72 808
812 723
701 751
244 110
747 369
513 473
77 442
166 981
480 332
903 132
413 920
713 178
825 584
36 417
922 398
301 835
505 856
519 453
299 174
860 325
43 960
607 968
591 471
650 391
328 733
826 324
773 475
831 213
998 590
581 574
649 506
536 81
976 104
432 762
363 686
551 171
934 305
113 955
648 922
521 364
885 361
749 238
363 575
165 381
800 932
138 567
782 244
839 509
197 140
462 832
995 3
982 271
394 876
624 759
363 349
94 223
4 227
374 127
191 671
253 239
563 422
350 500
120 549
890 9
892 623
417 979
420 194
131 113
244 910
979 341
815 59
161 826
182 588
109 548
330 211
832 49
196 696
886 279
852 419
945 327
193 762
783 144
657 331
275 824
645 826
19 435
334 341
671 115
598 778
569 796
733 17
76 820
662 23
443 239
135 237
512 588
418 931
704 392
354 472
637 358
656 299
375 269
180 921
400 617
333 133
119 660
500 650
375 526
836 44
430 693
256 40
901 616
872 728
279 912
56 275
790 578
116 969
66 290
379 297
519 207
650 10
56 227
91 721
332 48
886 715
388 226
877 780
532 153
312 60
539 293
651 573
247 52
428 882
947 738
469 106
436 357
131 401
653 524
928 245
89 63
1 941
952 251
683 893
616 296
247 978
781 424
964 866
344 107
435 84
592 570
517 510
576 598
479 359
213 855
325 909
307 398
880 508
199 868
292 346
153 564
139 761
411 380
468 123
515 866
454 434
112 165
224 495
421 267
126 458
18 713
715 507
785 361
235 190
187 435
45 613
20 5
340 659
435 641
129 382
478 737
617 571
34 437
584 115
771 840
866 598
64 708
525 329
896 439
271 561
84 26
577 922
675 53
452 250
695 174
257 508
441 143
685 916
161 391
889 521
380 900
381 189
293 779
572 522
404 500
337 959
409 602
525 956
925 644
557 363
180 258
848 476
170 248
831 154
686 736
358 945
843 723
915 190
960 853
928 307
686 673
756 915
960 964
152 513
504 141
9 920
51 309
968 675
915 412
184 146
369 170
852 577
925 267
514 854
587 308
915 269
402 198
916 562
367 865
978 875
908 578
250 14
359 672
655 471
472 60
164 33
31 873
44 888
43 599
818 851
620 331
530 95
182 746
532 753
112 114
990 109
942 272
503 758
931 513
490 307
974 737
938 603
903 735
979 269
687 196
619 786
866 937
633 914
45 772
983 706
361 695
413 734
757 49
761 54
585 224
732 881
490 100
898 31
139 161
324 227
201 376
844 184
903 163
172 431
698 803
545 90
957 770
164 843
968 37
767 959
807 468
590 619
850 953
263 294
470 814
915 911
842 725
468 505
812 509
650 480
634 851
696 542
90 245
256 143
119 354
11 439
674 109
342 455
380 142
649 313
242 348
320 737
63 107
336 911
177 796
786 898
164 818
591 641
578 352
469 104
893 441
566 449
60 638
578 403
317 381
815 482
82 802
952 196
98 543
587 464
808 515
302 551
710 414
866 248
683 978
170 675
890 486
51 92
948 470
236 416
75 866
424 42
396 80
255 717
545 518
729 289
930 984
843 281
97 159
313 970
334 604
306 133
41 944
79 904
117 197
295 736
159 182
324 176
453 340
127 781
310 487
737 73
40 263
386 271
561 411
211 134
858 751
784 134
80 456
684 84
418 924
111 761
116 161
444 744
927 13
569 993
825 591
805 737
974 40
25 151
483 719
120 275
690 675
86 568
68 83
461 906
49 69
206 961
228 793
157 259
677 988
253 13
613 138
358 543
552 958
206 739
379 253
215 851
952 275
609 940
133 589
617 361
17 547
825 116
937 594
220 890
721 315
743 898
70 552
713 815
553 514
237 25
265 318
777 540
212 280
213 193
621 68
277 868
39 581
687 809
102 791
469 280
252 920
596 493
299 809
283 428
175 234
141 6
605 609
198 57
295 977
330 208
719 414
725 772
305 918
148 580
888 265
745 640
505 15
664 239
562 201
211 397
70 432
488 917
932 314
419 329
186 68
993 828
907 236
176 114
672 855
323 997
474 379
391 804
341 649
882 479
129 221
718 9
940 3
287 612
589 292
739 651
87 935
423 100
228 140
485 315
553 819
965 844
882 129
318 405
194 159
312 156
687 201
102 411
419 786
243 630
800 739
428 732
512 215
731 477
234 799
290 541
330 606
76 46
330 245
324 812
223 621
242 405
834 113
198 488
165 241
316 867
619 634
14 494
5 681
887 357
325 908
588 774
790 462
866 160
633 667
870 664
28 333
620 503
822 863
142 509
473 554
187 724
634 55
192 78
800 397
654 344
28 531
602 952
71 591
257 823
98 747
693 964
344 599
572 967
370 747
775 738
281 42
524 930
567 860
405 73
429 16
836 867
448 676
346 499
236 963
441 285
118 426
150 503
460 162
764 541
357 209
323 961
286 215
71 915
771 617
777 740
68 814
380 901
452 266
929 239
78 196
2 994
337 958
22 535
584 73
267 919
931 508
24 598
647 488
618 591
582 711
502 690
603 69
786 927
364 695
271 101
61 625
327 466
535 873
631 256
744 956
476 831
313 497
283 217
839 452
695 828
297 37
705 928
597 242
356 512
624 816
812 787
860 478
175 61
251 427
400 185
678 172
554 854
705 194
687 86
265 929
737 284
221 416
776 307
62 720
920 195
377 226
519 910
832 122
887 540
447 947
448 883
361 694
988 373
316 314
947 456
55 223
664 917
244 20
879 799
509 184
556 439
483 837
927 40
750 901
660 609
186 124
928 805
780 830
162 485
772 894
387 844
318 736
393 783
546 351
267 802
362 748
915 910
897 239
315 574
581 695
604 888
570 56
152 465
356 568
543 271
608 114
217 749
933 751
747 431
403 64
134 304
742 933
282 980
450 125
164 819
596 798
557 624
688 481
507 229
958 108
104 375
584 545
750 146
553 694
455 18
304 729
612 151
479 408
118 328
249 399
833 886
984 139
787 245
40 942
403 764
61 1000
929 580
783 353
29 841
360 416
196 459
917 896
745 905
502 356
657 67
126 432
36 920
443 886
619 241
468 291
862 113
386 234
741 814
444 276
67 947
339 54
516 921
785 304
440 863
930 903
496 619
171 913
715 512
511 429
687 110
683 299
658 199
970 734
537 465
976 671
975 355
670 888
175 875
337 228
104 761
600 542
145 850
529 742
570 506
699 210
21 363
774 256
116 832
319 173
967 753
125 142
509 815
440 266
628 219
826 180
983 11
968 800
343 168
241 354
741 85
449 381
431 709
191 573
911 335
996 228
204 449
920 818
207 930
300 537
835 161
692 350
485 504
881 291
398 383
118 394
137 153
341 153
73 852
165 331
302 556
820 41
411 541
648 250
276 667
565 283
35 800
757 515
518 611
667 295
400 370
607 1
455 276
916 858
499 988
778 839
735 980
52 608
18 848
934 834
97 841
852 207
359 457
871 419
194 221
486 980
692 551
115 522
927 317
490 42
880 926
605 339
721 241
119 963
410 363
124 955
729 591
732 826
42 866
940 847
633 171
128 839
510 267
756 39
315 299
542 958
615 220
817 109
193 907
693 419
779 975
349 953
871 532
6 563
103 622
240 509
962 759
668 662
119 436
176 288
100 179
74 791
57 35
994 964
726 503
161 461
366 390
468 47
931 906
697 92
773 30
919 741
328 213
783 10
803 840
678 852
863 344
22 744
902 908
924 204
621 406
948 250
368 880
973 537
406 762
136 458
708 730
88 963
711 335
862 162
313 496
729 239
171 612
37 232
754 231
832 224
140 231
861 875
329 170
476 271
996 982
922 913
616 742
175 495
704 426
434 791
326 777
760 497
766 23
999 50
839 455
714 430
771 829
719 147
124 991
883 410
276 372
991 815
819 907
817 56
945 67
943 712
603 619
766 485
841 946
915 663
805 727
590 791
349 763
574 514
550 211
318 634
487 589
953 441
680 415
140 659
548 414
570 434
924 765
545 798
870 353
877 571
235 737
591 393
642 7
778 22
157 123
958 604
533 256
938 336
846 889
82 538
51 537
363 731
398 494
385 737
995 494
78 534
82 941
925 487
319 808
409 563
682 236
497 482
354 365
156 219
994 701
796 491
669 915
374 155
527 117
89 25
606 470
237 369
844 479
38 98
866 355
449 612
297 36
479 308
670 758
321 958
184 498
772 19
769 707
981 131
344 248
416 709
917 875
937 929
151 39
524 515
734 84
292 463
442 572
338 381
525 167
767 404
361 615
420 107
17 9
940 610
583 262
328 266
923 453
339 138
766 295
987 62
633 242
83 145
46 945
656 87
505 615
215 404
70 505
515 284
441 463
154 940
598 931
371 59
745 266
375 579
927 184
474 304
275 705
116 877
392 611
107 197
446 193
935 370
561 825
870 269
565 789
132 913
924 624
707 96
159 753
275 12
705 583
388 789
392 208
907 755
583 610
273 723
554 356
113 924
864 564
544 690
47 993
599 148
123 71
734 613
702 135
134 595
545 216
857 350
195 579
490 849
623 387
881 96
274 78
627 427
706 77
725 479
981 69
956 645
957 188
759 240
762 852
155 110
1000 705
468 991
307 91
994 419
244 518
944 852
887 300
784 685
821 590
226 821
644 969
813 558
886 108
268 485
306 48
227 526
943 844
931 652
642 297
553 130
925 35
701 778
171 771
219 563
500 253
638 447
715 690
954 486
917 722
595 488
429 88
362 13
419 222
58 258
900 919
466 223
49 77
127 929
513 478
749 800
36 788
955 97
24 317
520 642
25 228
106 409
769 229
515 393
605 128
170 163
684 496
813 148
254 502
963 826
435 696
604 63
343 69
738 693
465 191
858 446
359 551
994 846
428 893
669 358
335 662
764 124
727 144
747 702
507 309
897 379
427 148
356 54
232 124
440 157
986 397
141 475
769 673
313 221
42 485
982 177
506 758
844 178
935 197
811 443
925 431
449 414
527 399
407 605
990 751
377 710
215 544
787 163
271 370
955 46
660 514
511 814
839 702
243 984
869 948
212 393
571 164
972 387
995 994
335 333
62 399
134 1000
947 71
515 779
199 786
75 768
666 741
179 798
1 514
202 389
593 860
465 573
681 305
455 970
922 45
49 399
442 214
655 76
846 311
701 752
372 186
893 872
98 918
436 526
736 28
137 623
798 340
211 602
485 71
461 901
436 701
225 650
928 733
530 769
314 448
742 768
543 305
376 633
621 593
927 918
109 381
237 840
807 252
638 95
650 9
299 429
372 749
764 191
674 147
609 974
193 184
226 554
191 248
20 496
596 855
394 557
421 244
209 602
667 509
146 77
165 255
602 753
705 986
596 252
29 384
32 172
674 599
398 847
956 845
99 936
910 170
397 45
736 815
75 863
499 955
585 542
268 478
532 847
406 436
154 405
999 847
298 680
308 545
349 54
775 574
111 42
581 379
139 472
585 888
383 331
666 411
283 28
227 983
250 540
435 642
573 376
704 201
197 618
14 842
418 851
257 215
496 771
25 51
620 964
897 292
536 484
461 992
776 804
715 809
609 302
149 195
812 133
409 686
160 740
620 746
859 930
823 665
695 216
755 117
647 85
850 867
48 425
980 802
802 30
930 993
426 250
806 585
534 568
320 664
132 319
691 552
679 59
807 966
337 168
583 671
160 31
900 281
843 818
593 335
902 617
985 37
204 895
902 760
799 852
691 375
251 316
127 321
867 150
482 232
672 408
781 346
133 982
127 214
36 11
221 269
368 207
248 128
142 479
240 777
739 289
10 793
686 904
374 324
733 259
496 754
261 936
978 682
597 820
232 792
698 605
182 442
810 687
6 628
575 877
121 340
782 521
658 619
241 943
75 647
225 246
101 395
376 134
859 627
62 792
478 851
137 965
339 491
290 524
163 185
167 737
3 576
807 49
228 913
323 418
764 547
401 857
254 837
275 704
777 518
341 591
876 864
471 476
75 261
202 883
713 581
423 46
526 677
129 549
603 163
95 775
727 675
133 102
265 438
583 754
587 759
218 382
389 797
963 696
88 670
825 319
256 718
187 850
446 321
173 859
691 290
711 223
751 558
565 149
117 654
962 823
725 79
894 245
886 273
167 616
75 150
795 177
164 530
141 31
753 783
978 119
517 324
900 348
973 770
283 370
240 821
166 525
740 994
292 427
784 844
296 575
723 817
406 239
600 164
163 486
20 613
543 184
809 440
352 445
835 627
407 755
69 37
896 596
926 656
344 640
572 888
49 221
799 41
20 810
958 426
404 73
580 162
90 946
791 708
223 754
92 777
959 270
302 462
436 841
519 86
318 365
380 62
953 210
531 749
273 557
608 392
268 647
60 787
777 877
996 103
778 446
968 512
588 345
368 764
954 607
313 333
920 675
27 459
320 639
765 687
14 247
830 864
825 234
459 100
62 195
213 93
199 94
876 646
259 285
973 690
703 350
914 234
679 289
312 753
123 748
123 305
531 278
715 21
497 902
117 275
724 301
373 953
553 413
285 506
612 459
317 834
283 350
487 22
198 79
435 395
454 485
537 631
520 867
948 715
54 526
71 612
168 157
830 659
249 854
291 89
295 641
405 449
154 195
942 152
121 268
750 865
732 820
415 248
128 938
36 227
928 897
72 729
132 175
197 816
549 937
788 757
206 6
220 358
681 908
99 847
379 463
362 659
146 996
932 539
699 240
242 893
99 988
447 30
122 498
772 967
669 329
194 875
896 891
765 480
747 669
415 317
882 188
989 760
168 902
377 828
260 892
759 749
695 522
403 122
872 9
507 497
677 672
350 628
256 616
886 638
190 33
748 635
105 527
163 733
406 521
869 757
433 685
855 934
624 696
877 42
436 272
700 613
868 337
27 245
744 865
461 586
838 671
566 686
808 65
492 95
204 939
795 200
388 290
728 277
47 111
710 485
742 947
18 803
705 593
602 613
930 940
680 807
454 438
184 566
277 615
537 744
407 996
690 192
524 117
776 489
407 853
162 536
35 282
723 213
589 36
883 593
780 416
983 683
213 663
508 521
382 54
149 895
650 948
776 711
124 985
153 485
748 825
210 989
943 714
395 96
470 548
861 301
774 428
498 277
933 524
859 820
385 315
687 598
358 827
48 475
464 454
710 621
287 99
567 492
533 44
756 475
632 233
218 358
798 192
964 232
17 829
604 151
107 841
445 589
812 315
241 185
207 868
99 295
449 468
341 238
551 111
631 285
8 501
277 228
66 87
655 61
414 645
381 878
75 399
496 216
223 31
904 143
227 19
264 46
677 422
290 798
420 977
682 12
848 796
79 636
391 888
456 901
934 174
522 647
544 84
30 855
416 711
201 855
993 243
391 123
247 600
240 778
884 611
259 128
84 107
545 751
123 967
435 451
335 90
900 806
266 639
850 121
658 985
435 624
607 398
331 643
117 158
102 194
174 207
831 875
33 954
26 522
955 71
991 781
408 130
871 235
158 850
215 263
236 802
484 340
336 676
614 75
466 795
305 415
159 332
200 179
606 586
384 42
893 310
370 383
595 778
216 180
498 96
102 782
585 288
976 559
835 791
538 758
155 774
998 468
988 964
394 568
91 168
114 203
777 999
315 928
543 264
600 978
712 268
677 774
381 447
916 414
139 851
462 928
765 281
34 891
939 164
341 345
997 358
493 659
186 913
427 295
118 476
579 858
302 535
303 314
179 328
626 419
57 932
41 367
631 150
181 365
643 582
972 266
151 871
812 867
320 161
587 421
809 995
244 512
26 511
139 692
250 260
909 392
895 867
201 883
130 337
80 688
822 794
296 1000
776 466
541 718
897 610
109 716
831 937
74 637
819 325
589 871
349 494
516 562
282 328
513 476
582 672
733 185
42 796
663 658
760 9
353 693
841 840
695 125
254 791
718 134
164 152
43 57
558 303
615 266
674 312
151 922
890 922
416 391
404 424
423 124
261 353
684 200
910 630
488 121
755 221
955 559
25 550
815 831
410 1000
584 275
786 595
147 247
609 928
544 609
997 265
32 309
379 110
363 677
825 120
207 860
868 58
526 928
327 407
122 740
991 188
384 260
774 4
194 925
398 198
496 224
316 859
778 608
339 554
835 593
674 561
469 179
365 258
339 667
982 371
75 425
188 148
753 857
421 385
443 713
249 138
72 653
308 533
441 784
837 644
437 668
781 242
931 733
434 927
880 179
328 628
41 775
574 443
23 147
943 866
41 912
940 548
813 306
965 119
69 66
662 953
480 15
667 789
610 445
774 566
866 591
480 510
816 376
85 973
12 373
676 988
913 518
291 438
758 624
892 966
266 248
789 543
56 684
665 22
296 754
922 495
428 148
46 543
341 661
604 29
806 833
823 829
537 204
45 413
727 193
417 94
652 87
54 149
539 667
510 635
518 228
502 874
337 999
284 473
603 460
694 933
952 324
352 747
720 288
223 503
372 751
765 336
289 245
203 843
749 897
151 747
190 87
695 698
536 801
664 278
4 799
955 809
10 502
937 451
496 189
901 184
226 778
423 932
669 908
943 827
303 629
913 346
1 166
715 210
735 159
496 12
683 880
118 183
869 581
636 816
36 622
227 875
98 163
219 254
677 227
75 849
633 671
795 120
500 482
250 201
650 536
843 340
168 92
67 878
377 202
235 36
73 193
516 325
684 999
496 712
336 893
596 235
529 214
718 514
45 940
272 511
692 693
974 227
657 920
883 494
538 223
940 671
634 562
881 876
188 587
906 746
395 99
159 218
241 739
646 728
371 32
640 449
965 286
663 587
958 681
485 121
200 231
203 696
366 212
894 973
722 148
336 487
744 484
172 885
621 930
307 742
290 488
73 968
609 526
556 19
946 438
121 980
983 460
260 359
501 725
268 858
716 344
664 451
995 275
959 180
302 649
378 499
143 91
57 798
699 731
593 316
411 787
89 237
803 873
492 158
937 319
921 930
132 95
26 710
589 351
288 181
622 944
71 90
330 848
378 922
23 279
639 535
612 512
863 95
577 98
28 318
923 354
30 852
518 953
559 237
338 547
852 2
391 390
598 506
14 667
18 550
870 922
303 699
988 369
127 903
628 664
240 745
762 354
158 689
32 741
162 684
684 745
79 209
462 203
136 771
600 488
875 862
713 15
920 495
104 626
233 146
430 532
254 248
827 384
974 209
530 933
113 597
546 347
90 847
384 986
383 818
924 732
376 580
198 985
884 636
627 13
650 124
924 627
964 348
363 811
949 32
950 283
820 929
649 316
632 484
741 142
924 994
337 696
667 767
194 195
28 196
289 47
96 673
920 674
502 781
30 756
939 308
902 952
816 569
356 450
765 634
643 568
476 799
41 366
316 944
100 975
377 326
378 233
643 585
661 920
424 497
78 597
323 407
190 728
430 299
657 805
568 392
416 885
148 984
39 557
117 317
961 175
250 158
123 644
287 503
967 401
36 821
607 439
596 333
120 638
27 986
299 849
47 217
643 244
365 720
191 175
15 634
466 297
14 631
903 591
745 687
852 405
638 418
586 89
879 956
382 252
496 623
305 79
880 965
37 528
130 146
996 719
227 894
11 957
693 681
36 344
275 512
427 717
858 667
327 350
970 557
96 146
371 24
832 518
546 268
620 669
257 319
42 575
495 123
638 969
898 544
773 436
367 189
538 715
975 562
245 785
746 342
916 460
726 196
685 761
9 360
769 678
717 40
848 409
682 205
191 193
503 83
345 177
437 321
264 950
727 702
455 86
593 260
540 773
345 996
612 833
750 178
398 199
976 283
260 236
706 428
321 970
618 864
216 160
611 505
260 883
339 666
314 307
359 743
450 513
266 469
878 577
630 166
558 579
835 654
819 21
178 183
26 767
291 401
697 625
348 715
541 544
456 986
149 647
633 988
46 241
999 181
781 66
912 255
453 17
992 845
153 237
500 220
192 261
283 638
456 410
139 159
582 129
894 183
144 311
861 86
452 125
534 471
112 714
28 968
358 323
828 615
668 972
225 542
90 916
881 903
733 958
661 65
440 699
152 111
579 328
342 294
162 152
456 196
807 360
468 959
96 412
812 450
617 46
659 465
863 529
318 414
321 362
48 750
215 882
952 308
730 105
40 701
864 767
762 582
134 399
143 503
178 219
503 341
530 339
895 631
507 798
365 340
921 886
565 594
540 970
863 122
773 782
597 74
585 690
640 989
164 267
355 416
321 752
794 551
365 519
403 790
390 972
780 380
113 899
733 316
58 628
735 850
405 257
649 611
197 111
839 944
453 245
218 906
776 634
559 337
600 158
88 434
292 772
245 740
374 904
784 180
631 806
334 42
708 844
525 323
289 763
841 950
917 489
371 35
79 274
524 189
963 359
376 596
286 216
401 882
366 874
650 359
558 356
475 805
858 450
57 353
367 132
209 110
677 927
569 766
555 319
521 611
295 120
25 620
814 328
172 773
569 367
509 952
536 96
242 5
519 237
583 634
220 904
685 594
511 131
289 257
199 258
627 767
366 273
953 932
815 468
344 303
626 445
476 820
791 591
132 88
777 389
9 135
415 971
915 275
240 223
60 426
544 487
977 719
890 216
999 910
265 603
892 574
184 613
222 253
459 669
507 649
992 535
95 390
429 846
302 36
529 32
88 368
586 467
459 291
116 262
170 890
482 952
301 404
611 624
953 797
644 646
277 347
353 973
5 844
120 944
514 182
992 228
844 893
171 569
797 773
11 912
534 44
438 113
205 346
315 486
120 142
154 142
766 5
72 998
988 7
969 120
549 55
595 159
577 888
593 958
328 970
383 940
21 425
495 102
78 186
461 18
300 400
413 175
395 364
966 289
73 538
241 488
719 695
933 978
871 600
515 139
894 651
309 31
129 905
829 856
816 485
238 870
318 455
357 291
195 408
531 961
110 101
826 282
55 956
42 269
461 453
981 766
95 768
65 853
817 710
983 305
165 338
937 393
792 388
901 110
722 701
483 115
933 861
271 282
844 104
99 35
257 197
139 968
126 967
126 840
334 789
981 50
657 804
882 537
351 878
135 685
162 781
469 511
201 881
899 240
22 865
406 384
724 379
818 960
550 267
754 686
559 43
926 874
374 679
801 871
749 617
571 393
643 4
634 304
300 929
158 515
948 865
900 524
174 233
214 810
305 382
167 719
92 434
457 795
645 848
387 608
159 12
714 373
286 134
870 112
998 5
710 649
289 675
168 736
800 192
742 62
29 673
584 168
656 341
492 893
842 608
37 962
591 303
544 790
160 559
416 409
475 998
665 346
734 351
802 69
170 269
680 402
773 452
226 371
492 434
453 948
243 608
925 58
32 311
669 53
797 224
194 87
697 436
806 374
460 310
431 407
695 886
536 997
95 26
999 752
569 638
807 745
810 159
316 196
706 476
188 398
463 772
605 635
507 704
697 624
173 495
266 723
487 19
240 852
596 209
64 418
192 151
340 279
583 309
532 917
791 920
978 369
282 392
709 495
529 889
36 159
989 111
975 44
264 569
742 361
802 562
767 142
272 381
168 446
741 559
63 567
390 301
803 68
966 752
621 909
236 981
310 116
336 735
98 914
172 109
727 509
942 321
395 470
604 893
555 564
846 253
599 679
211 606
467 163
819 799
642 606
181 378
807 410
43 361
725 893
101 51
160 587
567 314
425 918
646 943
498 33
962 496
835 98
530 652
551 870
642 542
224 561
613 57
797 418
601 545
983 411
74 867
275 72
26 974
280 498
65 797
817 782
137 417
53 372
70 186
810 81
389 850
461 604
839 478
363 417
736 965
753 25
900 98
459 914
99 123
118 181
625 39
835 732
196 854
433 396
716 474
240 914
761 81
864 614
227 621
218 873
36 755
67 960
938 622
465 908
887 641
637 878
619 815
235 38
776 594
128 257
420 124
258 115
153 441
850 505
992 854
923 335
619 188
69 147
767 76
163 466
793 879
41 910
852 462
529 869
737 26
791 317
225 238
561 340
466 16
304 251
845 532
920 405
520 719
957 902
617 717
45 76
200 11
188 564
157 419
862 940
336 330
297 980
690 613
987 237
954 990
572 513
838 206
48 429
301 533
802 26
803 303
128 501
43 226
466 743
363 833
933 757
328 540
703 991
94 448
7 980
53 182
392 101
897 464
77 784
902 835
560 310
320 523
651 705
428 702
303 434
214 107
161 349
215 646
588 156
333 612
517 851
248 989
27 293
730 364
401 104
8 214
49 958
122 220
767 845
312 684
423 680
680 887
809 21
991 293
403 964
297 201
649 956
465 863
247 597
329 248
990 231
112 280
978 535
715 901
41 861
23 213
559 391
362 131
969 441
292 170
75 554
900 553
382 645
670 460
55 213
741 534
615 61
235 433
805 613
779 310
774 508
237 707
329 875
11 992
799 91
569 974
315 310
436 595
73 319
215 394
376 872
767 932
534 271
862 904
764 942
671 162
964 184
439 184
675 167
975 257
771 728
11 351
795 823
347 199
9 370
122 717
103 770
769 344
510 768
425 386
601 537
929 18
90 935
670 283
133 590
218 518
554 496
972 39
886 933
687 572
502 946
360 903
520 100
731 946
332 341
706 70
869 522
947 848
948 191
187 967
977 665
231 587
984 203
748 860
251 476
217 220
456 932
899 838
970 582
305 903
822 878
18 870
666 650
776 326
117 428
264 442
372 454
35 505
821 762
538 448
60 28
805 77
211 152
874 440
53 913
183 838
657 359
741 293
988 343
681 361
314 770
331 672
46 437
357 433
768 611
454 78
788 622
770 49
735 587
663 318
712 128
619 418
124 540
513 465
816 355
141 692
956 900
295 511
500 783
980 847
620 520
287 875
570 277
788 332
225 496
121 711
710 537
879 370
352 677
422 593
685 981
100 331
816 12
113 294
780 574
716 700
228 102
360 182
566 154
533 323
989 769
467 791
412 236
177 817
454 627
448 813
998 672
674 874
757 747
204 221
705 832
523 595
397 966
900 680
636 815
857 46
415 898
951 844
655 817
299 913
165 704
175 2
929 634
752 131
607 15
746 684
648 478
734 794
142 488
623 753
679 515
295 974
226 494
248 465
84 63
835 769
286 663
32 978
182 580
607 301
574 446
779 530
799 385
836 705
433 210
537 740
934 550
900 594
465 388
992 830
462 150
358 103
654 528
269 526
54 812
637 653
793 856
670 315
267 130
840 192
676 814
594 83
104 731
125 59
343 100
589 332
627 169
149 283
945 660
493 328
935 305
574 627
212 784
945 741
894 595
176 254
263 666
944 342
817 781
32 451
450 814
915 392
644 330
501 385
304 963
670 482
484 593
782 216
985 460
549 755
587 256
550 148
330 827
147 867
701 280
174 648
507 897
381 936
80 605
706 289
451 914
584 861
805 443
438 700
576 989
4 350
778 869
653 887
322 681
785 71
878 978
283 318
122 266
486 795
969 307
328 389
572 248
210 857
887 561
448 878
966 416
235 182
474 994
382 171
364 466
674 520
942 73
511 402
24 604
172 300
687 511
766 412
633 329
906 745
677 886
503 333
125 509
453 422
383 549
422 959
884 126
741 723
323 966
486 310
837 364
149 206
267 831
965 197
859 953
362 755
94 918
764 557
986 300
510 666
295 122
155 943
392 427
532 103
817 221
276 805
828 609
206 546
836 207
375 185
160 822
61 650
730 75
298 445
901 554
294 16
351 449
192 630
344 305
292 515
678 874
166 94
596 743
192 741
265 383
30 953
252 761
825 407
653 783
43 574
818 760
178 795
288 295
861 566
878 652
380 933
331 379
904 913
722 904
852 815
448 61
781 341
784 583
288 406
404 472
519 886
939 806
1000 792
196 617
717 648
509 510
625 445
438 954
395 853
453 215
680 37
513 789
761 62
889 241
348 400
568 291
951 489
130 141
573 407
376 139
504 448
868 847
586 770
970 677
510 250
683 280
1 9
404 178
261 599
667 764
962 740
673 639
621 865
470 951
16 970
590 996
242 814
812 102
561 162
311 316
655 552
601 695
845 234
58 172
59 733
177 554
750 345
141 975
171 35
856 812
655 974
161 30
805 602
313 203
631 479
635 920
797 105
998 554
33 196
808 862
274 166
795 584
983 307
143 440
803 678
809 692
332 455
264 127
428 818
565 159
34 601
492 253
403 660
815 347
801 313
714 586
237 335
735 208
312 730
5 345
415 574
731 937
959 8
218 524
511 897
611 47
983 876
867 185
299 391
212 482
451 874
587 54
15 484
365 572
156 761
994 159
79 995
631 726
174 13
467 5
282 446
698 651
1 425
386 229
637 902
763 567
535 157
758 846
961 744
46 442
745 462
46 293
344 340
807 2
816 303
764 749
908 279
488 816
879 268
370 268
595 189
922 407
256 69
646 822
495 388
963 206
51 776
640 251
384 953
495 501
63 209
817 437
11 378
968 807
437 428
518 143
461 278
411 513
910 741
15 387
717 37
994 938
556 869
893 484
127 817
146 321
882 976
542 291
300 224
489 887
843 864
735 278
180 151
807 794
384 342
219 295
855 526
731 516
274 319
368 46
366 287
569 199
619 551
216 82
235 798
588 794
390 852
970 214
936 474
809 108
404 720
352 641
443 826
80 656
300 609
163 207
321 666
678 382
420 90
956 116
60 33
435 403
905 722
466 264
305 910
568 628
642 263
808 35
26 96
102 319
490 21
447 577
470 674
306 387
491 901
239 483
650 620
337 287
328 120
712 829
90 625
987 485
594 193
353 725
392 707
927 233
183 361
498 381
289 830
200 207
163 965
384 22
794 545
113 375
124 374
513 79
528 919
817 465
485 291
894 705
860 465
163 547
384 820
262 821
925 107
988 525
247 414
532 531
560 253
535 861
440 250
631 308
388 122
282 741
865 820
312 948
207 685
8 965
503 342
14 71
307 251
613 763
929 518
982 288
660 556
554 235
499 784
649 821
692 893
126 529
480 679
292 322
723 545
500 494
464 844
148 770
331 444
120 697
895 976
600 67
528 736
70 91
560 721
839 423
559 493
926 928
32 622
80 922
944 719
323 538
710 922
842 765
1 258
554 702
280 711
745 925
851 16
227 810
637 575
361 508
987 592
778 782
742 410
599 615
767 829
862 515
238 391
152 176
686 301
379 625
470 156
436 570
827 489
849 369
557 64
832 577
819 893
718 109
756 288
405 932
634 836
945 695
360 465
437 115
645 574
920 83
684 212
299 126
7 833
450 254
87 247
266 947
74 818
509 577
890 688
228 63
191 181
229 834
195 334
622 235
562 311
753 328
235 25
545 268
924 777
40 668
510 964
431 472
311 886
522 719
191 504
428 990
912 751
344 417
735 255
278 468
62 367
246 472
13 857
326 416
479 322
710 314
948 507
678 164
558 638
151 60
193 494
325 249
342 713
843 372
663 193
313 949
758 65
157 976
770 215
987 865
749 642
336 861
826 485
540 419
638 394
162 569
515 103
700 57
67 938
956 147
704 188
886 340
102 199
575 226
88 401
411 318
92 425
577 595
905 964
267 495
822 526
1 159
59 897
746 973
124 617
966 574
495 242
678 232
257 838
465 59
214 606
766 155
347 59
276 584
851 507
928 684
426 823
713 510
832 990
926 122
431 952
582 648
607 241
258 402
868 813
81 405
800 581
926 133
18 510
453 989
178 760
227 811
613 960
706 162
798 850
655 239
379 54
397 683
15 76
697 413
789 629
939 296
737 87
51 280
499 671
130 921
404 770
668 153
484 618
71 58
790 684
122 254
530 41
696 321
400 270
398 777
348 588
203 339
44 853
619 971
732 746
478 888
882 615
882 824
781 201
676 368
201 80
308 860
791 129
338 235
818 33
343 542
435 595
420 261
559 266
746 783
55 59
883 426
884 913
426 745
427 688
62 347
948 898
552 363
318 938
637 344
286 132
436 561
776 994
780 986
702 792
733 854
635 744
335 750
79 593
33 276
841 685
474 398
294 413
205 46
8 630
923 915
665 12
275 448
204 362
898 862
574 695
479 177
850 583
302 858
48 597
268 798
105 388
323 477
350 934
186 975
539 288
415 878
19 165
113 2
421 217
705 838
833 265
229 636
838 538
450 891
968 740
436 314
518 712
702 53
406 726
833 186
856 325
708 750
639 602
450 746
14 27
201 560
473 827
455 383
26 429
759 173
961 30
504 607
302 278
458 63
967 480
441 221
153 550
84 202
909 423
583 16
878 564
114 993
596 365
641 954
528 276
182 501
572 69
629 404
779 613
106 179
435 687
461 659
387 560
369 518
136 880
448 546
15 780
715 548
132 1000
520 726
745 425
428 115
50 957
343 256
182 134
222 647
335 940
158 943
803 470
287 841
953 421
438 431
258 577
580 140
659 759
34 938
93 539
629 633
337 73
988 744
497 771
9 319
262 923
985 534
17 996
56 894
241 262
973 205
281 691
856 997
807 74
178 640
270 208
754 79
275 186
99 414
9 106
997 441
599 341
271 302
593 356
441 535
744 160
341 54
92 892
289 216
274 401
424 318
778 513
727 993
581 531
825 490
593 518
833 55
620 345
622 193
531 312
593 106
772 182
442 689
725 242
156 691
340 80
841 493
771 502
745 841
321 613
371 491
509 349
728 936
446 815
567 945
444 468
482 515
637 589
709 448
124 864
857 629
879 946
429 409
362 76
828 289
560 911
633 335
337 378
927 712
784 199
883 275
391 179
461 921
462 402
871 850
713 368
91 420
932 726
93 718
573 708
208 376
506 885
275 177
548 390
988 861
312 422
572 540
996 368
924 757
67 92
323 230
799 138
813 443
275 395
612 672
300 550
464 48
968 864
255 880
973 241
854 348
583 630
565 999
570 783
111 365
521 321
795 622
613 939
705 669
194 410
682 103
26 707
597 264
730 363
421 200
643 592
424 282
209 712
710 424
549 870
916 939
278 324
705 40
152 856
942 687
356 664
912 398
521 983
147 607
351 86
680 777
23 97
245 49
317 900
176 536
889 961
876 245
861 839
164 9
862 416
221 40
174 102
598 939
452 780
897 649
645 727
850 363
944 748
926 556
778 625
182 300
494 238
274 859
584 838
853 901
140 880
16 814
698 838
510 347
741 612
565 279
598 955
968 448
915 699
718 172
985 771
863 806
668 816
869 145
509 770
439 928
456 868
65 670
119 455
278 392
410 879
161 163
380 17
769 300
826 183
980 956
802 428
161 28
238 34
904 484
392 216
375 159
621 675
547 576
454 522
915 228
99 329
377 623
569 599
627 735
242 323
316 990
354 265
470 64
835 490
433 670
536 909
848 879
249 406
373 972
602 402
434 256
346 596
778 985
982 361
218 522
735 99
413 219
725 860
120 532
969 751
442 617
334 571
905 555
544 229
356 771
443 735
744 14
767 291
89 648
515 932
438 533
314 559
791 19
335 293
117 90
889 433
483 612
202 504
41 958
760 450
763 713
231 119
827 852
899 291
828 395
233 909
480 121
867 631
561 256
555 801
314 583
215 37
823 128
534 93
650 630
598 852
150 453
102 962
55 472
495 17
8 793
11 158
730 602
323 896
24 35
923 997
547 945
627 127
574 602
422 679
3 835
902 93
336 420
100 453
797 297
964 302
472 612
243 728
755 163
114 233
264 848
122 748
138 841
727 25
655 812
806 392
521 264
427 285
660 837
990 580
725 665
998 679
852 42
289 461
293 269
422 99
80 342
868 183
544 325
831 252
539 474
662 794
260 233
194 373
752 884
71 25
271 491
276 811
667 318
298 439
429 607
654 40
303 58
269 246
472 510
988 556
916 867
666 634
870 746
640 505
896 971
731 804
607 153
476 397
224 478
648 336
545 568
31 989
178 3
417 857
126 469
566 918
823 584
739 382
23 169
834 838
469 753
202 284
149 755
611 952
741 841
830 666
192 282
508 764
453 173
185 711
990 476
478 752
943 590
875 908
514 122
474 559
994 615
609 56
211 54
81 903
784 220
751 390
530 424
774 443
493 27
104 591
853 814
328 951
239 195
733 453
211 610
715 582
30 649
284 625
945 649
626 974
920 121
149 393
686 608
214 353
236 632
282 207
459 330
812 334
975 898
816 777
180 881
301 719
655 768
142 877
788 167
367 584
778 349
781 874
910 374
692 436
539 664
394 723
62 23
670 762
63 314
985 416
87 416
345 1
94 388
60 556
556 617
981 916
763 777
739 222
140 886
498 624
818 723
670 624
714 896
142 169
626 372
330 905
829 433
912 674
865 389
20 684
773 666
795 126
300 688
514 538
918 376
781 586
503 660
92 673
109 765
607 258
576 254
909 992
643 64
899 490
411 895
634 287
794 349
747 20
456 109
510 114
404 955
97 447
499 511
999 442
567 854
608 813
339 717
537 487
132 973
909 543
401 996
920 264
172 77
724 990
966 611
917 101
149 113
685 905
358 83
30 198
837 734
822 34
271 728
328 802
238 293
790 694
279 969
105 144
146 594
20 207
78 381
523 208
466 739
127 587
593 20
306 675
281 654
342 33
143 48
170 126
800 793
255 593
837 271
132 182
939 206
647 529
452 291
282 630
691 718
571 932
826 839
866 376
312 749
9 871
106 677
677 304
494 664
758 421
78 987
212 457
291 986
312 543
496 268
64 192
778 772
861 981
19 664
593 771
596 166
236 426
410 103
210 560
641 530
457 145
738 354
656 49
149 924
165 909
926 700
512 912
343 346
440 939
851 159
176 933
598 952
875 741
159 164
660 511
225 488
278 594
195 208
227 732
57 279
534 259
298 747
455 152
423 324
928 686
600 699
431 981
270 419
162 106
148 41
725 817
742 881
55 521
161 162
72 323
474 91
836 146
650 102
531 729
971 558
453 987
133 989
564 407
470 118
129 686
226 746
616 62
545 102
864 507
90 397
530 725
419 249
186 920
696 661
730 221
454 821
14 616
511 684
722 888
521 94
174 596
247 870
322 347
967 105
880 337
735 221
681 493
136 395
891 232
285 758
258 38
126 317
256 996
222 51
919 379
761 419
300 745
545 930
640 922
18 866
754 600
656 978
583 191
986 647
588 727
257 939
274 523
404 686
167 255
176 517
908 206
676 370
490 429
914 571
900 634
650 789
170 859
979 163
942 21
193 746
140 55
337 656
770 154
771 239
116 406
633 36
582 159
567 873
41 581
366 602
556 510
371 192
193 177
288 992
720 767
297 886
194 714
470 615
806 973
534 444
901 983
99 859
524 322
456 168
822 740
936 746
404 448
812 69
280 78
788 956
341 619
825 822
627 126
521 557
977 19
63 210
379 55
823 756
717 81
95 589
684 158
370 343
581 546
731 93
950 761
682 907
720 202
114 121
30 732
759 363
225 944
428 755
677 692
569 27
164 857
651 550
937 607
275 160
235 500
591 878
121 311
958 167
616 26
924 883
73 401
764 114
530 470
549 586
161 281
365 217
347 626
8 436
135 146
108 381
131 462
145 158
327 178
622 733
822 328
164 285
117 283
446 983
801 548
273 131
202 59
899 211
349 184
743 857
47 433
343 990
14 682
487 730
476 317
938 995
938 518
631 695
943 875
896 746
917 652
404 561
44 488
822 539
568 998
514 356
681 329
521 909
238 951
275 546
576 351
558 483
279 710
393 659
727 504
659 648
418 38
699 155
197 853
208 646
172 249
101 173
717 581
711 932
693 425
37 993
816 44
995 127
9 24
122 670
484 25
674 57
490 528
198 795
489 677
471 269
608 317
755 190
719 539
436 756
501 762
708 776
216 582
950 709
400 578
437 318
220 930
846 922
685 616
717 571
95 839
759 508
890 637
584 532
365 189
976 366
578 46
193 116
179 393
716 96
554 71
740 366
961 79
940 626
453 760
205 6
365 479
801 608
80 593
834 358
411 219
657 231
406 10
1 859
329 374
572 406
645 334
403 943
888 995
83 937
343 781
486 392
757 783
904 727
507 332
505 390
639 303
676 315
875 77
918 91
615 903
46 390
419 48
774 634
560 562
758 949
82 170
706 784
447 614
874 158
512 949
430 912
648 469
203 618
983 87
447 759
694 348
309 754
898 337
738 528
388 743
561 41
621 889
223 685
24 493
704 543
483 560
506 883
50 641
312 424
55 688
258 978
280 134
688 3
319 239
79 772
569 256
822 210
825 878
772 931
275 397
919 972
441 117
426 227
603 33
721 94
996 80
191 182
98 328
200 603
685 588
502 824
229 976
107 71
12 954
363 610
414 610
308 481
536 772
241 2
580 178
189 290
299 686
630 92
946 26
434 395
255 199
346 719
256 763
58 513
338 815
514 810
946 929
39 689
122 217
621 1
420 753
743 562
563 184
781 337
718 980
520 197
313 841
779 880
283 688
389 740
982 557
503 99
969 322
843 361
611 789
829 182
616 701
526 334
469 711
272 13
520 803
631 639
28 594
926 899
657 382
913 788
1 498
76 925
628 743
790 178
996 835
300 842
727 749
430 829
527 721
343 740
733 60
366 703
112 554
370 514
278 881
462 210
335 832
802 631
430 940
659 994
362 942
720 788
827 40
98 996
894 64
56 764
474 663
951 139
662 346
996 560
617 829
195 211
909 659
768 809
297 599
827 502
465 73
305 480
306 450
257 325
702 625
59 721
902 119
45 478
671 318
425 359
20 564
459 388
594 313
868 808
760 689
104 53
431 554
877 678
401 515
642 707
95 761
355 836
251 919
983 350
695 586
700 985
920 848
243 571
523 477
797 22
1000 414
433 771
52 83
234 858
55 856
596 656
498 983
445 188
1000 301
159 942
693 843
152 920
880 338
847 950
978 835
207 535
834 319
207 678
415 570
307 421
199 915
383 246
384 311
944 846
682 98
161 952
770 966
952 925
827 539
246 438
653 955
329 159
168 27
341 44
762 175
121 29
196 585
40 469
849 865
10 693
227 905
857 514
822 572
600 348
804 110
625 703
541 921
430 968
434 567
608 982
326 617
177 283
992 117
868 307
500 788
145 825
598 140
521 882
918 988
133 636
993 702
98 236
57 306
646 810
149 258
43 259
371 910
797 694
245 873
567 300
866 275
474 397
397 475
828 606
959 390
780 571
765 467
233 802
52 354
287 517
73 905
828 815
389 53
624 812
276 985
206 542
320 729
375 821
261 406
511 621
864 746
533 151
806 848
669 15
786 877
237 13
263 200
995 161
388 17
356 766
449 5
285 951
80 574
754 264
282 943
66 774
750 572
397 430
626 334
203 483
919 297
758 371
631 995
545 988
758 783
972 437
645 361
231 627
452 529
392 50
790 425
460 752
981 306
71 462
978 728
425 744
718 558
311 236
27 733
908 66
362 196
434 761
735 517
278 846
107 859
120 93
230 38
710 860
567 253
816 232
718 142
295 414
330 96
396 129
231 712
953 426
472 272
543 5
381 172
698 94
752 985
262 15
500 526
124 370
513 67
774 106
778 121
36 949
102 601
30 394
533 497
517 924
794 975
143 765
363 744
328 629
916 350
96 753
760 600
925 24
412 205
466 723
696 960
380 313
231 255
869 363
213 407
360 949
605 302
42 225
170 442
227 39
467 532
126 827
238 933
207 606
69 203
48 801
269 135
535 684
960 258
378 923
855 671
218 704
240 904
682 307
847 543
779 855
523 929
359 401
785 58
490 509
926 896
598 470
212 149
895 176
698 732
349 12
336 885
79 935
637 985
432 344
417 724
469 659
679 768
3 291
933 626
785 501
418 758
275 867
831 894
562 225
600 276
968 344
326 550
600 156
798 412
33 518
36 107
414 389
53 412
423 329
25 170
281 336
615 938
285 360
72 789
471 93
236 838
719 811
606 854
128 92
868 678
741 432
617 98
530 859
603 435
475 804
994 780
884 392
78 323
526 727
911 283
952 360
612 306
298 934
134 320
583 627
983 437
472 973
569 481
185 488
759 338
560 300
33 172
252 272
75 297
78 652
852 743
65 243
156 46
859 489
493 875
160 408
17 257
291 766
74 754
620 915
688 686
672 35
361 870
235 845
236 34
939 639
182 743
934 822
296 102
390 784
122 440
107 164
658 812
738 30
408 719
92 220
66 643
430 96
468 275
749 638
878 866
520 804
226 477
600 210
763 558
123 847
235 137
110 871
104 634
554 527
629 73
885 255
889 244
121 354
72 826
201 465
602 399
956 286
653 346
909 944
713 55
3 573
817 81
598 958
885 386
506 69
962 737
409 743
708 397
93 586
592 622
208 359
800 65
102 775
175 953
661 130
755 91
718 77
974 507
985 75
154 708
410 874
413 89
842 809
397 461
204 322
560 490
946 911
375 235
428 649
584 335
837 867
877 822
470 116
364 655
881 307
368 191
981 872
104 212
584 734
434 477
551 10
772 866
649 6
942 893
579 837
804 627
190 668
423 612
544 427
853 159
307 55
716 169
994 455
388 348
31 290
583 923
624 840
827 685
458 24
800 227
808 302
256 917
938 657
353 151
465 957
373 92
787 11
72 745
435 441
224 420
991 660
574 388
313 823
965 777
676 380
823 511
884 767
338 231
598 649
965 922
947 387
987 766
288 772
58 678
455 872
872 814
984 700
713 66
195 45
292 859
721 575
261 660
355 617
335 807
407 634
87 11
802 920
205 843
508 60
371 115
618 208
266 205
211 909
305 289
71 958
385 201
298 570
817 206
159 299
806 850
110 447
401 703
563 29
264 629
428 312
981 310
772 981
55 763
96 392
149 370
647 407
579 435
29 988
301 599
803 749
879 94
717 79
848 258
167 114
981 844
587 943
916 443
130 416
469 557
293 697
521 427
868 35
568 223
151 956
52 935
34 630
436 262
211 183
586 726
691 520
758 237
291 694
971 8
130 744
661 828
403 548
170 761
192 849
134 852
670 682
622 739
787 906
14 598
147 555
921 700
453 30
840 812
801 570
469 412
217 435
701 65
390 984
582 98
469 525
142 413
420 71
279 284
136 534
981 418
344 985
515 18
349 88
575 862
282 403
690 52
343 516
699 334
625 151
79 224
427 515
260 501
505 699
289 614
676 118
325 352
941 22
859 693
805 551
383 527
158 915
750 585
953 425
928 889
301 921
893 95
271 705
163 968
822 545
812 43
206 814
869 214
854 618
360 506
12 547
716 591
309 47
204 315
850 773
391 569
985 538
409 101
440 417
525 459
462 630
428 578
432 660
307 800
554 291
356 307
765 585
334 488
882 999
204 255
886 999
407 314
374 139
284 167
855 952
805 323
215 634
43 712
728 368
81 897
40 550
334 852
49 996
191 673
654 11
964 999
363 196
862 174
576 979
80 738
841 703
527 936
452 630
633 343
793 598
421 317
926 794
523 615
948 514
183 791
644 795
3 149
261 953
649 619
227 627
106 768
896 712
5 848
546 648
230 481
414 398
840 437
128 529
770 382
662 205
498 576
975 446
889 825
29 576
417 422
272 495
479 684
656 261
659 678
988 938
721 801
99 917
146 546
500 764
323 93
654 899
548 386
129 820
314 376
777 608
100 265
262 1000
894 663
937 874
297 923
738 995
781 937
263 470
581 599
105 294
288 291
181 121
254 641
937 763
630 792
186 673
705 631
266 170
558 737
233 650
532 220
644 502
293 736
649 408
359 867
307 828
513 761
364 827
844 237
517 145
616 84
268 945
223 1
636 254
428 987
216 241
694 159
492 38
867 50
523 750
285 751
515 686
2 487
717 556
260 819
208 516
302 338
288 428
161 914
363 182
278 203
300 663
861 939
815 16
691 458
710 334
16 358
805 42
684 813
745 975
226 363
814 344
690 154
799 524
880 244
395 756
206 392
528 336
620 238
975 124
409 91
59 404
929 66
797 377
826 955
234 466
491 947
646 968
75 688
187 90
462 208
242 582
428 55
230 239
103 375
309 724
201 507
220 433
992 474
152 145
776 971
953 171
147 406
755 941
522 374
940 41
409 663
953 215
15 663
56 988
128 57
276 225
224 658
246 851
615 510
182 626
163 529
592 653
807 223
812 386
778 62
411 571
85 448
894 514
660 62
826 290
920 803
649 299
868 953
800 713
623 887
570 815
440 200
677 788
604 514
592 58
886 956
52 972
109 237
181 736
511 681
916 629
757 641
612 132
960 685
467 463
854 201
392 287
472 119
436 466
535 614
1000 52
207 529
93 394
386 810
635 331
835 669
343 576
567 678
836 541
222 193
614 711
490 281
406 114
95 482
120 758
838 14
453 36
791 156
959 958
287 173
35 220
254 464
1 476
720 980
667 771
210 938
853 564
712 696
343 650
310 497
385 46
12 331
658 725
899 666
530 428
392 813
155 711
747 511
361 72
236 888
913 714
115 121
208 437
431 773
395 307
159 298
826 117
699 225
920 242
264 630
73 574
99 570
318 280
410 847
785 905
122 465
137 426
180 885
780 644
769 701
453 956
42 489
613 926
489 1000
801 26
94 541
99 361
854 11
602 80
900 240
441 766
706 50
467 634
964 750
948 235
640 684
75 65
464 568
321 961
801 479
431 12
352 953
294 828
479 368
31 699
838 556
628 869
867 748
147 554
369 590
779 813
446 986
840 813
602 660
253 744
753 800
153 986
317 855
322 719
549 28
516 363
545 685
761 15
503 978
625 712
885 182
409 19
609 719
328 221
36 278
720 847
349 377
182 990
214 697
451 281
346 481
625 965
736 185
864 110
662 145
693 517
987 360
129 190
349 539
522 447
334 241
898 618
278 603
780 586
124 396
972 674
989 604
833 684
172 794
781 900
675 843
806 601
440 418
259 934
406 843
19 412
273 85
933 520
720 169
579 254
485 527
257 678
460 195
743 980
730 225
234 360
868 343
670 485
873 767
964 706
187 919
151 816
28 189
692 212
281 947
344 122
588 933
754 445
998 325
298 407
283 489
982 661
108 2
511 71
676 54
352 564
155 844
275 269
821 650
933 448
61 792
4 468
481 1
288 623
453 107
315 134
957 331
300 978
676 396
874 507
430 181
412 960
823 343
940 657
304 243
788 557
475 378
495 887
172 442
138 358
897 314
491 756
148 307
167 753
767 311
766 97
324 412
695 191
128 175
534 379
722 251
673 888
642 984
613 355
635 663
941 684
319 232
622 403
380 10
362 525
721 962
480 976
579 444
800 575
546 47
506 592
604 793
328 516
384 790
5 170
777 833
427 200
506 707
911 138
40 755
204 62
367 978
688 499
362 604
259 672
959 783
639 827
397 274
159 951
843 814
56 492
757 684
304 998
781 620
782 191
605 872
379 806
818 755
395 654
558 529
260 828
848 275
853 475
285 671
143 609
922 804
616 529
924 378
343 786
941 957
731 864
184 733
563 91
70 185
861 834
584 326
297 467
5 802
120 842
773 756
24 428
384 505
391 158
339 153
395 219
830 688
37 414
335 845
727 607
417 464
842 403
384 263
917 419
901 878
484 408
127 636
239 150
646 690
651 200
689 413
11 105
105 86
451 126
589 444
93 557
295 305
285 507
286 76
759 282
275 317
239 116
979 549
693 287
161 166
76 311
773 471
119 371
525 802
983 490
15 436
823 541
458 755
720 226
848 439
26 927
940 479
856 930
857 954
372 472
327 279
519 671
668 497
378 285
289 292
989 983
186 932
705 892
882 812
540 938
174 600
798 630
578 447
867 81
913 402
766 801
35 643
329 418
330 973
592 488
221 357
378 342
921 599
1 561
862 502
934 931
642 195
785 145
831 978
80 969
192 307
466 430
675 702
197 46
932 87
185 686
727 457
999 105
802 551
430 860
520 544
855 622
528 91
585 30
513 297
721 669
2 814
591 16
426 610
339 403
949 598
953 403
664 986
633 507
228 953
860 166
608 55
665 432
439 549
498 419
246 781
962 626
194 1000
485 167
747 540
859 998
971 736
244 315
426 279
262 945
726 394
30 429
180 346
254 591
994 491
461 271
7 903
314 714
298 556
556 860
939 108
138 965
160 885
323 451
825 133
521 156
189 502
282 648
707 361
474 256
126 398
844 54
368 327
340 819
28 43
946 610
325 615
928 104
808 379
877 203
880 369
915 338
899 825
60 363
490 600
164 281
865 636
960 342
527 967
328 401
516 340
204 549
689 904
529 231
726 800
417 717
184 772
315 234
905 804
801 907
306 299
804 719
699 320
202 360
974 970
318 878
232 747
768 583
537 270
816 371
763 822
234 168
642 211
182 152
590 773
496 867
387 980
194 554
379 618
841 785
988 960
241 589
665 483
759 775
871 949
285 306
768 788
987 152
368 840
555 444
244 743
404 364
689 310
543 407
287 597
864 828
846 252
868 796
299 11
63 242
989 716
591 552
741 123
389 22
63 67
138 790
711 599
720 170
705 538
405 732
264 960
753 310
19 86
312 972
932 176
485 671
128 358
716 13
38 225
648 821
441 537
479 433
248 825
299 727
696 33
115 588
950 874
758 291
61 945
759 30
246 503
13 814
145 126
878 760
401 20
679 505
238 539
518 569
23 373
448 41
467 375
31 670
947 1
878 619
948 733
517 383
559 148
230 554
436 71
126 619
992 517
919 44
297 357
773 970
11 563
653 960
748 66
568 680
914 492
183 785
719 323
775 557
151 503
248 356
117 774
471 645
783 754
110 846
351 766
559 347
217 877
141 398
442 279
7 357
279 512
490 131
721 517
775 864
483 854
620 569
859 659
495 964
827 113
719 903
315 325
843 644
214 902
319 309
46 727
957 895
245 957
29 864
250 997
471 463
935 380
132 639
738 782
524 405
157 220
217 625
508 48
474 64
495 298
466 732
450 249
363 824
454 657
327 669
863 639
220 531
557 492
760 520
856 967
18 292
705 742
189 461
976 933
549 634
854 449
363 614
308 493
493 983
609 854
60 606
337 619
446 343
428 838
957 574
787 121
865 873
169 178
751 855
887 56
169 195
38 495
44 872
34 505
839 219
937 250
26 286
120 621
355 454
505 53
417 939
127 170
540 267
335 441
675 926
675 564
89 551
435 463
442 433
150 102
830 708
136 976
787 186
805 778
718 613
844 992
816 477
528 481
272 303
755 736
615 52
505 625
859 590
845 559
441 473
365 309
650 559
23 547
390 482
138 283
253 68
435 907
257 447
276 397
774 388
577 886
262 168
245 992
29 723
110 455
984 880
452 206
989 481
703 695
261 480
105 805
360 421
347 161
664 157
115 445
225 717
490 770
449 753
858 351
181 42
384 836
593 218
832 517
777 787
807 660
985 592
569 401
309 150
113 829
954 733
612 465
117 861
66 493
998 546
566 294
716 375
322 453
388 294
961 376
708 979
750 50
273 862
330 665
223 214
5 431
407 271
941 851
288 125
496 240
977 716
117 736
136 33
299 543
714 626
874 892
985 189
551 340
187 591
118 101
265 637
253 706
713 460
52 659
326 22
754 597
993 267
353 148
207 305
524 725
464 779
784 810
892 715
586 362
794 554
460 863
653 8
395 792
144 24
607 321
59 343
796 560
446 967
700 769
783 810
805 814
699 295
801 564
171 910
499 269
373 492
283 540
694 510
434 672
54 857
571 353
718 496
448 173
63 517
118 592
157 576
768 747
749 786
647 315
81 109
257 106
976 654
666 198
334 104
409 855
391 931
762 70
234 196
508 299
920 325
727 320
180 517
732 506
309 423
186 402
613 297
425 939
86 699
731 178
185 218
39 211
756 359
759 576
873 197
780 728
986 492
270 477
881 754
521 417
295 58
156 476
470 36
89 763
642 675
976 222
596 978
209 334
694 759
203 808
973 260
901 39
668 470
190 54
47 907
484 727
416 95
75 498
424 698
385 852
541 241
528 816
204 444
15 222
420 910
740 375
703 333
246 488
986 979
626 330
661 825
965 551
433 414
35 702
957 341
292 343
596 261
524 618
535 38
696 467
114 792
867 298
2 172
411 272
715 366
700 410
168 251
41 883
424 133
394 900
106 811
658 898
370 868
560 700
603 788
804 63
667 565
805 962
165 611
813 439
119 976
210 908
317 680
272 375
37 569
813 456
119 833
233 198
196 478
680 259
348 177
31 226
559 533
200 104
932 697
127 567
275 662
148 136
521 658
157 754
428 136
927 870
270 671
493 430
629 578
216 813
587 878
497 772
206 860
890 821
318 314
394 362
161 109
90 189
18 430
953 207
758 953
113 884
4 749
223 507
705 616
924 910
194 239
362 125
552 793
312 94
5 197
104 128
251 83
488 383
217 935
859 272
18 336
888 440
720 58
518 397
441 687
707 324
371 635
394 735
702 73
498 539
54 816
48 854
468 839
35 892
1 956
593 750
579 943
394 896
382 422
990 667
903 853
316 81
840 843
3 9
477 962
574 496
316 448
487 41
625 392
442 410
171 808
98 264
466 484
396 643
106 158
912 101
714 465
352 114
64 678
562 157
466 6
361 484
568 886
328 251
116 122
950 207
917 510
367 427
711 194
742 109
10 314
928 809
879 332
112 880
811 932
189 776
704 532
297 962
546 331
125 214
219 17
493 402
408 54
281 630
599 818
780 616
569 267
860 257
132 787
110 229
586 984
534 603
295 109
704 818
246 997
617 247
894 741
74 826
881 698
298 930
523 295
877 846
15 451
935 50
518 478
385 754
649 413
579 220
411 894
583 764
730 80
640 328
234 867
273 881
735 449
441 715
759 479
635 213
345 103
118 380
190 857
596 607
977 683
621 172
339 750
503 419
566 647
808 423
517 449
900 479
596 462
977 708
299 976
302 337
622 670
754 558
717 698
558 902
135 723
579 681
442 463
649 571
357 720
908 800
156 541
841 259
235 252
705 241
348 821
760 429
717 692
651 415
107 343
469 804
474 638
400 885
898 236
718 405
222 548
371 234
728 681
529 968
685 197
577 964
543 187
306 722
860 45
382 313
332 598
24 351
371 8
499 255
229 426
56 624
466 949
442 556
3 735
923 798
968 165
306 820
474 434
980 181
521 571
168 813
397 915
803 757
732 309
237 881
601 758
530 714
547 784
34 797
722 313
204 461
904 491
479 837
906 345
191 209
673 178
359 819
354 401
192 572
797 17
600 983
181 892
100 876
723 343
15 197
626 468
627 597
222 283
591 950
155 462
374 246
105 835
584 257
386 694
44 958
619 562
446 594
51 62
624 844
291 623
553 320
365 418
478 195
64 179
981 168
1 646
473 961
404 709
847 723
294 753
540 249
70 8
828 188
496 571
762 168
671 534
800 453
936 5
25 298
903 579
879 960
100 968
499 268
215 472
253 773
550 627
442 180
297 751
50 913
414 438
589 636
295 497
409 854
67 66
647 237
176 214
603 721
417 220
627 215
205 85
498 417
851 415
391 832
270 563
399 341
707 188
725 673
987 541
290 292
842 841
95 587
890 641
332 62
617 344
431 698
158 390
307 968
147 115
186 983
981 776
817 799
982 51
86 100
696 920
781 545
29 284
164 549
700 599
683 771
521 124
672 240
412 315
341 395
643 401
293 104
930 811
142 65
459 705
687 937
370 899
277 597
977 197
525 143
709 690
322 714
149 651
434 547
23 166
904 688
351 575
691 200
415 456
866 894
667 883
656 224
692 678
344 588
571 287
348 108
684 534
280 756
372 26
619 491
854 180
548 37
16 222
434 581
935 999
172 62
738 407
940 831
372 137
599 602
861 475
774 434
999 365
396 536
471 180
236 863
712 904
646 888
704 521
745 179
48 45
93 692
747 621
968 110
492 852
663 939
775 173
603 426
362 532
129 861
204 311
153 327
314 467
946 960
621 578
858 276
622 357
548 584
955 252
919 791
960 812
526 623
690 809
86 934
623 234
87 844
350 906
8 455
119 91
539 526
703 275
319 538
123 397
514 832
531 98
770 758
591 346
535 570
563 172
598 158
66 871
602 341
879 405
675 806
678 38
570 695
938 819
830 893
264 286
981 255
231 496
622 643
753 880
537 771
853 501
118 930
967 333
537 940
640 530
494 993
151 384
525 179
801 843
288 610
733 304
210 476
74 159
404 620
150 891
960 84
287 209
662 999
956 128
129 879
49 420
365 942
663 267
25 403
813 410
698 938
935 907
96 8
408 180
618 133
413 957
766 21
270 862
749 762
914 942
20 769
78 59
225 453
262 194
375 591
410 880
983 780
50 552
508 364
935 745
693 359
723 307
160 755
729 966
513 49
918 743
855 423
396 866
254 570
916 25
993 698
133 849
306 196
730 831
52 295
824 399
843 605
369 824
636 421
232 16
366 434
778 376
251 126
233 543
329 728
916 750
846 619
27 385
910 452
843 803
330 754
848 891
631 128
375 326
752 487
970 418
643 600
19 338
611 428
497 188
443 558
844 765
707 579
216 100
867 448
808 424
718 943
645 283
973 702
867 135
540 103
340 13
178 224
839 213
148 952
957 394
597 995
141 125
911 617
199 715
149 594
403 830
603 80
1000 770
438 944
598 629
174 110
841 147
457 154
188 798
997 528
852 501
586 69
954 325
663 303
900 931
477 249
244 101
372 82
318 951
67 373
521 856
831 639
614 69
73 49
965 485
324 499
626 559
128 142
31 198
373 637
704 625
628 208
669 402
979 550
873 925
30 436
640 152
16 738
440 817
683 346
781 969
211 769
946 795
912 919
967 947
18 262
990 592
699 415
612 418
962 209
360 867
714 670
752 549
682 176
100 877
144 719
848 871
561 402
859 638
969 949
181 541
455 402
188 271
748 855
977 962
582 610
853 508
467 305
179 229
880 54
136 656
109 419
328 11
784 812
141 97
537 612
663 252
832 56
529 248
269 829
130 69
888 767
727 798
124 817
876 352
895 452
953 837
275 817
376 60
711 236
119 974
102 152
448 991
893 739
417 512
634 705
89 844
704 447
563 628
33 705
106 393
91 375
814 359
21 96
685 953
978 197
674 330
50 752
72 392
893 178
594 501
870 334
590 121
759 578
650 434
545 328
375 853
357 506
910 576
33 412
587 981
859 104
459 422
441 951
349 838
621 255
708 787
251 984
293 723
720 193
479 184
928 286
674 782
566 256
808 804
523 511
891 153
364 895
769 595
85 817
26 656
706 14
782 203
254 875
165 52
428 927
469 325
930 697
700 711
739 59
304 816
710 488
857 932
307 391
844 358
166 382
123 703
714 886
255 426
847 694
204 660
56 974
876 166
735 877
919 122
46 2
139 428
175 474
788 823
240 735
370 866
296 833
795 313
580 561
608 160
605 130
54 648
883 480
24 587
665 453
210 906
413 551
659 623
385 14
854 786
733 546
492 951
226 149
821 377
380 796
133 602
650 372
797 739
409 674
284 986
293 772
670 70
775 999
67 107
324 346
418 259
851 830
152 491
869 34
372 590
181 5
