1000 9881
929 245
363 849
181 96
516 376
870 512
642 645
80 12
579 226
88 519
413 318
878 50
716 441
864 652
282 747
409 284
356 312
229 566
281 727
327 105
847 854
705 825
445 254
472 132
201 586
143 363
455 453
256 645
259 358
903 945
316 781
582 775
796 7
445 939
247 807
503 473
844 315
688 791
191 684
527 774
674 726
70 951
198 248
71 138
311 443
203 274
173 438
890 56
467 233
911 81
89 623
535 392
546 829
576 839
313 935
139 635
54 586
240 876
791 83
260 521
500 150
463 2
27 714
103 176
454 323
662 996
165 692
995 637
745 594
301 52
339 129
378 601
823 339
515 130
292 777
729 468
663 266
872 875
177 127
34 448
828 314
500 987
858 693
141 621
881 892
360 317
180 584
417 298
542 479
441 156
872 664
547 992
859 946
76 440
457 650
482 754
155 884
638 612
963 112
655 590
547 881
848 304
1000 139
360 106
712 287
180 285
254 650
972 849
39 106
890 710
601 521
838 814
696 883
809 564
95 787
939 169
522 915
191 268
801 200
569 84
716 477
368 307
994 731
833 351
437 766
303 311
30 533
325 683
803 791
313 519
189 172
961 435
251 351
207 568
389 971
503 445
520 355
198 341
240 91
597 113
305 657
123 758
61 861
629 89
365 589
633 837
151 54
563 46
264 33
974 756
424 176
525 214
892 785
143 771
942 1
799 408
861 207
616 834
838 193
415 16
414 486
654 727
606 716
773 992
496 863
560 932
963 417
413 896
675 117
234 239
879 765
2 761
243 87
44 92
372 369
394 127
290 60
522 371
281 423
472 738
417 167
200 305
57 392
519 98
741 478
299 199
157 423
988 681
310 965
403 229
314 392
461 359
744 349
427 155
575 670
664 446
367 909
940 475
673 176
285 138
986 41
34 650
963 302
168 694
189 494
687 595
299 370
470 505
787 41
402 121
664 348
152 624
941 848
572 589
734 741
346 682
365 382
916 626
847 782
994 366
316 838
691 306
506 52
400 489
53 545
769 784
902 724
835 755
505 244
402 408
142 361
787 884
240 71
821 613
743 591
429 899
32 851
235 956
861 896
27 936
887 265
689 258
871 902
998 276
408 561
687 245
306 176
128 688
2 153
974 579
595 266
740 865
500 206
547 495
457 846
698 513
475 408
844 775
996 878
173 49
379 868
694 509
514 111
864 488
58 275
884 923
926 640
514 30
408 237
11 56
339 407
291 280
760 873
883 210
367 493
355 655
391 813
882 59
879 390
701 96
367 82
708 126
926 461
676 540
219 91
77 25
280 197
565 772
603 497
205 768
414 884
4 756
890 655
266 267
143 195
540 629
388 250
185 413
384 577
226 646
373 597
928 142
94 717
905 178
246 380
735 833
88 842
30 621
56 424
407 157
725 386
799 911
891 552
126 657
772 53
7 42
679 836
50 269
216 93
514 668
199 876
2 424
311 598
147 561
259 43
353 324
433 492
606 185
572 377
666 754
260 903
230 669
268 442
554 943
331 538
614 631
154 49
13 458
805 894
199 547
461 408
79 121
482 629
429 26
358 128
676 237
490 24
183 47
844 811
211 39
741 961
338 84
600 319
234 5
931 953
578 281
920 390
922 220
638 170
715 943
963 377
729 895
881 800
813 355
893 89
966 911
868 649
872 716
417 111
650 87
579 455
872 347
157 101
310 909
959 48
891 326
375 169
125 898
312 97
590 372
722 596
872 121
470 675
950 588
294 224
846 525
445 140
87 443
735 383
350 795
207 694
578 38
368 383
344 302
711 262
743 119
442 869
761 513
710 442
326 435
758 342
669 703
175 42
801 623
198 249
553 414
516 22
849 589
259 7
540 140
523 934
219 827
675 911
912 299
624 997
594 709
154 482
37 742
853 292
691 185
639 215
89 719
653 555
207 155
637 978
728 946
268 45
183 341
837 420
311 201
316 289
962 833
457 845
352 117
435 6
926 316
871 102
49 43
340 542
733 65
206 195
941 116
409 867
29 602
871 247
12 264
571 27
777 648
337 129
64 583
710 706
713 382
845 873
832 604
551 987
566 726
58 156
3 885
172 868
64 869
38 581
275 405
518 179
632 360
280 317
447 179
181 67
128 369
914 168
959 84
691 906
150 595
737 523
929 599
798 893
915 67
338 916
458 269
166 74
191 493
359 639
605 729
587 472
517 445
648 164
322 511
106 714
364 102
19 453
900 474
80 565
607 897
587 6
807 565
350 416
776 343
173 409
139 521
987 973
415 364
861 812
678 290
934 952
188 58
154 454
140 181
97 240
319 201
799 411
748 305
141 349
783 722
443 93
407 922
839 539
932 399
476 3
336 630
360 209
858 743
766 420
876 540
499 83
476 386
818 485
395 444
860 40
242 723
168 754
978 223
391 742
888 578
788 300
609 345
383 850
335 543
85 744
327 607
266 704
794 620
929 195
821 341
474 32
440 496
630 975
90 112
235 45
163 740
534 981
405 687
381 544
934 318
337 570
34 966
618 605
692 452
859 349
878 491
40 611
122 742
459 107
378 137
52 970
787 153
4 85
61 900
283 182
281 355
470 20
347 783
131 362
423 754
374 100
856 483
994 433
117 270
464 880
24 370
752 227
349 171
101 794
779 145
838 497
32 284
499 666
71 482
611 825
904 663
600 6
877 844
988 437
109 700
184 877
121 140
708 944
850 325
63 688
908 37
679 812
822 679
514 108
491 917
503 523
984 562
127 654
366 978
917 450
186 188
663 674
278 644
10 366
719 891
650 350
626 593
493 454
685 968
428 311
154 242
508 5
224 692
941 751
261 877
986 488
968 851
785 899
271 904
647 562
20 672
726 510
466 672
214 194
988 573
459 76
298 121
561 565
526 513
319 653
74 960
535 845
256 413
702 198
338 973
670 352
605 14
77 688
319 739
69 732
985 451
147 850
485 688
26 513
562 591
564 1
471 789
437 997
494 750
540 58
522 541
710 702
869 930
139 883
1000 559
32 769
970 331
661 950
50 914
500 414
136 319
669 587
362 411
273 378
934 881
45 662
222 715
123 558
602 474
8 115
793 748
23 163
870 962
726 856
913 827
232 833
123 780
533 611
534 132
58 325
784 302
173 20
90 557
779 427
658 672
110 657
954 379
21 160
84 512
840 382
987 497
915 652
936 913
849 496
758 576
262 216
175 905
234 439
261 618
751 366
185 137
439 516
554 15
775 174
651 100
618 465
713 419
767 752
169 669
812 433
659 478
533 505
186 660
12 824
142 891
74 917
709 929
332 93
939 79
602 143
455 161
661 534
612 100
190 982
229 564
583 677
345 15
40 571
4 926
61 859
360 972
40 970
278 452
61 972
620 576
801 509
844 309
661 857
868 435
415 762
625 162
588 818
735 941
520 210
424 71
300 682
670 792
710 357
767 284
274 569
302 376
334 963
88 355
487 37
415 280
741 770
120 820
2 94
700 41
794 34
795 430
654 590
782 515
843 180
221 251
663 260
851 28
272 343
534 19
348 226
276 263
22 359
850 156
188 603
599 635
139 57
676 992
309 761
699 65
580 324
911 454
730 617
430 635
90 29
609 316
613 284
48 460
837 708
694 119
508 222
439 616
522 300
924 712
90 234
570 48
370 42
686 650
926 149
897 433
241 223
761 992
941 584
726 294
33 203
477 31
223 360
333 664
190 99
881 663
13 538
986 194
626 93
408 67
647 523
14 188
660 758
311 842
756 799
834 161
446 299
284 130
581 559
807 726
847 933
39 680
867 59
295 357
134 644
265 763
707 47
184 389
791 802
922 703
139 699
50 466
929 573
89 264
368 664
634 244
562 377
799 612
969 329
71 505
753 738
644 855
892 787
594 569
757 155
867 503
305 962
987 746
809 434
205 617
991 606
819 745
841 97
879 537
718 409
365 911
885 900
158 387
600 504
286 261
107 728
519 297
442 15
885 281
279 656
177 490
803 10
732 124
370 285
479 653
120 268
430 663
282 468
163 824
534 281
318 660
876 850
547 879
34 934
237 877
163 534
402 706
126 247
246 965
393 29
67 178
964 332
911 327
34 793
815 667
636 452
109 452
961 727
310 741
39 409
955 752
997 405
963 797
596 649
415 894
15 80
199 215
436 187
679 201
668 382
593 171
962 95
949 323
169 324
96 927
133 374
249 419
331 133
919 284
815 223
122 2
910 193
52 745
531 30
709 527
316 166
300 739
302 369
840 824
605 616
416 756
625 362
791 951
630 197
961 426
359 465
607 319
311 274
443 922
670 466
576 367
563 957
163 267
808 52
607 332
168 147
650 795
49 400
953 842
715 679
845 748
144 67
24 626
611 534
760 316
79 20
444 407
525 474
584 948
11 941
767 872
497 636
142 236
702 937
580 269
376 803
448 752
859 734
662 383
833 959
779 49
655 738
570 406
309 418
38 672
294 795
506 944
641 161
146 513
436 438
609 725
206 837
778 74
321 493
581 647
659 453
699 964
114 986
946 939
963 987
985 695
712 345
215 894
491 654
510 814
351 366
760 581
263 676
416 229
473 500
520 70
935 246
313 355
284 36
820 348
35 839
187 896
332 367
61 935
687 855
977 414
378 29
749 506
260 814
682 437
335 362
619 530
925 591
175 16
959 620
518 998
634 189
381 179
47 458
460 611
168 81
80 653
301 299
193 418
377 61
875 202
254 277
539 19
853 767
433 204
734 420
573 240
279 389
103 65
969 99
92 502
641 186
645 788
206 378
813 434
909 927
362 92
179 702
20 762
520 706
408 348
137 930
232 608
283 876
379 755
773 429
641 370
435 857
129 6
771 979
108 138
709 131
729 893
950 151
272 522
43 457
615 345
987 158
720 499
992 264
999 863
673 931
786 642
586 688
518 213
890 830
543 290
872 333
786 533
16 612
345 986
954 815
902 199
81 457
82 546
601 562
530 526
290 695
920 866
322 808
526 994
484 865
892 102
489 973
825 171
898 937
369 39
350 258
503 180
765 577
477 43
610 514
807 860
977 561
714 548
112 932
504 536
265 734
394 826
549 886
74 342
716 233
402 353
856 476
527 771
625 161
332 20
417 897
127 188
990 250
774 967
866 60
259 150
448 205
47 351
969 317
628 614
315 159
393 104
435 614
705 388
338 167
698 967
201 229
755 522
718 386
719 111
667 960
304 234
430 926
813 39
500 806
135 795
50 597
159 181
128 823
756 23
573 615
6 808
228 1000
381 214
242 828
812 112
745 147
634 333
559 794
863 839
756 309
974 484
150 762
214 297
15 296
938 445
794 953
341 922
163 714
864 589
498 199
560 342
925 66
830 420
752 686
894 633
683 16
579 195
47 985
963 800
346 802
962 120
946 597
535 61
602 19
17 367
125 646
575 484
796 503
411 915
730 383
236 132
933 826
62 957
115 823
739 231
339 757
639 518
705 811
515 662
623 601
812 521
369 958
173 518
303 903
360 711
839 209
607 181
790 511
517 349
887 709
304 586
361 911
676 498
271 361
573 86
41 829
518 825
942 405
836 760
132 927
71 393
878 875
827 983
746 653
641 623
899 307
573 312
934 60
25 450
580 628
317 634
871 55
799 298
359 227
36 198
708 362
75 680
3 407
594 440
981 84
713 62
595 62
431 119
504 317
124 638
210 775
332 595
439 937
318 522
409 750
711 977
822 106
76 584
183 420
388 604
85 758
394 205
432 776
354 729
635 584
262 972
216 746
324 669
54 290
664 18
424 791
846 830
168 929
43 63
579 385
432 630
309 144
699 552
613 98
261 29
66 940
691 1000
323 492
679 123
402 997
384 632
462 801
639 887
289 317
398 73
327 413
958 1
118 290
981 224
393 335
912 681
991 219
39 766
817 976
838 698
14 8
696 223
571 989
527 202
565 387
620 445
19 483
353 317
351 862
335 325
389 701
304 743
486 755
766 522
714 161
71 476
183 806
719 400
614 590
546 998
818 67
178 482
676 357
680 96
885 41
512 809
988 294
145 644
629 52
64 372
173 46
631 65
993 201
462 52
530 846
591 25
409 857
531 603
799 44
707 176
224 872
722 43
480 706
301 940
15 578
381 158
506 531
501 969
368 946
756 365
962 508
8 572
48 106
167 101
172 957
621 746
751 923
898 851
901 400
552 254
498 783
190 169
281 851
835 148
229 909
52 138
401 374
535 847
204 125
976 494
155 643
63 266
639 875
173 271
108 737
471 561
147 999
932 167
504 654
910 384
200 891
40 976
21 883
373 884
86 347
877 196
113 287
757 542
333 786
706 300
47 100
592 459
972 875
796 221
389 657
356 836
969 695
974 640
648 348
151 893
691 94
31 961
95 462
746 690
84 957
149 769
81 721
80 940
482 624
766 256
837 779
405 478
872 883
192 389
659 951
396 311
490 150
789 312
866 605
82 76
926 739
842 466
524 138
304 45
840 207
36 785
841 794
861 327
129 182
662 875
987 145
950 7
733 909
322 247
404 495
816 39
854 611
871 515
565 756
942 140
509 734
111 126
538 572
464 65
781 956
855 15
233 772
145 573
164 898
471 262
328 528
238 119
864 930
777 813
704 859
215 474
176 420
730 983
56 250
369 85
206 576
808 710
91 896
592 107
989 143
78 702
887 188
646 525
263 792
911 92
26 752
815 432
66 241
138 706
855 947
568 115
400 421
199 47
626 281
575 336
9 887
505 192
820 393
606 382
726 823
251 405
951 982
98 32
725 133
526 462
783 549
967 328
165 862
739 313
351 551
83 317
80 267
13 990
5 822
617 686
106 777
503 793
287 220
749 545
145 691
19 870
349 435
956 157
914 43
874 370
352 8
903 279
797 816
541 934
581 137
175 728
487 666
571 175
215 268
487 747
410 634
430 633
380 828
544 872
275 696
537 13
756 391
152 45
261 501
427 917
870 443
306 778
167 975
388 520
543 368
695 341
258 856
647 470
869 66
525 756
726 437
817 495
206 557
949 75
935 149
925 498
503 234
630 563
869 693
986 883
846 671
388 467
601 856
838 607
897 168
861 662
218 392
825 416
991 119
389 567
28 153
655 300
515 665
457 321
114 632
151 221
92 927
198 308
565 680
127 194
594 201
804 264
805 209
98 439
491 140
183 882
965 940
378 534
954 479
686 14
245 294
280 224
737 54
225 282
282 323
211 347
414 348
400 762
993 797
461 991
334 23
693 724
188 124
641 441
606 579
883 250
703 559
212 907
172 37
655 648
768 804
128 131
312 480
275 724
386 901
464 964
940 34
246 825
449 601
233 930
418 306
439 590
245 779
305 680
211 919
233 819
259 857
78 421
261 139
636 343
11 476
929 131
737 145
354 568
650 253
134 282
377 905
240 447
384 633
756 607
742 734
51 505
75 463
369 238
579 847
530 377
752 425
18 37
899 948
764 320
526 319
14 9
518 617
8 226
65 503
446 596
273 2
990 913
493 615
41 126
73 181
245 198
248 598
464 883
872 768
269 86
684 891
261 41
387 407
905 598
179 793
883 749
791 38
169 339
45 704
410 79
598 532
781 76
183 854
451 557
349 74
757 125
297 567
597 740
638 464
140 43
253 942
617 350
516 414
701 646
278 953
678 682
920 430
704 261
447 675
528 83
68 148
604 486
295 495
572 946
542 948
618 198
310 232
457 612
77 307
633 387
14 518
693 601
310 155
646 801
944 193
194 992
105 203
930 44
826 237
792 53
794 591
916 733
746 324
711 730
34 968
73 950
203 963
968 634
811 128
258 768
388 855
831 205
212 883
180 465
825 28
98 620
741 208
564 383
524 980
824 228
329 778
517 847
204 126
460 208
668 301
445 868
228 372
798 696
568 233
548 903
433 891
455 79
937 468
645 43
649 40
173 794
448 295
191 465
767 170
562 184
790 747
277 780
4 52
846 672
393 323
213 218
160 474
342 950
188 296
264 360
13 147
895 931
491 409
917 845
494 860
253 767
511 59
459 596
577 425
390 982
780 330
32 994
107 102
126 454
897 546
571 567
273 264
284 796
115 627
494 958
443 952
300 999
491 852
386 216
499 321
649 710
121 183
174 171
50 845
268 148
720 937
850 292
179 640
988 186
827 252
443 338
149 984
991 801
25 42
432 348
241 84
464 573
220 451
280 920
478 799
542 912
232 497
324 417
767 927
492 963
220 370
59 820
534 429
836 4
340 843
789 906
684 80
551 688
586 702
612 690
523 163
109 360
290 322
996 160
579 88
427 231
807 120
336 155
752 531
539 663
151 613
951 922
502 859
378 349
655 53
342 240
94 369
792 461
939 366
902 630
852 581
730 475
136 372
655 90
606 492
825 395
916 566
575 339
597 247
237 264
97 925
687 683
80 589
136 335
840 995
711 32
259 11
224 722
951 556
619 897
307 279
75 979
334 636
211 243
305 842
257 382
222 785
888 717
634 433
67 976
943 787
909 223
306 372
454 324
611 963
6 637
154 128
323 523
903 278
559 720
395 7
343 325
224 51
903 167
662 330
993 865
484 380
196 72
661 2
958 604
794 741
871 977
712 38
107 940
756 210
935 372
565 727
413 74
363 931
641 239
642 576
275 409
648 669
388 920
744 358
998 431
17 946
302 813
886 407
494 128
298 60
688 492
393 192
394 619
358 808
660 770
919 535
367 586
182 565
605 974
106 973
493 864
496 204
253 245
612 234
5 452
209 681
428 973
948 180
296 307
151 879
173 755
869 918
770 583
734 300
38 487
169 84
80 553
579 513
502 240
986 517
435 313
364 241
502 652
294 716
596 324
467 136
145 380
473 765
40 86
538 509
259 244
795 454
265 811
88 322
36 994
753 624
949 67
719 303
614 563
175 409
32 665
88 597
89 600
131 863
175 526
344 522
62 948
429 495
345 972
767 881
309 681
367 359
172 407
615 189
746 60
504 319
842 491
369 28
664 967
167 652
722 69
10 217
747 410
312 481
560 135
798 129
343 102
955 117
587 862
958 971
871 586
621 627
418 324
369 306
231 964
370 77
299 75
483 310
410 992
677 818
824 346
172 726
892 57
927 746
569 10
937 622
739 982
332 96
635 793
85 296
394 527
271 199
511 706
34 531
829 114
237 430
60 489
566 715
951 891
74 285
554 3
584 664
728 306
503 412
553 329
75 189
57 666
792 803
649 894
923 75
100 728
97 822
279 156
801 644
626 463
40 50
41 799
687 240
598 533
434 380
862 398
648 245
25 307
596 62
120 879
62 886
871 452
837 180
609 189
827 866
97 385
978 266
372 13
874 331
159 105
719 33
442 191
315 423
802 943
486 140
616 404
145 932
370 429
991 861
228 979
779 421
139 66
34 372
508 291
550 852
558 323
634 941
267 230
594 495
221 602
975 670
524 454
360 393
500 860
287 632
149 391
152 405
137 327
1000 185
998 484
983 528
180 291
642 520
864 920
920 922
909 670
356 44
582 886
159 707
916 334
261 127
262 712
622 178
215 744
87 822
455 185
437 350
960 997
743 528
514 964
416 87
180 240
238 810
27 335
284 86
692 75
571 906
753 99
990 848
151 806
981 115
449 130
517 302
288 392
436 440
683 570
236 86
559 398
714 993
752 180
294 645
631 868
597 52
874 747
670 800
50 409
1 763
112 162
386 951
374 358
514 443
792 989
482 927
637 969
179 997
309 862
1 389
239 541
934 599
975 137
779 658
581 258
84 814
359 212
202 657
793 786
187 47
44 364
906 531
887 834
102 190
34 438
552 423
771 839
701 538
573 893
584 857
871 206
729 721
876 608
550 993
862 535
154 439
48 85
339 438
694 252
696 393
779 94
907 101
177 640
443 837
93 620
560 79
873 817
997 22
531 645
582 688
539 987
731 839
623 222
798 104
67 254
964 368
638 875
52 330
430 61
517 896
169 530
222 862
747 942
751 814
330 630
228 361
321 153
192 157
252 375
364 857
716 6
459 55
861 834
765 975
435 62
644 202
23 287
413 465
875 508
514 714
416 849
381 951
402 348
960 286
321 852
198 242
770 531
476 496
701 9
151 40
670 796
486 697
303 861
490 308
236 464
810 387
139 625
377 222
606 41
164 4
990 136
831 908
38 827
481 136
852 105
448 895
88 278
14 514
914 628
3 303
813 258
615 954
6 655
984 720
333 757
629 234
502 888
357 791
33 929
585 76
76 833
440 723
651 329
335 992
138 364
129 285
585 430
73 642
348 284
980 295
833 868
153 282
814 737
980 713
73 531
590 8
684 53
405 948
209 83
676 593
276 839
741 53
100 387
82 626
823 563
954 718
78 510
315 792
90 8
935 42
60 736
21 614
645 867
422 74
652 943
725 355
392 9
902 595
1000 333
86 278
218 406
237 346
922 520
30 825
438 766
60 549
278 343
98 450
795 40
126 765
202 562
69 323
274 537
245 2
657 472
662 811
331 729
179 989
550 764
440 859
259 258
671 856
103 138
817 941
839 534
36 400
291 4
455 777
24 649
922 238
819 538
866 365
382 470
510 235
724 933
799 53
729 777
570 271
456 185
378 22
546 500
905 303
214 622
417 200
836 443
608 37
256 74
862 894
595 801
157 262
608 148
384 942
148 63
613 141
137 298
176 256
656 634
215 993
271 947
533 460
111 176
4 542
519 233
150 884
450 210
399 31
493 144
954 738
172 619
229 918
300 471
308 91
716 360
517 873
518 434
649 417
8 311
337 573
484 804
602 67
910 312
53 265
971 314
19 153
477 557
912 684
900 451
627 605
3 733
248 890
854 196
199 885
913 278
675 830
831 451
611 497
577 161
740 299
208 588
709 932
946 342
583 911
473 856
554 147
717 709
282 894
305 695
856 524
580 900
210 748
374 283
503 701
53 894
973 957
278 93
740 920
562 488
818 126
219 759
575 565
349 72
261 998
596 63
444 316
233 439
50 167
13 305
418 707
991 275
867 612
234 43
730 696
827 210
650 633
194 472
159 249
514 531
932 319
519 265
847 140
558 465
281 363
656 297
647 392
586 934
474 380
382 349
923 290
590 164
962 506
470 992
618 264
120 411
746 307
656 727
181 228
972 689
493 265
149 390
377 841
17 1000
224 424
91 155
534 539
975 959
989 815
957 571
30 298
397 541
234 641
436 69
682 893
81 399
973 170
595 648
561 552
789 855
584 663
787 474
256 402
977 952
139 401
829 224
446 389
307 833
968 645
455 73
616 151
695 835
553 885
958 435
83 599
649 263
145 136
787 809
769 886
283 6
88 110
658 70
415 451
269 971
888 981
979 510
955 868
614 670
815 669
175 370
36 980
202 444
701 966
139 421
508 668
765 302
312 111
358 186
784 45
179 533
92 498
685 355
462 228
905 931
466 27
766 406
839 734
533 991
515 316
472 856
187 159
747 327
803 121
417 406
914 834
310 91
901 940
594 174
461 997
443 358
617 855
837 346
551 604
917 82
300 436
637 509
487 934
380 326
778 155
64 799
484 184
46 931
674 472
108 892
180 657
641 129
419 559
868 774
396 853
11 393
939 53
134 337
599 7
603 64
333 632
190 72
506 293
878 53
422 47
351 479
189 272
617 461
356 295
490 881
754 206
55 30
133 313
458 510
528 789
375 378
721 550
531 106
643 612
208 645
880 407
53 611
421 463
829 450
423 689
283 482
643 258
408 849
995 823
616 544
505 39
782 891
439 364
98 430
83 318
637 891
302 28
201 285
657 499
37 273
790 305
282 72
233 510
512 572
148 625
76 702
226 445
724 172
567 822
339 539
844 837
557 862
166 857
262 408
724 787
747 146
939 402
36 390
44 224
563 516
177 449
811 526
39 699
805 282
742 26
855 345
509 925
572 701
167 891
172 211
409 647
345 683
517 705
320 961
483 399
745 32
216 786
214 301
324 677
822 172
733 543
826 163
241 321
403 206
828 885
356 22
506 615
489 478
53 18
397 509
884 148
99 716
725 512
638 535
694 773
751 988
479 249
744 6
321 203
712 484
368 298
994 722
170 496
47 842
393 343
730 200
677 463
683 818
868 382
599 510
968 103
866 139
187 972
523 794
728 344
827 668
94 141
351 870
835 685
486 715
1 689
53 744
880 30
501 6
490 297
258 179
22 216
745 789
102 394
338 525
567 628
642 301
986 528
776 443
204 600
410 153
943 817
33 866
508 708
231 346
455 891
614 384
671 859
103 133
453 87
365 906
929 147
426 86
456 576
247 602
840 300
756 192
349 694
758 530
103 363
641 446
519 437
266 394
270 685
642 768
423 497
924 698
369 274
509 786
93 595
573 873
704 760
524 435
191 350
976 216
314 403
916 436
692 339
76 8
189 487
905 14
446 494
929 912
568 208
844 5
352 843
276 553
705 841
248 780
134 571
752 428
808 105
881 8
234 421
683 798
591 953
616 203
198 281
454 183
146 252
317 101
445 400
502 163
715 30
861 115
293 204
352 536
282 895
801 287
430 431
597 817
967 380
890 123
813 972
197 497
606 87
651 102
211 173
743 134
511 358
44 507
448 952
358 159
32 679
466 52
728 799
837 67
286 475
949 697
954 353
968 542
102 303
867 756
45 112
727 628
50 902
270 879
944 486
943 664
231 730
767 996
419 468
723 258
906 814
279 800
229 984
11 142
985 879
106 256
972 547
613 351
814 542
341 636
803 267
641 164
573 382
445 558
197 649
716 687
185 434
392 917
917 267
356 46
907 694
871 761
513 787
952 301
57 143
20 261
593 77
77 884
462 918
32 347
450 934
323 460
472 914
968 567
518 415
725 681
321 179
964 579
397 766
130 987
521 26
812 527
967 173
520 478
848 827
852 915
235 883
915 351
203 401
173 569
377 486
322 545
285 683
347 786
807 618
318 662
345 801
468 122
249 477
455 652
519 795
98 395
377 682
787 631
370 779
898 357
481 98
724 26
72 897
434 792
272 67
738 330
25 269
758 777
351 749
665 828
581 256
68 469
508 524
608 674
736 343
862 763
738 317
279 497
103 205
842 335
976 725
409 904
128 771
358 485
950 249
182 151
404 149
668 938
941 410
536 554
436 742
326 726
534 363
348 314
722 11
872 676
870 403
360 344
917 194
665 409
404 491
688 22
941 700
836 406
52 421
362 541
543 71
115 383
506 576
897 431
347 272
129 965
521 459
8 658
116 595
216 597
677 712
255 988
114 396
756 611
904 428
778 333
263 647
801 36
512 177
949 484
532 188
722 734
568 136
544 369
433 726
401 112
682 706
331 243
904 25
339 732
392 615
710 445
537 253
565 342
809 924
786 388
520 73
922 677
625 180
32 803
877 309
753 879
630 151
934 788
355 471
15 304
987 998
553 16
852 4
871 296
212 511
69 254
621 975
75 933
778 154
852 107
175 390
470 837
864 329
572 122
903 386
39 911
606 203
571 306
149 904
900 944
923 625
834 147
819 512
179 737
77 406
472 329
872 994
409 868
436 587
456 137
336 409
112 795
43 411
405 208
938 452
371 935
776 939
456 659
674 17
898 578
24 107
635 675
923 957
375 868
217 638
713 577
113 701
744 361
747 878
971 562
721 79
873 788
967 595
695 631
4 858
540 692
597 453
218 485
866 409
648 220
852 612
193 33
360 558
880 293
53 469
436 451
757 545
478 66
709 974
89 481
87 698
218 519
165 28
260 800
524 597
183 680
634 254
459 306
679 756
411 720
308 842
130 118
793 686
796 551
33 865
785 306
773 167
755 494
97 122
98 661
616 842
448 972
858 895
196 378
235 276
23 802
275 909
850 235
118 579
661 280
710 775
197 848
254 131
111 766
538 956
430 558
676 770
538 815
779 11
112 918
134 109
67 410
472 746
604 211
608 150
440 264
793 260
996 261
209 189
542 137
409 531
600 826
108 837
336 56
962 260
712 291
329 897
436 99
73 879
665 627
834 842
122 584
322 22
530 595
825 117
773 253
321 214
716 489
807 914
609 33
811 471
144 568
472 213
663 324
187 890
481 665
398 7
786 26
169 36
541 242
804 586
625 147
610 809
437 827
477 894
443 690
657 152
586 270
930 908
92 603
424 5
942 331
948 600
967 268
537 627
679 664
847 330
919 105
871 368
840 540
68 255
443 315
349 70
529 417
775 622
279 383
373 320
176 644
286 585
141 378
35 203
827 871
24 632
499 278
651 437
837 66
25 193
804 157
861 92
954 366
115 806
735 139
25 82
428 121
289 709
239 329
96 201
404 242
775 925
945 946
965 319
841 865
55 299
827 434
759 17
426 505
387 885
285 290
162 47
146 1000
438 320
150 564
392 568
854 600
787 799
394 83
548 463
593 162
497 789
760 877
687 787
980 882
765 484
513 993
876 963
111 214
630 269
119 299
47 702
727 40
788 156
539 798
207 900
601 585
319 778
507 58
271 183
113 935
20 501
235 751
397 765
769 938
250 959
112 927
937 361
631 67
958 433
482 86
446 741
30 996
91 758
274 298
645 201
118 45
320 148
106 749
783 351
641 99
373 913
84 228
106 636
782 925
754 620
403 784
501 978
170 525
227 756
969 267
987 948
183 769
243 145
509 435
740 625
628 703
61 470
528 405
547 435
69 59
319 236
98 605
743 47
233 290
98 475
179 644
572 949
222 746
831 728
617 708
448 675
750 1000
676 971
572 804
343 250
388 755
217 452
941 409
707 347
957 437
530 694
438 445
44 28
564 795
125 199
841 750
113 519
534 731
977 478
685 805
710 151
648 741
635 631
356 124
952 347
518 94
441 986
598 482
742 952
782 483
574 735
90 51
346 985
720 166
630 697
777 161
318 3
798 777
603 243
91 903
518 376
976 463
942 852
959 798
719 529
571 594
15 150
734 538
271 312
741 73
955 943
389 845
464 739
265 375
618 815
855 590
352 995
938 918
193 245
502 121
434 249
554 198
97 913
905 432
800 202
715 473
130 369
244 599
151 37
101 970
733 757
86 971
574 511
588 527
267 278
751 975
589 839
571 452
879 250
385 441
131 871
426 893
832 1000
995 612
931 972
698 961
793 893
151 597
120 25
600 483
603 964
270 949
966 694
415 180
309 593
456 59
274 154
150 291
999 314
894 119
737 271
333 252
11 120
456 388
608 28
495 88
498 396
975 674
111 438
784 471
246 833
176 359
160 636
587 775
162 198
91 84
309 21
78 338
125 325
820 903
270 352
458 704
241 208
332 233
81 303
742 932
194 198
639 968
535 797
202 734
427 340
321 201
858 16
381 645
57 928
208 724
418 924
230 785
791 559
307 40
535 592
592 362
499 848
227 449
808 643
53 771
995 964
136 123
502 244
198 221
191 856
965 885
692 979
918 277
408 734
689 627
934 515
593 666
206 410
761 97
927 350
880 881
166 744
278 918
755 748
115 845
704 318
278 769
166 993
763 797
73 321
36 339
183 156
684 359
25 230
483 894
780 850
297 922
300 495
746 75
989 501
42 562
902 468
315 746
987 220
607 971
152 445
834 681
211 922
642 834
608 262
493 252
503 421
518 151
476 634
891 425
911 332
824 350
109 300
860 612
722 389
980 647
138 978
664 310
848 51
649 422
714 985
636 50
457 547
469 85
731 366
745 205
576 909
422 117
958 11
411 193
518 723
438 383
160 435
680 554
753 980
19 376
423 746
852 1000
890 167
946 275
467 330
126 717
520 2
278 374
136 267
216 12
356 686
620 403
287 492
880 32
678 247
27 931
785 243
917 534
296 960
334 696
460 746
102 436
736 478
149 749
728 882
431 905
92 489
80 715
700 232
220 369
303 836
447 601
799 244
295 985
126 24
474 601
970 866
429 463
126 107
842 440
914 861
441 257
495 178
847 137
76 488
728 575
205 886
676 807
897 54
720 639
737 311
24 390
150 602
462 472
769 124
989 473
648 219
420 13
966 811
989 586
994 852
343 848
673 777
218 102
347 310
134 360
289 241
868 67
704 996
119 409
52 144
544 513
740 915
938 145
807 243
761 786
892 793
696 931
39 69
260 423
835 23
294 76
740 404
328 893
373 717
49 783
212 717
947 786
945 587
640 698
554 80
793 853
948 360
252 589
380 168
863 127
297 90
544 53
835 726
675 781
178 207
632 476
444 14
669 579
728 129
476 193
503 749
771 399
420 231
774 978
611 204
350 352
905 629
926 809
800 397
322 705
453 121
880 219
480 201
642 275
308 771
24 550
866 885
606 851
864 325
24 597
225 212
818 323
604 336
491 617
41 682
500 969
457 954
539 510
926 372
304 35
983 893
942 104
169 994
384 75
21 394
63 771
580 255
512 375
402 611
883 493
252 207
34 118
522 131
816 940
975 5
589 89
621 284
346 934
850 534
503 28
985 261
821 183
270 167
40 660
661 542
55 867
350 881
556 708
657 539
750 246
915 415
22 759
412 483
382 689
535 591
286 955
930 723
94 148
762 930
882 876
326 59
921 617
64 246
709 522
446 992
92 540
40 127
4 474
410 17
729 373
490 323
400 103
553 167
899 79
813 749
227 608
514 266
718 538
865 230
61 505
248 224
58 353
280 731
465 289
366 547
205 267
991 768
116 78
188 595
82 42
45 182
836 839
854 221
200 33
128 782
609 475
510 328
615 229
484 377
33 647
31 372
992 444
370 320
44 1
284 560
380 937
987 243
612 716
975 594
447 85
702 469
349 787
578 607
232 476
450 202
697 187
881 694
155 1000
34 425
354 558
378 408
679 76
384 659
372 842
124 251
626 85
407 510
296 425
85 710
446 723
633 734
801 288
450 654
179 500
843 941
38 393
921 811
507 944
679 400
520 103
773 859
818 884
250 146
807 556
712 85
829 84
390 768
516 124
49 642
430 1
782 858
456 668
697 962
610 101
495 741
67 802
545 587
1000 781
92 663
365 869
830 753
154 126
639 67
76 899
383 257
786 311
619 615
714 505
395 579
914 743
664 558
348 47
738 483
277 229
317 740
50 993
409 515
779 444
375 695
931 201
110 448
805 736
348 333
591 179
617 812
555 610
348 508
150 773
618 398
525 626
90 807
21 307
120 498
102 646
506 535
163 542
223 406
636 365
673 221
485 407
949 56
592 684
56 201
545 411
949 425
164 855
235 17
384 639
469 84
548 873
825 228
934 390
332 492
427 448
730 171
913 377
321 415
42 169
817 969
731 527
182 945
166 254
43 513
822 919
363 236
442 661
95 317
44 833
226 60
504 966
856 411
378 995
36 813
519 816
611 211
141 150
948 602
904 640
887 599
301 336
88 291
417 819
677 498
867 539
83 104
376 478
362 209
742 628
440 891
404 926
885 163
387 712
7 275
852 284
289 618
914 715
845 708
719 44
906 715
923 571
232 524
374 987
12 378
287 153
956 417
885 453
392 732
300 61
266 253
274 254
42 900
312 53
872 587
232 298
984 857
436 700
591 260
635 764
673 927
360 398
250 689
731 129
381 264
458 807
371 782
445 555
76 329
467 659
479 796
116 634
1000 205
933 679
552 810
994 951
505 690
372 787
800 740
475 538
518 402
886 632
32 461
757 709
27 322
528 813
692 80
886 974
364 897
826 666
406 762
782 65
790 604
293 28
754 202
773 770
672 123
946 374
430 351
857 945
342 815
147 571
166 373
424 84
377 84
505 15
947 160
491 44
692 79
495 684
921 573
530 350
406 439
796 843
283 312
292 58
576 229
278 125
961 957
671 766
819 267
931 837
514 295
823 467
5 87
266 556
598 677
589 818
292 792
405 487
158 737
245 105
315 454
689 245
375 718
853 842
570 336
272 499
1 43
974 246
775 899
633 304
873 481
73 301
396 524
202 975
957 877
248 694
564 741
983 237
362 783
703 754
815 916
995 323
17 831
163 585
57 462
12 483
77 51
834 750
971 523
932 787
510 739
479 880
391 967
66 439
104 126
308 104
43 626
960 855
94 504
246 692
543 584
582 998
173 999
851 899
308 649
554 418
670 468
360 565
217 76
38 98
481 711
550 71
30 966
116 836
809 897
78 978
914 316
667 412
815 12
70 61
752 36
793 550
580 910
391 389
891 619
72 593
932 191
134 990
558 849
988 374
201 28
898 106
438 851
866 790
192 329
309 558
206 350
832 793
233 284
143 932
469 900
515 284
521 991
707 548
700 295
638 204
175 854
569 971
91 283
243 68
44 115
431 861
766 144
538 889
775 116
980 726
788 385
257 335
722 381
869 250
617 81
814 597
543 377
216 790
267 946
531 609
379 566
953 183
133 837
686 659
47 643
363 822
968 916
720 245
403 67
151 673
613 118
246 609
432 721
104 233
18 169
973 511
254 313
902 965
526 881
433 870
549 560
958 892
299 545
568 22
252 519
473 214
751 559
352 897
114 736
83 531
862 235
494 687
672 419
937 304
643 354
330 43
174 920
364 382
810 608
316 505
135 599
735 215
802 675
515 126
948 869
133 42
366 710
455 887
211 499
140 909
325 391
219 908
805 909
111 650
270 919
434 513
41 737
266 198
249 409
471 131
845 946
537 65
632 65
850 8
196 170
548 327
333 111
681 688
375 980
120 977
342 263
324 374
110 291
594 404
423 66
417 45
111 191
132 464
678 591
483 58
453 968
590 267
385 696
939 113
358 895
52 190
215 706
260 451
503 199
930 455
806 370
616 160
104 340
535 513
458 343
938 989
407 370
186 225
930 681
930 512
18 943
757 514
467 332
527 210
804 629
36 313
754 500
279 37
355 387
175 244
320 461
969 643
365 550
60 461
321 640
16 434
913 964
662 857
166 552
95 466
356 910
106 825
434 880
309 836
130 89
828 746
461 521
334 297
124 837
793 824
166 778
741 978
888 378
707 734
870 830
185 552
854 770
395 69
966 764
415 142
400 733
903 215
875 690
950 128
111 908
999 532
519 405
391 806
927 880
508 168
756 454
280 161
338 698
449 574
275 358
179 114
651 963
925 224
673 783
751 50
898 696
169 568
577 863
601 733
169 585
880 441
195 765
454 602
769 574
990 568
303 55
77 705
316 543
43 817
227 172
85 214
415 837
142 903
734 573
187 810
848 160
519 482
463 585
246 331
374 188
674 996
325 616
532 506
904 97
809 134
329 510
271 455
799 744
80 600
416 413
528 972
302 299
982 665
329 335
294 703
911 734
451 828
291 903
876 154
533 663
22 132
922 926
316 417
306 72
636 762
322 846
272 71
18 599
828 452
166 679
830 654
482 520
637 948
243 354
468 459
826 176
314 817
669 386
137 856
286 315
417 568
288 504
190 517
954 257
380 673
985 981
917 492
877 543
716 922
642 853
775 19
577 776
449 617
211 630
837 726
538 661
834 636
10 106
176 382
68 804
146 602
772 954
419 722
974 256
312 928
898 668
809 343
313 277
229 937
124 209
677 581
717 836
338 935
742 665
492 156
679 136
691 710
564 120
947 880
431 67
252 764
773 980
202 462
777 273
770 634
626 352
494 656
55 924
273 549
480 228
915 146
947 14
285 651
364 132
869 861
729 202
144 176
696 509
770 924
11 544
395 165
348 807
277 493
177 137
608 723
92 316
40 415
315 7
373 261
649 357
175 627
767 245
415 32
879 527
735 619
975 24
124 162
430 935
179 741
811 756
6 918
146 781
1 54
168 513
777 693
120 250
578 955
335 524
72 460
479 945
261 270
468 508
711 778
557 332
881 692
494 129
910 266
982 586
618 733
833 442
947 761
950 551
521 197
7 738
998 787
433 869
344 264
604 702
528 886
484 620
892 353
491 623
436 463
592 365
311 870
660 854
156 990
585 756
912 612
14 420
942 241
456 928
58 860
848 146
705 51
464 911
222 218
191 837
585 982
417 932
92 738
793 513
270 20
957 270
524 695
173 287
272 403
409 185
211 5
528 321
692 764
490 52
733 408
457 133
337 431
442 47
410 277
106 228
606 809
579 972
797 925
34 363
649 208
719 872
284 999
642 797
367 66
95 75
484 238
929 367
487 997
381 354
424 881
686 573
707 931
470 938
570 218
185 56
258 820
579 392
137 445
414 915
368 621
155 513
63 392
618 561
105 386
489 995
610 737
919 707
156 826
341 167
481 556
777 79
838 544
768 770
142 91
894 892
807 799
702 51
596 530
189 196
145 166
493 718
947 985
164 277
406 318
806 867
571 690
2 331
511 15
224 455
10 846
852 201
980 6
282 26
533 739
435 568
398 684
992 843
370 883
405 336
253 934
89 957
186 353
738 274
137 803
467 235
383 120
701 527
832 834
965 170
35 45
515 343
757 264
941 433
600 589
174 480
931 231
845 853
245 981
875 578
162 43
401 801
54 229
467 971
556 13
116 934
245 838
582 591
587 883
401 690
661 180
275 361
99 557
355 695
565 776
56 888
437 389
138 866
103 846
217 811
329 929
806 445
256 505
989 873
892 783
319 822
838 866
878 35
238 834
366 375
95 863
725 957
997 447
599 379
982 77
990 712
208 768
411 933
749 95
952 255
772 426
596 566
918 284
280 565
964 878
218 584
937 254
496 410
265 569
657 239
621 182
472 467
325 64
947 162
107 193
202 285
282 207
139 586
862 450
940 632
776 489
767 67
606 967
793 874
921 349
226 403
546 882
512 782
585 200
13 335
589 816
1 271
636 484
779 280
652 106
876 456
568 873
332 686
774 541
576 308
171 616
742 481
233 183
140 805
936 924
224 926
722 117
273 672
689 68
319 257
871 852
233 64
414 47
181 288
718 249
940 83
289 967
362 759
879 430
2 548
21 504
7 821
465 134
341 539
34 117
333 604
864 972
963 16
690 840
30 505
877 714
73 858
419 674
539 833
981 784
722 441
355 800
254 55
656 983
215 788
532 202
971 410
807 112
220 910
540 685
412 216
584 697
876 476
933 554
237 77
403 263
260 388
199 145
437 556
350 775
955 931
227 88
299 711
230 873
144 516
566 539
255 654
346 630
826 700
26 616
553 604
527 228
290 881
368 113
973 652
957 7
193 378
467 263
654 25
307 494
920 525
84 4
31 543
602 633
586 322
587 231
643 153
75 971
993 332
386 914
487 94
235 1
738 248
559 506
756 886
692 537
362 132
716 114
369 790
459 400
912 84
307 213
789 498
644 555
974 822
611 600
888 435
487 653
254 104
789 355
662 211
522 695
222 714
975 392
409 879
139 50
158 850
842 511
936 632
146 880
449 987
457 810
842 192
918 939
851 500
390 16
998 325
858 472
190 445
500 637
928 518
671 310
472 642
555 281
424 805
59 566
703 865
469 883
696 657
713 725
608 493
339 651
461 455
533 202
40 740
826 399
989 849
761 593
920 840
482 329
707 884
13 527
820 161
215 158
754 157
227 231
69 776
161 725
716 33
498 558
482 427
448 359
781 411
359 627
710 402
130 702
244 512
416 739
350 428
26 366
870 679
672 276
654 356
326 181
329 151
718 859
654 279
304 418
957 117
215 970
420 280
594 959
546 698
768 608
291 13
211 559
166 895
244 107
851 197
395 91
34 505
714 375
897 957
55 429
48 133
376 786
306 709
883 197
784 408
604 57
682 735
275 735
116 835
160 557
513 111
785 770
915 943
533 100
682 622
4 630
388 981
775 235
65 608
135 328
859 26
199 685
474 52
590 158
404 287
688 162
989 661
566 135
885 751
399 100
347 351
129 512
319 797
433 934
358 893
458 627
649 426
134 418
542 319
835 307
859 425
900 253
95 907
276 567
298 171
331 699
194 456
342 816
659 110
113 152
578 98
62 290
730 456
400 373
454 56
992 767
311 577
427 771
166 332
919 134
407 82
720 209
286 769
785 363
841 462
913 41
142 485
737 685
22 783
944 961
746 565
909 61
880 179
74 118
407 816
487 102
572 72
315 209
780 445
43 923
534 244
766 738
956 350
44 384
45 985
176 776
659 933
792 264
955 30
233 218
951 340
732 164
435 838
898 370
702 852
370 421
25 198
45 251
441 699
654 815
768 874
767 994
181 459
616 735
750 118
393 195
271 766
682 691
112 951
189 833
134 66
279 943
802 248
676 513
315 635
122 663
447 110
432 957
894 733
53 35
668 317
475 881
630 807
920 994
953 409
595 544
17 626
414 908
329 928
879 216
574 686
371 561
355 916
800 743
363 641
659 172
181 816
313 360
708 551
969 865
640 271
180 248
790 881
812 517
988 180
691 748
104 434
964 728
471 952
39 660
96 950
393 482
951 855
133 480
691 394
231 509
531 36
933 73
700 324
204 571
597 60
966 131
640 843
925 717
167 486
984 478
433 360
733 317
435 486
68 138
738 213
261 946
749 563
481 213
619 75
196 296
362 48
310 304
420 336
577 627
745 497
796 667
547 263
537 285
719 949
598 922
214 719
733 225
719 946
707 981
564 881
671 63
943 698
694 244
609 300
684 442
595 881
707 875
673 975
251 551
840 72
272 660
592 537
257 352
160 597
233 865
701 362
332 883
427 65
485 347
33 74
472 598
143 133
826 377
560 421
393 66
144 900
824 282
254 747
973 327
631 367
812 715
485 573
547 526
677 579
863 296
864 666
852 791
334 729
52 754
388 481
852 590
635 182
601 17
247 132
431 77
770 713
19 866
330 848
238 953
921 851
973 570
395 660
982 328
910 21
409 654
273 48
572 460
829 475
705 85
208 523
136 376
190 655
388 586
985 197
625 350
705 198
62 581
268 508
679 718
796 938
874 582
57 380
131 989
512 892
250 463
469 687
953 798
990 259
406 176
154 137
871 4
528 502
837 116
106 142
600 501
241 941
370 523
41 633
745 897
281 10
700 277
804 210
818 734
438 112
900 845
375 687
103 380
654 884
569 968
769 158
954 146
480 277
111 123
690 696
287 794
661 9
611 249
190 467
392 614
530 820
620 712
589 279
684 45
543 378
876 182
472 643
517 603
298 771
996 254
141 104
37 324
722 410
86 989
678 689
437 365
100 233
835 342
34 747
700 968
789 617
60 623
955 849
151 896
445 905
907 978
967 226
713 903
386 563
763 25
393 425
105 855
911 811
951 878
934 120
916 979
773 822
961 62
246 32
433 581
341 340
238 708
406 272
923 102
155 16
982 711
235 974
770 975
74 448
667 125
747 784
452 581
696 411
681 73
476 323
781 805
922 933
729 341
70 175
236 323
572 165
844 898
149 724
558 880
390 550
432 360
640 427
469 835
291 191
366 737
2 54
261 795
300 823
844 553
620 872
883 422
442 160
282 329
923 499
92 32
61 743
793 67
872 964
10 383
104 622
784 266
310 26
993 900
759 809
797 524
300 484
792 40
177 375
519 614
190 463
678 749
300 379
565 641
608 172
106 254
742 795
335 659
105 358
90 210
828 784
280 358
800 621
671 442
238 53
81 270
786 995
803 963
74 977
130 863
350 930
21 898
531 113
472 916
691 610
750 195
68 361
494 509
591 785
647 611
501 431
707 268
322 306
786 133
803 801
915 475
296 393
733 73
307 11
881 146
41 475
44 942
960 303
833 87
248 753
355 311
653 708
93 407
592 474
866 153
79 676
725 210
218 493
503 516
967 373
805 106
31 41
762 73
55 900
13 71
239 659
810 579
973 949
728 968
502 503
982 183
54 524
473 755
210 774
193 764
638 478
162 613
421 964
561 297
728 742
196 324
489 214
631 78
645 949
434 261
306 718
614 129
716 881
382 325
954 74
756 82
476 648
775 40
170 853
286 15
452 275
271 761
519 446
769 193
465 152
298 590
105 177
638 997
87 97
949 838
881 528
879 5
94 839
132 544
261 324
800 538
105 322
199 504
308 144
716 309
403 124
651 674
191 229
485 536
937 433
77 766
833 352
317 335
778 291
176 195
341 185
894 783
392 838
599 462
568 98
416 991
41 422
304 723
649 167
67 433
360 620
416 846
607 118
403 568
260 855
511 941
136 349
875 408
268 330
325 887
291 571
865 386
331 298
401 773
528 606
691 58
37 85
363 93
496 378
867 349
939 824
407 102
106 905
559 869
314 730
867 426
993 567
653 91
552 114
225 126
269 675
918 48
810 857
173 7
230 120
177 76
803 144
965 659
681 716
547 840
873 340
11 965
653 398
124 586
451 266
988 35
515 437
828 660
153 404
119 705
712 933
966 622
290 7
474 344
138 83
584 255
16 635
555 430
760 800
618 450
506 984
983 94
877 567
741 2
831 154
907 11
726 420
746 430
191 33
170 226
298 959
355 802
941 599
16 531
813 698
398 498
54 400
717 240
534 942
976 54
8 360
461 434
688 506
730 77
967 872
180 46
938 126
298 209
653 17
434 401
882 787
540 371
243 887
136 27
982 478
237 365
222 451
204 890
726 979
543 637
514 707
52 774
557 971
482 231
100 522
446 538
714 778
92 618
421 344
994 10
999 799
545 636
620 464
605 420
153 791
112 392
904 717
210 684
74 143
66 486
58 378
870 923
198 421
358 207
331 645
903 507
642 99
572 992
918 220
478 711
7 343
559 730
766 442
804 211
805 614
171 598
871 229
747 283
399 590
789 210
85 885
343 445
312 463
665 461
149 228
63 802
998 379
638 978
380 934
399 364
186 984
211 900
360 458
570 197
408 296
754 113
812 394
563 131
637 251
133 978
502 659
873 797
584 328
125 952
682 829
756 590
575 10
479 225
797 28
156 132
33 183
677 614
769 635
536 794
958 17
63 375
564 210
677 503
734 760
644 256
961 396
635 85
156 938
568 26
696 207
192 894
235 816
696 190
169 66
502 206
487 158
487 690
630 599
188 89
795 35
27 989
28 434
395 913
676 486
400 758
808 182
719 384
701 917
297 439
887 590
144 551
474 813
201 83
165 712
780 411
110 636
896 696
275 805
644 634
349 492
470 640
955 155
898 253
818 574
899 332
173 79
49 65
34 503
487 691
219 817
789 133
222 676
371 106
577 939
707 516
154 908
106 389
720 649
2 712
594 146
625 546
870 451
836 55
292 641
336 273
262 186
271 789
842 755
462 736
500 595
232 209
985 565
12 663
621 875
503 420
938 389
522 68
337 778
946 952
543 750
780 652
195 372
358 992
180 448
199 420
517 975
584 356
200 621
95 868
846 548
209 481
526 934
964 599
731 356
90 356
977 772
772 913
773 119
568 71
198 390
441 615
528 853
1000 658
764 347
782 110
18 939
826 882
448 49
26 430
598 214
312 611
745 991
800 264
288 327
87 964
697 624
406 428
572 219
135 951
391 457
857 747
732 529
35 355
277 290
279 372
715 488
896 644
344 577
128 574
326 945
461 662
173 34
410 372
379 885
340 757
839 749
509 138
115 815
823 25
860 685
404 249
150 493
667 565
7 44
414 54
567 20
128 203
941 319
510 679
525 512
358 723
807 312
722 174
650 467
707 798
197 736
254 531
630 960
918 704
261 323
599 666
68 851
217 703
312 229
423 243
816 789
854 317
693 241
423 832
775 495
491 465
583 550
730 118
432 669
731 467
189 259
372 911
898 650
731 320
847 299
190 951
678 984
352 990
924 120
230 979
912 528
848 962
668 117
338 624
744 755
636 929
322 569
535 263
94 77
421 419
616 461
465 636
895 805
848 411
173 948
511 44
349 129
593 803
642 273
541 515
984 416
261 944
493 97
724 34
835 907
273 406
958 852
405 227
334 265
317 581
746 713
585 205
235 324
789 475
847 85
244 62
779 285
59 164
241 784
186 243
261 739
673 739
102 7
653 397
512 559
606 631
644 650
203 817
104 679
251 584
33 765
324 404
452 225
538 878
977 326
82 354
944 9
376 955
850 322
605 83
803 350
881 930
777 226
594 348
557 211
337 944
901 961
101 588
160 599
363 944
381 295
94 800
167 940
884 386
280 304
937 754
845 41
204 439
560 423
894 590
772 708
25 653
688 507
851 793
47 968
160 164
855 500
240 498
420 566
920 670
209 553
18 209
520 275
367 680
836 827
959 916
670 473
230 30
657 942
492 174
577 523
517 74
277 821
87 686
385 81
112 26
919 347
136 378
251 154
939 662
917 422
967 316
990 231
629 301
391 384
602 421
936 63
41 861
559 391
373 144
358 204
654 425
954 463
196 270
737 38
44 235
10 502
687 400
992 35
304 231
470 724
663 651
611 682
794 470
372 254
167 669
758 702
120 254
528 939
868 717
725 836
372 412
500 713
216 876
505 821
944 947
741 755
660 209
608 130
661 120
510 550
902 114
618 295
566 15
921 777
230 994
769 45
285 5
693 184
786 618
753 485
158 997
356 238
877 828
972 976
955 738
373 621
891 224
599 147
105 571
215 682
185 371
422 64
26 681
557 763
910 211
651 634
247 245
801 329
655 18
731 648
143 302
167 404
479 390
482 422
653 589
856 359
32 121
89 120
860 963
184 292
991 123
938 885
667 337
374 107
749 437
795 181
763 377
867 263
40 228
782 860
731 884
990 195
776 469
3 770
176 513
619 247
801 870
754 830
974 631
97 1
334 726
874 459
512 858
253 926
922 69
211 502
818 178
512 969
676 84
184 89
274 832
515 748
580 392
732 195
932 269
36 346
775 945
997 737
335 749
768 641
396 578
665 63
719 884
977 381
237 573
543 331
578 923
595 811
725 856
337 111
375 979
251 737
932 626
759 585
315 592
215 905
185 60
442 468
868 967
48 708
671 420
603 18
402 839
845 497
593 88
371 598
870 572
816 835
184 115
536 200
664 317
759 284
9 72
655 193
569 128
532 380
735 279
651 614
543 924
216 307
948 236
410 83
792 528
591 896
808 947
703 346
890 319
247 846
48 768
356 907
622 878
273 109
277 877
260 893
856 498
340 195
160 313
804 626
18 827
883 987
264 455
302 131
72 688
179 244
182 725
843 395
791 965
4 265
726 762
641 932
960 126
637 826
545 660
73 187
734 160
862 373
330 298
615 871
118 645
527 669
987 708
706 897
515 189
844 823
439 77
956 345
499 286
448 544
603 916
768 591
54 812
516 529
358 502
91 297
185 924
126 176
22 313
811 73
263 643
361 35
824 709
24 397
893 69
425 604
362 671
78 873
882 470
93 541
600 334
906 934
10 115
564 702
391 690
659 610
510 116
756 370
684 247
618 383
422 351
388 859
336 28
63 91
160 810
91 770
775 494
501 623
545 441
229 944
472 923
90 470
281 928
574 828
591 838
795 561
652 926
229 513
683 228
189 371
764 265
937 337
995 39
632 875
156 915
855 531
288 283
860 322
143 663
725 14
528 961
424 90
317 241
265 910
198 28
382 969
538 393
409 347
102 504
156 544
529 58
280 552
188 241
631 671
248 348
546 799
657 414
676 142
236 645
69 35
810 255
201 251
993 119
922 189
779 284
604 303
197 143
989 227
762 788
871 195
766 495
343 298
915 669
539 394
25 167
465 472
398 157
253 25
988 940
811 941
703 619
560 235
633 427
120 338
379 495
766 201
146 964
38 766
55 692
834 633
307 747
159 394
822 222
313 62
557 920
921 344
159 539
18 413
181 127
879 136
661 325
919 801
668 615
582 841
711 973
215 784
381 520
63 460
66 32
269 208
476 903
731 941
321 150
358 720
901 153
522 718
541 162
799 962
179 481
19 328
796 16
360 586
505 185
291 584
520 114
718 16
973 835
134 949
325 250
625 300
754 648
938 579
743 276
853 308
965 810
141 216
456 758
170 888
46 47
157 224
676 162
568 555
861 250
718 541
264 560
809 227
266 970
558 836
654 601
239 121
841 118
714 460
236 632
419 40
791 320
957 568
500 901
338 40
727 582
413 538
675 507
53 805
510 373
336 521
727 567
604 418
306 733
45 464
720 687
461 959
98 859
851 267
581 926
788 99
471 106
733 883
293 838
725 835
372 413
45 337
603 363
784 463
627 97
580 105
428 494
252 234
825 902
140 239
882 369
167 83
232 6
730 781
398 349
962 86
981 133
355 832
873 771
198 766
311 949
186 554
706 165
910 299
949 463
749 648
186 925
170 486
562 804
541 640
184 182
243 853
789 647
592 354
22 160
667 336
178 831
30 804
277 697
633 747
688 804
174 819
808 297
611 926
669 516
150 14
400 43
53 879
455 591
813 697
743 312
891 525
738 152
794 230
689 964
658 569
128 596
606 899
720 990
997 526
264 984
784 111
288 894
291 49
695 100
330 489
427 689
597 565
837 486
996 601
11 226
174 457
894 120
521 846
867 928
854 986
656 343
470 979
148 83
710 908
6 145
162 115
449 709
67 18
621 615
253 291
989 751
422 304
224 535
688 166
899 367
324 530
792 435
925 56
692 293
621 649
380 281
237 128
238 171
683 106
703 103
688 388
708 975
783 63
750 198
332 491
812 541
167 304
624 657
471 912
644 230
948 156
677 378
255 322
91 741
809 946
614 911
890 175
28 242
784 624
969 564
550 75
457 360
661 930
313 780
856 98
888 563
351 989
524 705
494 572
843 967
786 324
956 116
424 157
407 844
175 464
861 177
404 566
97 44
11 764
528 418
128 560
922 166
563 680
510 163
427 669
48 214
339 313
289 732
575 291
384 200
423 566
511 775
29 530
345 677
626 750
552 725
898 481
884 138
298 533
44 49
119 623
855 283
569 630
751 346
772 829
902 424
802 244
347 145
284 742
391 706
252 18
218 110
613 39
51 34
964 407
413 439
696 845
885 224
886 704
201 753
365 47
919 738
963 742
307 842
414 658
697 470
19 190
874 847
406 514
853 219
769 978
792 621
886 797
373 838
65 61
695 965
277 640
23 380
207 451
675 821
711 51
749 380
917 848
972 477
494 873
260 993
689 721
321 757
382 974
878 979
738 126
939 829
891 580
982 637
634 430
302 126
857 709
619 79
287 127
201 250
992 219
978 482
569 839
987 592
54 777
183 175
323 824
896 384
736 882
384 212
498 270
617 860
300 24
727 387
394 85
95 538
702 711
832 577
430 734
180 757
16 638
147 484
846 166
318 351
52 354
711 796
432 974
472 683
968 784
437 115
721 968
684 212
8 525
47 756
413 490
731 19
713 572
272 866
237 806
298 954
190 228
129 588
331 631
191 282
48 540
868 972
968 605
755 439
204 151
556 700
905 76
797 166
755 136
88 648
678 875
436 322
170 402
225 3
268 523
351 583
169 218
292 272
790 627
222 81
593 611
957 2
929 545
900 358
395 630
641 882
877 444
58 932
735 802
573 67
701 910
800 417
735 691
885 66
637 993
712 520
987 662
700 57
633 10
5 841
836 937
231 929
679 953
852 339
469 909
224 960
44 219
372 248
46 377
214 751
659 846
857 457
33 169
440 536
737 262
99 829
444 844
211 683
747 429
347 59
898 425
605 145
276 117
273 802
264 597
375 969
858 421
897 231
537 136
884 369
6 490
686 555
177 553
172 996
893 366
588 476
128 322
518 51
965 30
939 10
632 488
816 735
89 189
365 102
493 49
42 411
812 683
838 943
858 25
142 982
88 697
612 8
281 902
684 698
920 619
8 101
389 936
84 717
602 405
765 999
952 49
982 116
735 211
465 372
511 896
615 526
463 813
356 691
786 462
827 518
619 856
748 124
107 140
861 827
74 95
973 909
723 838
391 486
305 865
951 302
662 807
311 143
166 662
27 764
49 356
512 860
948 876
626 642
244 193
145 538
603 580
616 963
21 232
22 275
390 471
564 902
638 19
395 431
741 723
471 152
291 366
718 139
498 342
360 631
746 176
730 605
634 613
791 711
572 596
977 396
669 462
779 146
764 972
584 146
60 434
867 911
594 399
775 230
854 677
772 78
103 723
96 611
208 109
411 27
618 680
712 301
15 386
832 619
522 978
595 760
268 798
721 815
627 267
368 321
294 89
425 158
674 987
933 894
221 572
437 623
386 531
597 193
588 900
97 615
938 855
260 895
152 864
1000 548
363 228
623 642
592 478
611 74
118 78
874 760
856 99
681 24
293 819
323 58
170 543
444 210
784 799
574 444
80 800
279 256
653 51
411 392
605 282
163 315
391 347
837 167
490 18
861 33
699 330
902 250
24 578
353 778
884 377
796 652
34 423
586 200
348 11
976 740
478 642
119 840
85 953
563 585
487 545
537 38
332 614
704 561
998 183
506 849
197 604
202 802
591 268
370 128
794 558
382 796
881 532
788 64
349 802
30 391
894 710
56 894
4 742
958 867
483 321
752 662
437 304
202 395
388 212
724 495
484 893
730 117
214 66
181 827
203 223
977 948
136 148
815 572
284 52
980 955
533 266
551 470
920 564
92 982
29 488
123 501
240 830
437 579
80 448
208 661
838 657
126 647
625 36
647 865
469 451
279 460
330 667
397 183
735 969
405 674
387 481
406 79
266 754
508 801
427 310
788 851
671 689
541 689
374 738
526 287
909 173
567 945
478 615
814 26
340 677
433 77
386 349
559 706
616 908
694 431
235 470
556 452
576 266
372 229
229 316
665 68
460 182
604 79
343 405
880 751
384 68
282 690
813 213
483 526
124 238
48 465
31 296
470 792
570 442
111 30
360 466
34 911
286 480
774 83
58 358
906 43
959 251
160 985
15 341
932 795
538 44
4 730
556 927
470 85
577 578
765 696
760 625
246 652
657 641
360 799
603 205
55 890
369 215
886 604
322 199
786 182
761 678
208 738
501 355
672 177
636 226
770 706
398 131
386 731
891 916
620 302
69 560
622 804
364 108
354 317
494 667
654 227
87 792
454 5
761 369
669 574
430 498
415 267
953 944
130 105
114 640
443 978
547 456
586 46
904 559
728 819
103 149
382 84
518 697
82 144
311 80
550 943
310 384
262 295
580 294
339 496
68 210
715 893
976 571
759 832
885 389
707 957
232 475
146 919
607 840
227 429
176 130
530 817
213 602
732 83
24 118
333 468
261 375
390 165
33 504
17 787
215 976
287 551
951 243
534 620
243 283
545 261
432 634
821 496
532 5
436 914
238 34
366 471
907 82
365 12
631 473
760 542
797 103
234 717
398 466
350 971
425 272
797 24
27 111
513 705
165 350
798 738
934 482
147 812
593 684
504 725
48 871
583 777
615 381
165 176
5 327
722 987
317 85
356 557
529 341
588 772
877 381
182 861
460 634
883 960
682 381
779 781
283 474
213 789
141 24
278 211
335 486
834 451
585 991
397 255
382 775
398 552
437 213
631 720
135 591
909 100
892 828
197 402
642 289
901 678
918 402
353 124
495 451
66 570
239 600
19 915
594 953
900 520
250 607
345 941
187 703
793 981
980 429
763 791
698 858
575 576
993 814
922 354
466 870
267 155
236 892
738 730
388 701
247 652
637 456
784 414
953 505
916 967
224 715
389 277
930 27
848 368
884 342
893 128
986 482
15 284
845 29
775 374
656 902
935 108
643 957
485 495
693 10
609 811
350 935
422 16
890 600
691 617
164 687
630 622
397 351
753 113
38 83
773 900
838 682
680 532
329 458
882 678
95 151
939 565
613 78
970 325
388 871
300 716
652 569
679 887
31 588
143 594
204 668
562 266
563 31
734 20
700 412
721 983
944 598
176 544
156 590
875 110
912 244
179 919
491 857
643 100
40 463
663 121
614 457
673 76
336 790
106 176
451 512
520 584
466 40
345 905
773 158
475 282
803 961
367 280
149 981
387 576
120 91
429 453
770 387
555 667
132 888
963 398
778 356
287 117
237 653
589 504
95 891
993 955
704 562
832 615
889 634
708 474
794 30
949 976
862 839
132 670
918 597
668 888
426 383
950 442
772 974
930 638
721 275
449 679
121 962
716 472
18 436
590 603
336 31
172 941
551 243
585 537
208 985
636 505
825 158
313 370
986 137
398 53
653 513
800 987
527 24
711 271
89 4
91 594
244 672
151 820
833 133
449 156
820 389
70 812
566 673
876 552
991 444
259 399
83 723
778 913
514 619
986 604
880 503
178 964
19 527
596 275
306 97
252 805
666 705
957 478
932 311
80 265
334 738
999 212
502 468
31 838
920 471
993 27
225 113
826 513
874 270
782 565
453 129
537 374
958 409
427 618
444 580
266 932
710 811
803 151
44 241
673 743
232 593
249 597
927 62
751 410
846 394
985 806
949 899
219 292
606 522
397 274
633 424
1000 756
135 488
125 220
343 5
937 980
613 359
501 957
963 136
772 69
676 547
208 167
544 961
636 319
67 236
125 830
864 946
901 339
170 239
78 492
30 371
603 95
15 453
18 299
950 672
642 657
717 235
510 891
798 884
433 992
929 392
75 311
846 608
133 155
796 333
872 251
998 879
270 92
933 932
146 22
40 557
866 393
43 674
796 508
269 348
365 307
627 992
464 252
639 541
52 771
900 465
463 475
105 927
40 218
26 277
580 988
429 824
1000 908
822 817
363 60
240 769
118 806
598 508
408 836
213 594
608 636
239 773
538 283
810 516
25 324
524 794
230 319
693 957
231 82
396 485
127 909
954 459
535 122
957 708
872 816
71 326
504 84
852 722
288 853
932 390
440 828
58 375
307 736
672 971
107 750
438 74
223 992
166 933
384 178
902 340
253 681
929 490
941 754
196 191
916 208
851 509
120 369
158 119
876 856
220 724
738 793
154 710
447 95
859 105
684 497
872 426
945 546
930 214
493 158
829 964
178 758
394 395
136 583
622 133
933 614
391 497
169 905
522 911
118 420
9 80
281 795
782 373
492 361
929 160
475 605
924 939
281 900
66 178
764 477
472 197
345 121
955 964
795 875
527 80
790 674
264 320
1000 714
468 992
341 350
118 843
643 476
5 727
467 296
714 811
437 860
959 763
636 596
876 291
876 75
587 184
473 616
790 383
596 186
619 235
305 871
498 786
970 915
225 72
260 729
585 824
469 845
185 682
184 979
408 455
7 289
580 613
351 329
163 127
606 785
706 262
797 996
33 607
749 791
474 763
383 617
205 377
745 348
543 145
171 920
253 109
695 122
898 280
522 412
978 202
872 601
966 308
463 400
474 285
979 322
658 637
901 632
356 428
885 521
688 123
742 130
11 238
765 99
512 265
517 552
258 925
82 206
579 483
906 17
923 917
20 135
703 898
405 587
669 238
998 634
121 918
638 685
678 580
200 515
397 229
540 637
171 130
917 315
998 725
300 246
865 122
821 68
700 891
65 820
207 757
40 598
493 932
919 584
811 451
351 26
281 25
136 73
339 578
673 422
894 868
791 626
186 815
99 66
921 99
815 376
839 390
921 781
888 856
208 570
526 116
430 329
195 836
252 915
93 401
184 435
903 890
210 591
905 501
175 255
2 323
683 696
106 107
66 602
50 119
539 25
672 678
469 752
693 746
2 101
576 2
575 860
525 119
110 793
914 686
954 387
551 764
780 11
656 121
26 514
839 744
571 374
241 879
183 68
720 696
945 93
180 952
185 928
202 590
569 522
632 102
98 798
651 28
820 701
457 741
314 358
722 171
565 751
747 516
470 877
664 208
648 757
920 122
150 691
765 958
302 922
376 642
86 829
608 317
772 606
989 752
171 81
856 999
73 662
324 625
424 627
476 579
6 301
856 918
801 43
267 723
15 17
971 327
759 508
122 26
888 899
892 195
490 783
52 10
569 160
761 648
388 500
302 598
532 387
61 949
908 594
951 940
716 247
679 509
592 301
813 843
887 382
329 247
835 707
195 800
579 525
682 306
620 490
268 471
341 604
184 574
296 24
919 16
353 217
196 625
72 575
288 620
652 316
835 910
213 558
325 36
473 721
663 412
634 284
378 606
775 727
358 7
35 96
110 676
901 781
478 892
466 156
686 304
465 476
910 868
149 202
172 221
466 958
328 52
214 416
904 422
548 573
422 669
295 225
258 834
550 265
358 579
787 585
823 655
862 616
739 720
794 947
935 495
376 670
86 857
472 605
401 551
371 613
427 215
492 516
696 876
95 810
32 513
744 24
907 606
639 937
694 698
184 47
479 24
482 300
618 896
692 399
601 359
938 11
311 337
677 430
293 85
496 47
478 83
61 985
303 12
472 8
184 508
576 910
49 514
640 480
910 143
514 588
36 792
848 562
226 250
745 922
741 855
583 218
396 128
454 394
985 736
115 686
225 929
724 476
266 660
799 514
827 989
97 248
650 894
649 641
724 67
339 39
767 111
366 716
370 691
421 565
614 406
63 660
157 719
343 740
182 290
434 729
393 176
727 578
598 846
110 576
789 363
58 487
685 202
723 491
547 185
715 895
280 964
11 116
534 632
346 333
439 964
215 125
586 627
294 240
520 591
923 904
342 352
322 140
882 365
721 41
25 594
742 961
467 913
803 607
329 912
509 610
223 308
613 124
810 818
635 924
458 583
699 655
612 420
725 643
360 893
332 451
578 487
373 537
982 397
450 786
647 622
330 684
948 50
878 317
977 668
190 707
653 729
405 68
235 822
472 484
643 479
718 897
256 997
300 746
912 492
362 447
587 42
644 947
188 87
100 699
726 723
568 749
416 618
606 101
386 78
80 839
689 623
317 934
211 159
339 82
199 582
257 987
41 956
560 668
925 286
317 535
512 863
782 579
642 524
383 266
6 585
227 790
12 250
993 179
561 407
307 360
714 383
989 295
42 772
813 121
536 547
504 335
713 189
736 10
607 793
868 543
805 259
68 71
508 158
492 891
685 976
228 781
597 134
233 913
622 469
612 905
372 620
194 796
547 768
731 47
803 746
107 777
932 974
813 142
613 15
389 53
392 359
232 102
645 309
293 553
935 110
958 213
815 692
229 903
802 289
952 398
181 804
420 684
995 336
530 471
824 665
222 85
184 231
450 886
566 552
489 772
166 154
792 533
888 251
317 6
209 645
177 493
368 34
611 510
499 824
389 538
84 358
636 923
31 697
252 940
294 601
69 391
89 377
187 708
369 729
135 540
447 798
257 950
746 588
529 226
434 870
400 922
370 872
996 948
297 550
300 899
983 670
178 355
241 925
780 4
340 755
55 24
371 223
499 402
102 29
50 952
183 244
281 372
543 116
653 500
984 949
876 643
625 901
664 819
774 328
137 661
524 359
508 162
238 271
590 32
722 168
745 89
232 164
967 718
415 322
77 4
30 394
74 794
56 769
834 816
674 169
915 177
698 291
996 12
982 235
471 594
792 339
955 801
27 430
483 32
484 719
491 186
824 100
164 717
807 933
477 514
469 238
588 84
244 674
66 874
530 221
861 557
53 528
618 756
688 785
550 107
293 146
773 664
147 251
943 40
198 17
314 626
35 436
823 439
292 45
395 840
27 776
567 946
272 177
491 839
878 817
754 835
336 772
908 102
567 803
179 610
71 720
615 23
597 632
858 824
306 419
277 34
837 442
395 411
146 799
879 723
20 772
813 65
341 704
876 743
570 470
399 480
629 937
135 490
86 636
951 393
452 382
522 932
662 409
668 862
16 641
789 778
21 368
205 243
132 402
6 383
700 50
568 218
194 247
982 132
51 610
532 211
812 707
432 703
420 740
403 270
207 796
759 451
628 380
582 974
268 944
839 299
125 655
769 897
700 915
690 334
545 186
514 811
17 257
458 149
95 88
957 173
427 687
762 839
815 307
782 40
521 929
348 612
274 259
368 106
296 215
815 160
697 256
503 596
500 556
957 399
450 256
490 292
808 193
39 721
104 447
878 866
511 351
585 770
412 810
16 3
469 695
534 197
257 879
205 625
788 592
112 555
956 286
723 125
972 240
395 54
749 817
606 714
884 40
850 136
498 277
11 998
230 238
456 183
578 798
975 256
615 281
70 706
785 652
520 406
108 401
538 844
261 483
524 303
417 173
328 832
916 65
196 158
289 107
934 528
54 341
349 871
834 713
23 344
855 61
531 731
788 234
648 541
311 523
688 270
801 97
431 666
749 445
701 159
511 584
494 382
428 664
213 478
269 412
175 13
683 146
976 408
961 276
303 205
325 645
77 528
118 324
429 743
66 803
838 589
917 828
810 162
919 260
387 143
995 98
657 797
435 155
661 905
938 761
905 479
504 950
451 849
378 979
643 367
669 449
652 487
643 252
383 471
153 872
623 953
2 363
22 90
244 862
407 660
983 757
390 199
257 843
420 257
24 618
667 768
745 544
567 875
685 156
83 182
90 614
349 647
723 390
29 521
945 896
125 416
16 924
951 238
481 483
737 294
349 568
480 713
957 825
674 305
620 661
733 850
974 420
528 644
779 150
674 416
33 296
876 958
772 981
977 17
299 45
449 728
640 120
793 573
381 489
439 713
157 56
919 868
673 90
83 877
835 314
484 724
892 185
341 173
126 909
308 474
455 85
347 628
578 456
384 795
35 863
402 242
42 157
778 617
673 277
783 216
479 882
92 779
53 571
768 827
627 986
65 453
748 190
108 29
550 76
202 214
114 906
635 340
249 145
526 485
1 437
487 187
35 522
217 435
918 339
259 178
297 267
151 96
144 242
385 652
230 362
467 36
442 362
253 956
469 879
20 515
212 993
337 385
138 972
428 886
585 171
470 679
490 161
899 684
37 572
993 222
352 194
244 80
483 824
103 303
383 527
901 952
849 511
262 226
103 444
769 550
148 141
79 439
140 537
541 789
552 617
916 138
415 61
996 193
968 249
233 362
54 354
493 322
525 795
30 395
87 238
215 917
219 478
147 173
61 527
833 606
296 715
890 665
925 102
105 475
626 582
179 265
981 279
643 858
807 983
494 310
939 231
925 392
476 808
347 592
717 825
104 443
627 521
919 479
688 643
503 450
985 71
126 651
363 311
623 573
716 241
113 268
331 341
188 314
777 371
778 924
486 563
322 560
587 100
396 763
84 394
60 569
631 887
687 65
69 378
255 67
115 724
905 218
728 61
987 792
18 571
457 105
19 750
521 92
168 355
761 36
923 501
616 865
838 224
228 642
713 26
236 929
483 852
543 218
491 757
37 673
422 945
738 558
64 481
962 666
525 716
291 298
489 501
430 739
131 357
328 805
849 133
836 227
928 756
910 900
362 524
200 383
498 124
289 63
626 832
698 341
649 271
206 548
911 139
34 877
492 497
700 846
188 641
6 271
123 183
964 519
659 211
616 84
797 161
47 838
639 824
655 7
824 1
146 21
612 224
728 477
229 688
517 313
950 880
39 691
209 716
211 519
895 992
363 275
539 308
502 250
838 256
823 564
203 315
350 446
127 168
58 929
793 562
265 187
154 508
342 256
865 128
336 850
614 517
425 551
923 288
466 461
809 329
573 288
867 607
797 876
525 445
413 611
568 928
52 841
118 630
357 774
98 466
30 88
646 546
214 180
462 67
135 43
963 442
505 988
894 70
2 764
640 854
152 145
695 49
447 378
185 847
992 329
665 469
43 709
858 430
451 12
519 890
590 25
576 852
902 117
708 254
263 421
985 545
146 693
140 232
238 439
738 903
981 676
929 186
695 471
744 231
748 663
158 423
920 850
248 913
674 833
364 799
754 147
928 220
565 153
604 689
778 626
174 603
951 865
780 472
97 606
574 216
408 927
373 825
784 522
892 491
216 124
469 278
615 802
653 808
196 917
378 976
749 319
606 216
555 136
601 504
452 590
442 484
780 316
861 167
787 700
257 985
663 895
866 863
760 454
387 330
26 22
266 537
503 974
185 687
520 592
495 6
888 362
979 21
961 738
301 1
943 950
837 95
743 163
625 701
991 986
940 856
231 780
451 317
15 932
568 811
862 589
757 313
794 309
979 883
695 672
50 613
519 631
928 862
391 822
582 463
840 58
548 331
642 784
989 455
349 936
285 448
367 554
417 72
309 458
4 795
539 997
212 569
850 798
82 692
949 154
517 934
220 554
811 137
314 419
760 719
449 328
871 709
366 285
877 648
107 319
918 222
699 572
313 233
167 194
777 154
831 43
262 722
673 476
213 256
584 364
33 250
479 6
993 701
961 259
265 479
765 676
144 664
221 902
39 277
99 502
692 65
529 845
576 554
947 689
448 349
179 479
852 371
919 299
354 11
140 402
912 443
506 190
222 18
170 649
905 506
749 127
514 562
351 987
248 472
563 99
321 668
405 106
681 428
923 379
601 325
10 346
642 257
370 870
261 981
135 828
249 867
49 176
16 76
185 715
816 483
451 392
901 790
849 621
599 601
675 672
141 589
438 49
831 570
153 391
889 909
301 775
20 977
404 112
557 86
135 384
759 541
177 650
896 216
626 635
862 843
676 523
630 317
423 26
302 921
863 536
555 347
133 897
790 323
212 910
20 277
669 96
817 693
626 63
700 794
372 307
185 323
631 306
777 7
468 726
910 485
716 12
844 89
762 702
892 333
985 469
491 364
240 172
743 698
329 923
51 196
587 406
117 331
30 870
749 374
456 995
588 820
934 776
188 426
672 487
58 906
849 909
991 350
151 391
999 149
174 988
399 953
435 496
273 509
582 56
839 939
199 520
416 522
900 573
637 584
899 383
280 717
544 871
68 340
46 464
608 801
239 269
976 709
560 900
618 134
466 155
321 680
638 221
208 210
641 325
860 79
953 603
189 921
667 745
671 851
301 875
451 130
617 983
212 974
565 607
984 770
626 927
256 3
58 147
366 98
161 154
474 67
4 560
578 589
320 869
137 401
200 438
394 256
557 331
572 220
670 148
449 304
268 844
513 847
114 444
167 138
668 493
872 80
670 295
963 827
782 413
507 215
540 727
189 319
247 233
820 71
696 77
38 12
39 733
578 49
118 382
302 625
571 633
360 546
298 968
626 261
560 427
114 753
596 605
745 731
145 91
835 227
645 286
459 775
44 879
527 798
714 819
293 180
740 611
353 315
373 70
311 153
322 644
142 427
952 627
830 628
645 96
453 79
201 958
130 98
884 741
101 733
373 152
466 458
654 433
931 876
326 870
534 219
102 249
927 504
201 152
529 128
222 550
741 542
103 225
609 100
737 175
225 371
872 978
595 476
395 441
550 819
6 797
58 680
797 574
779 31
820 705
332 658
971 887
383 855
115 13
225 605
464 243
970 831
694 89
468 660
699 821
572 573
63 697
962 385
102 660
927 973
312 310
275 426
738 900
280 276
808 950
368 637
664 442
313 204
405 676
688 256
216 513
754 1
864 705
541 125
962 210
783 32
125 544
473 7
406 605
566 579
416 113
695 869
97 748
176 973
632 827
619 675
341 489
382 735
994 453
633 515
389 547
283 32
1 791
700 663
97 974
297 156
795 141
282 872
766 944
821 593
644 958
866 122
575 582
979 329
31 996
821 706
273 308
884 586
387 316
705 297
395 793
32 573
757 117
795 344
282 445
802 692
322 906
185 686
719 169
125 348
396 276
127 818
555 805
918 241
97 507
116 1
504 483
90 612
767 984
989 292
920 469
154 917
284 836
802 777
395 421
968 481
332 632
675 25
559 999
764 603
490 971
289 811
401 817
823 978
517 643
989 454
883 127
629 999
138 16
211 570
933 203
855 334
949 872
315 616
890 784
266 444
730 889
233 807
967 628
949 153
72 355
20 131
684 154
579 116
727 20
698 235
548 697
741 280
241 237
294 369
375 126
982 194
103 943
688 886
312 48
367 522
759 276
101 339
839 348
271 208
916 223
616 173
890 468
769 975
807 787
901 218
538 841
321 960
288 247
161 639
364 34
183 621
169 20
23 337
99 215
363 719
585 668
506 191
896 174
421 438
425 64
648 452
946 215
911 567
754 632
633 889
960 455
524 760
687 28
770 821
932 149
936 80
629 493
813 662
170 936
785 381
36 49
81 728
903 421
616 775
600 140
561 790
965 124
178 286
894 329
669 557
19 946
738 294
114 960
659 942
621 926
662 39
634 251
712 804
860 100
914 844
993 845
41 712
572 594
28 962
513 166
788 360
736 41
20 978
402 746
833 897
872 697
10 232
506 859
654 933
487 940
551 571
238 274
954 963
497 808
993 559
630 2
51 877
158 179
397 809
894 377
146 619
419 549
152 488
176 478
769 367
802 965
42 366
336 20
501 710
726 257
285 197
640 508
548 733
21 571
260 261
893 385
640 363
364 721
384 553
351 469
208 877
82 842
691 584
48 966
268 911
240 350
731 487
85 74
838 632
530 329
948 200
791 658
929 685
706 313
778 922
726 828
748 156
970 354
199 852
790 473
4 326
340 94
178 81
804 749
877 465
314 625
602 914
83 308
763 406
191 897
782 796
749 663
932 137
236 366
558 839
814 173
26 967
250 446
295 712
940 515
922 18
61 486
909 824
472 942
253 862
20 545
735 634
738 458
278 873
7 357
46 501
448 516
840 262
444 560
550 788
650 666
48 120
582 389
819 981
72 78
236 833
366 880
917 96
332 896
23 765
285 278
340 871
626 924
439 75
846 169
464 167
911 503
159 626
396 864
146 591
759 521
530 745
976 145
722 429
172 910
284 368
692 373
161 507
263 580
721 227
651 760
877 992
119 36
511 550
846 613
523 514
860 877
75 443
4 117
482 411
246 416
792 995
691 725
307 220
306 601
181 571
369 811
23 296
8 223
27 173
193 197
786 82
715 120
575 732
619 996
502 248
341 310
913 93
403 975
98 461
887 719
134 941
139 533
636 589
904 180
240 774
495 726
574 495
813 589
117 64
249 56
430 103
841 284
179 933
71 403
607 365
900 643
794 138
960 190
335 46
690 107
55 191
662 909
865 247
154 156
687 298
982 882
309 560
562 128
202 563
392 819
716 860
219 860
58 82
955 192
483 707
141 741
453 531
147 408
688 84
889 565
194 901
38 446
820 625
486 421
826 57
385 396
613 134
501 924
357 203
986 264
362 622
346 107
440 492
167 75
610 858
228 75
112 849
368 638
332 25
632 495
218 208
293 642
973 352
425 282
13 515
34 766
331 378
397 21
555 64
994 406
482 460
209 524
765 527
50 261
324 875
612 134
639 687
435 111
763 131
395 685
549 772
307 425
113 458
888 944
705 14
329 306
2 376
446 911
182 625
473 627
594 657
378 988
98 320
453 602
407 800
357 757
726 582
875 120
641 960
839 989
201 89
956 990
881 629
133 715
250 204
571 496
720 982
883 514
55 535
775 650
706 805
374 607
568 958
71 661
22 443
944 285
529 949
750 961
913 534
916 121
959 414
742 421
854 867
799 38
361 78
704 556
542 988
673 531
34 239
822 124
320 162
43 263
137 718
284 619
357 107
103 635
666 295
404 370
66 303
873 197
301 596
950 323
775 364
190 212
981 567
104 21
215 867
915 153
509 514
864 639
646 219
425 485
975 805
636 677
578 340
173 912
134 414
561 642
247 35
48 987
857 283
697 450
57 867
60 518
99 504
753 107
56 421
277 771
117 708
777 459
174 629
123 351
622 887
313 683
463 921
325 920
491 416
952 641
112 91
485 447
443 709
796 199
535 38
529 452
550 466
239 823
848 766
953 936
586 398
348 845
314 717
862 361
26 249
724 16
150 853
359 79
537 755
511 272
944 731
854 386
527 740
88 605
453 151
386 368
336 939
387 569
465 713
852 291
395 226
215 509
490 172
93 961
432 109
710 848
177 249
73 365
491 522
860 829
367 407
791 497
402 987
271 605
533 170
1 73
789 16
385 298
884 146
775 29
301 918
56 551
58 253
665 403
959 337
581 751
587 878
876 925
976 807
663 793
261 329
686 618
780 731
215 918
971 540
433 814
845 59
206 719
910 713
489 569
18 449
592 998
636 503
618 518
820 254
124 195
967 889
808 798
574 805
132 216
995 368
636 102
337 98
666 815
327 111
684 706
303 134
587 315
805 320
199 49
772 415
921 835
98 196
355 207
429 556
433 553
252 605
937 233
666 553
446 613
29 265
433 442
165 963
326 94
329 202
40 115
974 666
207 233
11 562
174 994
672 771
642 368
365 653
813 761
547 469
988 353
654 586
453 139
435 656
440 806
383 718
115 868
872 873
690 422
234 249
235 463
918 792
813 44
763 981
382 285
333 199
625 933
633 434
894 267
621 27
508 49
163 630
168 960
872 436
208 264
308 732
603 36
68 96
132 414
560 337
160 257
238 533
61 641
498 861
650 174
523 436
427 347
156 187
786 798
588 150
536 777
593 296
868 230
160 294
883 157
27 319
155 482
799 949
361 794
382 673
808 536
311 767
937 180
445 650
49 948
833 903
765 844
415 589
911 840
182 840
311 620
776 197
856 435
106 574
240 936
870 692
781 221
469 593
92 748
292 510
520 857
117 79
559 24
652 334
746 625
249 63
856 209
213 604
533 701
602 654
6 727
226 473
357 545
358 250
487 418
897 642
814 57
157 714
240 628
64 642
653 342
638 364
169 675
362 939
499 78
432 53
196 22
537 118
573 624
389 430
488 876
751 309
480 656
210 265
963 221
12 535
307 673
414 135
594 419
197 686
698 389
156 388
367 786
461 361
688 179
581 584
859 186
933 671
560 381
707 510
599 52
866 499
358 834
401 407
863 739
351 415
868 11
597 467
66 29
765 669
826 515
497 447
100 876
17 336
496 241
294 900
43 644
564 451
639 686
251 377
154 303
491 310
739 28
79 551
460 491
837 945
529 334
1 789
702 428
23 444
939 607
923 114
80 75
951 512
421 353
239 513
540 249
669 539
913 969
640 783
239 643
875 34
3 238
824 96
207 86
230 477
620 205
344 624
60 735
537 647
75 704
885 223
961 743
893 740
275 927
63 516
653 378
434 560
897 904
21 240
774 470
480 350
997 791
873 281
266 201
710 644
78 114
444 397
506 837
86 696
582 605
369 340
483 476
545 329
836 472
713 531
695 391
940 302
100 83
617 207
363 771
609 167
975 804
155 543
749 219
602 172
17 530
789 544
646 363
226 648
52 170
91 977
4 954
455 81
648 795
317 400
817 872
808 577
938 972
705 975
632 857
269 158
911 787
576 604
830 833
498 726
835 749
729 114
251 498
536 654
294 642
443 708
904 850
299 792
417 993
933 41
258 243
773 560
984 574
661 166
454 471
649 627
616 762
600 31
430 156
698 692
623 985
404 575
758 816
453 150
970 768
349 453
442 217
806 957
935 999
991 827
760 195
729 779
410 490
84 517
103 299
90 582
417 414
254 173
538 966
41 718
183 861
827 452
242 796
722 18
58 250
346 394
542 840
484 176
251 647
180 649
751 210
864 830
4 607
703 863
459 974
447 157
855 112
694 950
753 458
146 760
665 684
925 98
229 853
713 664
533 365
591 731
263 652
488 352
716 440
554 303
60 692
743 977
269 416
507 189
114 377
8 86
209 587
963 638
306 321
434 368
916 552
98 197
812 905
374 62
679 507
893 99
740 763
504 899
173 631
89 303
627 811
866 177
83 329
635 372
833 805
325 780
130 490
460 785
581 475
726 540
412 940
734 251
184 691
295 885
139 457
297 192
291 146
878 826
257 774
496 596
335 312
325 447
861 29
679 908
166 801
775 717
3 850
173 123
926 587
804 163
37 732
870 55
926 357
785 667
699 189
684 431
298 766
72 741
659 539
292 716
538 740
815 932
765 37
693 312
513 930
377 889
151 685
925 70
711 565
643 813
868 16
815 619
726 146
48 533
494 207
240 493
664 383
902 969
173 983
962 124
708 520
217 51
403 642
132 76
433 763
699 955
706 488
446 695
364 100
293 32
576 900
378 952
251 442
605 519
274 655
203 319
648 384
575 559
636 591
231 357
857 782
884 625
106 977
550 362
302 840
222 779
81 661
282 420
290 707
699 285
330 360
850 558
831 776
228 723
67 599
455 784
228 674
779 306
690 331
620 904
344 691
272 432
632 368
646 550
940 393
831 750
504 313
555 40
732 97
309 720
324 921
495 5
387 814
465 50
671 6
178 672
807 454
845 783
629 904
133 659
299 183
318 657
546 364
253 420
716 572
414 608
224 662
442 230
391 748
627 24
612 332
707 718
25 596
431 560
17 932
238 42
683 491
872 32
873 777
503 66
285 139
233 618
622 140
933 623
271 72
609 775
77 809
104 217
403 308
39 365
427 471
856 707
878 340
234 843
648 207
332 328
178 930
251 376
743 110
882 698
810 175
406 690
563 365
731 931
678 110
330 968
536 691
409 511
838 352
839 185
973 819
249 105
156 755
512 605
550 263
827 910
353 27
575 976
743 306
729 416
272 111
92 352
787 704
709 842
240 691
230 466
982 813
514 255
570 563
629 40
41 567
762 395
894 132
144 312
435 715
793 989
975 461
756 858
289 325
358 449
34 267
287 975
327 231
701 621
685 40
923 735
624 755
876 661
932 647
92 164
938 920
958 643
452 300
438 331
629 620
432 816
825 831
845 132
829 799
774 128
100 461
856 867
713 530
785 909
756 656
150 793
579 121
673 236
581 555
747 831
803 609
734 791
458 530
441 800
995 457
996 22
246 605
781 281
30 690
919 720
282 663
345 761
716 484
627 643
648 796
497 346
907 119
657 978
821 879
968 749
329 609
554 149
657 867
730 299
365 500
131 324
244 763
561 27
486 520
472 454
9 434
317 217
303 947
144 856
827 573
599 781
418 522
315 536
739 358
499 717
232 816
620 163
235 199
308 825
352 505
315 239
5 871
581 749
639 22
931 809
701 687
775 744
427 518
282 271
840 493
328 193
2 926
721 542
79 156
849 202
859 648
346 493
360 452
201 294
239 346
560 875
510 674
646 923
538 798
137 671
590 59
680 781
466 981
554 681
146 983
538 641
336 489
827 982
998 319
546 148
621 944
901 726
388 959
523 172
779 871
