19

279 176
179 192
192 168
68 193
193 138
76 194
194 38
136 195
195 94
79 196
196 76
120 197
197 103
80 198
198 136
168 199
199 127
118 200
200 132
136 201
201 91
79 202
202 37
113 203
203 37
167 204
204 110
76 205
205 116
104 206
206 98
47 207
207 180
35 208
208 65
76 209
209 164
9 210
210 97
148 211
211 152
71 212
212 138
87 213
213 12
120 214
214 71
31 215
215 112
37 216
216 109
165 217
217 115
140 218
218 62
117 219
219 88
78 220
220 139
95 221
221 38
9 222
222 182
164 223
223 120
148 224
224 146
102 225
225 5
131 226
226 147
79 227
227 20
7 228
228 53
108 229
229 152
3 230
230 43
138 231
231 153
49 232
232 159
159 233
233 120
55 234
234 59
78 235
235 34
188 236
236 38
9 237
237 29
94 238
238 177
68 239
239 120
111 240
240 165
48 241
241 141
43 242
242 11
119 243
243 183
126 244
244 113
146 245
245 115
49 246
246 100
159 247
247 25
93 248
248 156
31 249
249 167
47 250
250 169
7 251
251 146
144 252
252 121
140 253
253 120
39 254
254 86
118 255
255 108
4 256
256 112
127 257
257 108
79 258
258 60
172 259
259 136
157 260
260 177
191 261
261 48
52 262
262 107
80 263
263 129
72 264
264 62
54 265
265 114
94 266
266 63
73 267
267 22
12 268
268 38
98 269
269 118
45 270
270 169
151 271
271 123
73 272
272 120
74 273
273 105
90 274
274 119
117 275
275 125
9 276
276 125
61 277
277 35
77 278
278 73
11 279
279 6

289 202
133 189
189 37
23 190
190 60
137 191
191 55
82 192
192 112
128 193
193 171
50 194
194 166
40 195
195 113
70 196
196 12
100 197
197 94
100 198
198 28
3 199
199 86
46 200
200 26
113 201
201 22
146 202
202 31
136 203
203 91
60 204
204 36
169 205
205 15
3 206
206 40
28 207
207 142
99 208
208 120
7 209
209 35
156 210
210 34
102 211
211 64
141 212
212 166
164 213
213 108
138 214
214 144
158 215
215 36
22 216
216 32
173 217
217 151
127 218
218 41
17 219
219 96
106 220
220 51
110 221
221 45
1 222
222 73
123 223
223 117
20 224
224 176
85 225
225 164
67 226
226 122
183 227
227 7
62 228
228 81
109 229
229 106
176 230
230 147
127 231
231 147
122 232
232 125
72 233
233 40
188 234
234 142
39 235
235 75
181 236
236 185
118 237
237 175
148 238
238 74
93 239
239 46
167 240
240 8
181 241
241 142
101 242
242 37
110 243
243 103
6 244
244 62
60 245
245 47
1 246
246 32
158 247
247 53
9 248
248 138
78 249
249 9
66 250
250 100
144 251
251 71
188 252
252 113
150 253
253 184
75 254
254 159
12 255
255 132
29 256
256 164
28 257
257 25
108 258
258 163
40 259
259 31
92 260
260 175
103 261
261 34
109 262
262 33
92 263
263 61
45 264
264 131
11 265
265 1
132 266
266 118
164 267
267 84
22 268
268 114
53 269
269 110
93 270
270 28
55 271
271 127
157 272
272 180
106 273
273 14
14 274
274 143
166 275
275 140
103 276
276 125
1 277
277 97
32 278
278 119
146 279
279 10
38 280
280 146
41 281
281 131
173 282
282 165
142 283
283 91
85 284
284 100
19 285
285 118
81 286
286 151
119 287
287 123
107 288
288 147
139 289
289 77

339 1609
311 331
45 230
50 243
240 56
114 7
130 192
179 167
17 64
228 214
207 147
122 63
323 82
275 279
5 93
49 51
233 302
251 219
179 221
71 283
115 325
286 179
182 96
260 188
240 54
311 206
225 137
318 4
113 70
131 54
64 243
282 182
236 303
234 120
114 223
150 298
289 57
308 195
294 298
244 288
233 49
269 25
310 223
155 52
237 69
319 20
180 219
38 9
59 116
243 262
301 260
158 317
184 269
116 242
63 96
52 215
198 338
169 104
243 241
262 85
15 308
328 235
273 331
248 269
229 224
145 206
69 114
72 127
181 259
76 228
83 42
250 140
35 143
201 155
278 204
153 88
93 323
14 48
57 88
261 155
243 78
207 124
37 66
81 232
200 266
241 53
224 107
135 145
68 180
88 213
288 98
117 86
285 326
128 143
238 147
162 98
110 276
172 258
249 94
303 194
164 209
183 130
133 271
136 61
48 143
98 152
231 235
236 246
57 106
13 261
55 142
41 113
7 246
89 285
132 146
283 333
161 179
181 48
242 62
277 82
164 47
196 279
97 4
225 79
211 12
269 201
17 112
240 71
77 150
34 75
131 9
145 228
209 183
66 133
306 33
205 131
208 105
30 310
237 317
97 29
250 56
94 2
308 35
71 331
273 144
220 76
41 140
235 66
93 160
222 267
115 258
62 112
109 288
151 138
121 152
130 204
205 251
85 312
270 106
289 325
151 104
301 134
107 116
59 265
242 43
277 291
320 133
13 158
15 5
36 158
130 199
8 301
229 70
284 42
38 249
187 139
118 267
212 113
142 228
144 241
206 4
338 315
82 260
32 145
51 239
92 334
128 319
202 282
95 158
28 197
176 198
185 307
233 305
44 271
284 80
233 194
45 250
127 111
67 154
195 171
40 327
335 144
178 160
127 135
222 169
157 108
143 169
23 185
185 67
104 13
88 316
56 293
238 257
224 204
34 14
3 322
105 163
214 271
92 98
60 91
48 269
253 145
163 153
273 262
23 182
49 226
98 42
62 28
102 183
14 276
221 336
277 25
50 24
309 163
234 297
238 234
75 315
297 216
57 199
264 90
230 115
125 263
254 117
276 180
189 128
314 25
116 237
273 62
261 90
185 336
86 144
329 240
96 248
109 162
92 254
240 223
237 179
213 314
304 239
108 252
186 312
24 147
62 128
302 36
275 2
265 56
285 165
323 270
220 337
222 85
332 64
229 13
205 10
88 89
291 19
78 290
101 67
214 290
288 85
323 245
24 154
281 186
322 332
329 115
250 26
195 288
256 34
130 23
314 165
41 174
26 282
335 276
254 145
204 331
135 40
144 48
57 95
9 220
266 184
241 91
301 23
69 11
199 230
329 31
86 188
110 253
257 2
211 144
67 202
86 303
18 71
184 291
130 118
174 119
160 77
245 247
124 322
298 188
203 105
140 171
219 47
162 11
238 155
154 305
317 195
282 295
40 184
294 40
102 127
288 113
328 8
49 271
213 57
167 205
84 330
82 224
84 185
177 60
269 145
14 243
252 330
62 223
217 22
231 320
207 85
264 225
193 13
164 87
57 123
335 14
248 160
78 153
82 219
135 306
107 308
147 288
186 262
116 14
70 6
307 336
330 211
24 271
248 312
216 161
295 323
137 52
306 235
231 102
227 142
322 155
16 236
18 128
2 326
111 88
261 337
28 41
160 81
108 196
334 119
192 151
202 272
130 85
100 45
304 320
184 219
317 316
135 288
232 183
271 223
296 62
265 338
141 138
327 20
39 85
240 21
169 31
151 155
178 215
220 272
315 89
226 203
287 23
36 277
240 302
130 261
313 35
186 275
260 75
153 23
105 321
203 3
21 8
4 48
196 98
325 55
312 84
97 56
5 223
154 161
104 150
287 143
222 31
139 140
158 77
16 209
258 119
309 47
62 226
283 243
34 301
289 19
328 82
258 120
188 291
7 179
283 17
136 152
74 25
204 255
134 205
46 163
249 21
251 188
17 292
208 68
303 106
272 187
250 111
200 226
208 285
244 62
210 122
287 2
320 238
19 202
22 2
280 18
136 332
270 166
199 260
1 261
293 154
261 278
300 316
323 229
234 127
307 274
329 206
311 298
39 300
305 280
128 32
294 305
260 190
255 275
329 40
50 194
239 224
115 46
280 155
104 257
142 103
169 286
194 270
158 312
252 51
255 198
238 10
279 310
300 12
266 140
90 5
274 265
167 139
264 271
316 99
102 89
288 95
133 297
324 114
309 189
188 148
100 22
315 27
61 72
320 206
11 201
293 181
298 192
301 181
302 189
186 151
211 133
284 130
285 12
306 147
326 214
166 218
52 216
144 20
281 96
12 167
185 32
3 105
297 324
336 84
221 322
29 111
213 45
142 235
151 278
142 154
184 87
301 22
33 182
163 77
93 297
50 162
44 312
210 80
49 86
15 243
96 23
167 73
65 118
284 144
218 35
145 257
113 322
80 64
45 307
237 150
137 104
231 263
179 293
16 129
167 316
214 308
303 187
114 248
43 77
338 237
292 206
78 140
118 103
137 145
214 335
309 105
240 155
96 37
132 137
216 212
271 45
223 256
244 276
250 63
68 90
333 106
134 101
158 111
291 55
93 308
38 202
160 68
142 84
253 292
320 282
176 68
73 137
262 150
46 84
241 194
325 158
320 56
247 40
122 124
127 237
56 45
114 146
279 152
264 26
109 216
46 247
338 327
67 169
179 231
218 7
1 96
130 91
81 261
281 272
14 28
124 189
17 96
238 173
331 256
24 46
262 24
251 34
288 40
20 26
4 265
65 186
323 171
325 270
283 156
232 111
323 312
41 282
253 124
209 321
194 55
251 74
214 50
308 51
24 53
118 67
125 147
307 304
37 231
222 189
285 67
169 141
188 228
190 192
135 122
30 297
238 204
189 67
172 253
105 38
108 21
274 246
129 5
7 262
6 15
300 163
245 270
231 174
236 256
92 29
313 147
288 260
261 100
159 270
20 64
294 244
164 157
184 254
55 29
97 281
283 313
309 95
224 7
262 145
238 276
275 266
149 301
282 277
66 70
68 152
39 242
139 21
113 178
120 220
88 261
235 182
219 327
310 201
222 127
95 247
316 224
117 134
261 300
11 317
97 299
25 54
334 40
65 159
74 144
185 115
63 118
34 175
217 245
309 210
314 143
194 18
33 239
273 212
21 260
335 306
123 41
323 228
197 317
91 64
113 211
243 317
44 237
209 253
225 289
288 177
256 298
317 58
137 74
278 318
318 154
232 130
159 36
292 311
313 71
48 308
49 186
224 138
314 46
335 89
321 333
32 280
202 149
149 40
43 322
264 232
162 259
108 254
198 316
202 119
166 81
187 188
107 327
3 139
115 142
80 92
322 57
37 93
97 85
44 1
287 80
297 305
244 19
246 267
14 189
40 109
61 297
128 330
20 328
97 253
25 131
210 129
198 328
292 210
279 9
126 243
246 247
251 248
198 106
205 337
228 67
339 64
97 246
297 1
267 316
255 36
273 24
55 181
169 95
280 118
209 65
65 271
253 280
255 20
133 259
192 182
174 10
73 296
37 306
55 46
172 301
281 315
195 272
190 21
107 252
221 215
23 26
281 226
83 170
250 268
91 186
186 161
84 17
62 162
114 72
174 124
267 241
179 115
104 221
257 225
85 155
75 93
223 109
190 293
192 132
104 38
284 231
237 246
195 286
160 300
16 97
126 156
281 67
10 92
88 62
17 6
204 114
113 10
167 301
78 263
137 234
248 319
236 285
327 43
57 8
148 260
163 275
247 261
126 308
143 254
309 311
170 302
262 151
87 301
259 57
52 43
228 159
230 48
322 305
69 291
290 294
99 65
9 150
283 134
182 38
96 163
22 106
95 128
304 331
236 109
273 253
66 99
16 238
253 324
202 60
4 266
87 221
38 84
322 92
163 312
309 313
74 197
44 58
51 24
227 164
210 39
283 231
156 111
67 9
162 322
143 164
27 250
48 165
140 64
124 93
269 153
218 22
333 188
336 181
108 22
56 84
312 62
158 72
215 41
181 233
330 123
65 139
28 57
319 95
19 294
186 264
114 15
265 23
194 320
285 204
35 275
109 264
169 6
81 164
178 204
143 67
100 279
233 319
328 197
114 183
204 194
299 11
286 322
312 238
331 193
22 135
152 162
141 267
11 18
212 26
89 158
89 337
108 155
92 125
294 127
240 173
317 39
71 248
50 309
204 97
136 129
63 147
155 210
258 337
132 85
263 23
272 37
97 208
73 95
80 7
133 3
101 196
175 55
268 128
63 152
30 83
17 206
76 277
231 205
322 36
71 238
275 102
191 282
30 203
52 124
210 106
177 115
106 43
288 90
35 109
79 224
168 53
243 127
29 51
215 253
19 5
80 245
133 33
31 192
277 192
93 333
260 31
66 218
213 25
292 69
241 221
336 247
52 211
328 305
316 306
7 142
264 312
276 257
295 147
43 186
156 32
303 247
209 231
267 124
255 246
23 289
335 46
128 181
220 299
172 198
301 27
195 127
162 108
272 303
183 27
60 153
105 142
252 235
307 189
284 302
68 216
328 101
186 15
332 226
170 286
174 115
195 298
239 6
167 176
251 287
105 230
291 87
256 224
206 179
321 113
325 212
2 281
96 41
104 57
280 197
221 52
22 79
315 179
208 23
124 155
162 15
18 264
57 214
224 247
61 81
287 78
217 339
40 265
82 124
234 187
3 89
22 280
310 7
84 334
266 169
213 174
197 36
202 330
208 328
269 93
92 234
137 301
155 154
15 276
127 78
201 259
115 197
99 82
119 320
101 139
123 313
170 65
81 215
155 226
105 217
40 162
62 194
46 301
31 59
313 117
117 45
169 41
79 97
286 30
64 128
251 47
244 70
322 270
45 132
29 74
146 294
5 225
317 122
322 103
202 170
60 220
225 206
300 150
280 201
230 40
217 101
40 63
171 97
28 91
148 194
15 1
143 124
202 213
274 326
63 309
175 250
13 235
159 92
237 2
76 330
135 116
235 197
146 280
293 18
226 87
52 146
220 166
296 153
322 232
14 263
77 7
298 129
323 155
124 85
16 54
110 32
117 178
227 283
162 60
218 129
130 213
224 184
31 119
269 115
1 160
59 86
19 323
150 259
153 29
134 201
193 118
305 234
107 95
168 233
101 320
49 255
318 20
204 107
45 63
66 68
111 121
222 148
150 282
117 98
213 4
106 78
255 212
332 201
120 222
301 61
221 230
281 49
125 266
107 259
147 335
28 7
15 332
167 1
213 323
132 319
69 42
269 13
12 313
66 86
284 1
31 98
107 181
20 206
255 218
203 32
97 232
217 252
53 179
243 230
6 267
142 300
305 133
274 98
147 202
115 139
313 295
83 35
105 242
55 217
239 91
98 51
151 63
140 237
38 2
187 267
43 213
268 72
12 53
73 224
241 220
206 121
81 299
195 232
68 122
58 48
27 283
318 59
287 82
35 141
271 227
40 277
59 19
298 207
154 328
289 93
255 96
107 320
76 146
288 311
169 84
167 264
102 255
11 195
326 34
258 335
42 32
284 101
288 96
182 214
115 241
325 123
120 264
191 168
36 113
336 288
303 339
201 135
318 180
14 141
70 30
277 75
284 147
70 169
309 149
194 215
218 209
255 313
112 57
148 79
332 168
167 168
83 63
195 108
257 337
322 290
31 52
87 59
236 297
245 21
65 76
219 173
10 192
142 282
168 113
163 3
157 177
307 147
273 298
227 104
129 94
274 95
152 24
82 220
207 313
132 65
309 127
313 116
304 12
252 127
36 6
39 59
214 39
103 175
273 213
31 35
203 16
97 184
65 87
90 73
312 67
76 164
21 106
274 131
37 290
336 259
278 219
91 107
182 285
41 293
131 122
138 232
325 176
317 1
314 239
118 215
338 204
46 101
200 202
58 232
3 338
6 120
128 22
332 283
212 126
159 236
71 126
254 170
76 331
272 74
165 70
152 197
189 64
306 297
111 5
185 310
331 307
152 116
191 328
63 247
90 179
218 108
22 130
27 245
65 58
68 17
271 11
79 68
195 33
1 310
20 67
9 105
84 224
157 246
23 226
185 245
322 116
125 89
291 298
313 266
332 34
118 56
210 313
29 222
214 90
61 152
121 296
250 211
181 249
186 244
205 195
82 69
107 87
36 332
199 48
74 148
311 321
45 224
338 176
176 224
18 328
96 311
156 222
166 35
44 241
9 337
234 131
73 204
91 253
207 153
67 289
71 243
55 256
152 33
202 241
189 298
284 2
222 306
62 155
121 112
33 76
14 94
17 266
129 110
203 35
5 174
114 337
319 311
286 196
56 138
89 313
199 249
221 268
81 23
301 191
122 294
242 132
69 249
331 49
241 218
123 218
231 85
293 39
210 285
33 167
111 47
44 335
90 246
223 13
268 73
90 153
91 192
131 268
227 223
262 188
195 318
130 25
316 135
125 231
185 178
77 68
23 8
228 269
217 52
18 63
111 165
242 20
277 56
297 327
325 113
145 192
59 333
206 65
101 149
29 3
16 120
317 179
86 79
215 158
18 167
93 300
293 186
138 195
88 212
142 124
180 183
62 183
230 227
236 254
145 268
309 139
207 122
122 245
69 101
35 301
202 326
131 139
287 67
271 240
4 298
45 13
229 139
29 318
88 219
255 17
258 141
45 158
230 337
14 61
107 315
309 148
23 305
286 43
312 23
198 200
201 143
275 250
202 277
270 3
257 30
167 66
72 11
272 104
275 37
93 7
97 260
102 278
216 64
71 194
275 146
167 160
64 180
262 43
93 311
114 297
43 152
135 328
31 60
336 102
72 50
311 134
172 21
191 198
47 77
13 312
197 43
70 299
59 198
10 91
244 223
288 141
96 48
303 79
164 92
148 246
192 269
121 153
11 150
32 241
270 250
317 208
162 137
134 227
318 284
265 144
14 110
162 335
143 270
110 162
148 270
169 135
306 165
56 218
327 178
22 105
33 331
291 88
19 63
147 114
177 33
263 55
68 157
330 199
313 133
259 266
282 98
46 251
137 117
207 209
96 189
6 238
334 235
305 28
202 211
2 20
331 317
167 324
297 253
186 216
82 89
264 12
283 248
48 286
178 59
93 44
187 254
9 133
300 55
211 65
93 61
244 191
96 291
242 318
321 181
233 315
256 211
42 249
211 268
69 283
338 300
47 308
160 157
292 327
241 102
121 164
26 311
119 93
138 51
155 259
203 174
45 85

256 188
64 163
163 33
145 164
164 29
73 165
165 72
34 166
166 35
59 167
167 158
120 168
168 54
150 169
169 99
77 170
170 89
152 171
171 80
13 172
172 124
112 173
173 88
139 174
174 51
158 175
175 76
155 176
176 110
32 177
177 77
125 178
178 156
105 179
179 147
44 180
180 72
145 181
181 61
102 182
182 63
78 183
183 1
52 184
184 60
93 185
185 34
146 186
186 124
34 187
187 48
26 188
188 90
16 189
189 35
29 190
190 85
157 191
191 120
79 192
192 83
64 193
193 30
62 194
194 57
43 195
195 139
71 196
196 44
119 197
197 157
162 198
198 22
146 199
199 159
13 200
200 130
76 201
201 160
26 202
202 137
24 203
203 139
126 204
204 135
144 205
205 114
146 206
206 54
94 207
207 61
62 208
208 95
162 209
209 121
87 210
210 32
162 211
211 17
14 212
212 107
27 213
213 25
161 214
214 117
68 215
215 82
82 216
216 156
124 217
217 141
147 218
218 124
126 219
219 98
35 220
220 73
7 221
221 63
27 222
222 98
9 223
223 60
36 224
224 98
55 225
225 134
58 226
226 12
96 227
227 33
35 228
228 2
142 229
229 115
28 230
230 40
118 231
231 137
158 232
232 112
21 233
233 7
73 234
234 109
154 235
235 97
4 236
236 18
56 237
237 47
105 238
238 42
104 239
239 49
99 240
240 49
53 241
241 24
110 242
242 156
106 243
243 132
127 244
244 145
136 245
245 126
7 246
246 85
149 247
247 106
162 248
248 79
25 249
249 28
54 250
250 98
57 251
251 36
132 252
252 145
56 253
253 68
127 254
254 67
141 255
255 117
148 256
256 16

338 1891
183 301
33 41
77 213
98 186
16 173
236 76
98 45
245 170
113 37
97 278
334 37
106 76
159 218
144 220
1 40
21 37
319 195
263 168
70 233
115 39
108 126
131 28
209 111
11 305
234 113
197 139
243 312
37 301
63 237
28 1
232 39
51 160
91 265
255 223
312 255
11 72
103 27
52 193
145 116
334 277
218 192
247 102
42 74
152 81
252 194
217 32
207 240
203 107
290 338
310 44
261 51
263 158
71 235
291 154
310 223
275 107
59 150
266 17
178 312
326 63
31 180
207 328
90 236
91 93
320 302
302 39
307 216
18 93
297 18
154 102
264 165
50 151
294 4
117 290
210 282
28 309
177 24
225 259
289 284
329 274
241 59
133 131
144 169
146 14
95 49
124 26
14 41
142 226
311 164
333 247
43 100
9 212
11 127
30 169
267 201
272 156
36 77
81 247
175 207
305 181
161 168
276 274
10 322
145 199
181 86
92 202
239 149
242 100
22 35
5 41
245 239
28 267
179 145
309 164
239 107
227 230
85 140
251 252
76 308
62 108
40 213
248 283
121 19
303 170
100 1
46 61
268 207
255 306
279 110
118 110
104 211
324 259
225 287
300 276
225 277
307 114
187 272
143 239
189 40
10 199
220 308
314 177
332 90
118 97
321 222
19 147
183 106
148 56
268 239
318 189
309 107
210 215
93 223
22 69
260 141
7 94
287 163
131 248
227 140
108 70
20 10
77 103
318 164
216 298
307 149
326 164
211 164
158 267
164 325
312 183
192 311
303 54
220 266
296 160
42 115
194 86
251 43
253 11
168 9
63 34
28 64
163 270
146 247
275 50
244 280
337 202
30 328
219 42
225 202
100 180
158 91
174 329
254 47
330 74
60 183
265 151
160 80
141 146
91 133
239 18
311 151
220 280
278 258
245 256
144 241
22 315
260 276
193 130
322 125
225 267
75 162
149 285
134 67
106 193
307 311
96 87
84 67
14 121
70 106
236 262
95 118
149 175
8 50
264 156
142 221
74 319
202 261
85 164
196 315
127 310
208 302
280 171
335 144
107 273
242 27
60 92
278 143
61 245
228 176
322 278
308 293
42 316
280 329
232 66
145 128
137 81
321 284
232 171
323 244
26 167
212 142
332 205
156 249
149 315
190 247
130 56
116 337
153 201
6 293
176 235
221 234
240 226
228 215
284 14
74 3
189 135
228 166
265 335
166 6
326 245
75 96
150 71
156 314
34 145
70 238
207 3
83 17
29 213
215 67
162 294
132 194
230 115
286 289
160 208
114 165
204 236
261 184
304 64
327 246
3 155
25 170
28 177
313 282
297 176
101 192
287 96
291 101
256 49
278 312
126 43
37 143
258 281
243 256
212 155
12 264
78 57
317 53
135 82
240 46
151 178
334 214
301 44
56 46
270 179
326 60
201 232
26 282
183 8
316 98
299 218
253 196
1 129
313 74
23 101
62 128
135 58
191 41
308 203
39 101
97 230
323 270
325 30
262 74
119 136
127 216
60 135
178 10
139 167
259 308
51 182
198 315
120 253
68 101
95 4
83 45
47 19
68 319
86 74
269 53
44 320
65 81
273 323
67 197
12 309
181 85
26 211
137 23
322 13
51 44
65 52
270 277
26 91
37 65
338 141
78 300
275 311
155 109
38 51
171 11
279 234
138 263
12 127
198 309
243 86
99 176
84 324
214 30
181 276
82 238
321 196
174 230
322 183
79 74
4 276
299 198
183 157
298 335
227 127
116 215
151 293
24 247
204 95
245 240
83 192
321 221
271 251
94 15
83 177
317 236
96 36
60 26
315 258
48 135
122 146
126 271
290 220
327 193
170 268
27 141
45 55
92 282
147 97
180 239
333 107
156 145
31 169
103 193
128 13
153 59
155 299
249 111
29 270
110 150
64 84
65 90
215 290
58 107
314 209
297 127
32 311
195 261
160 289
308 44
184 114
8 288
246 165
162 140
54 134
162 255
236 282
333 326
310 139
45 135
324 66
236 220
219 188
37 296
111 305
186 47
333 140
297 134
34 235
308 43
6 144
193 58
60 193
136 252
337 90
95 329
225 314
83 273
211 196
32 44
254 191
116 132
207 176
335 111
252 158
54 118
182 59
80 34
81 180
26 98
195 188
316 120
76 54
168 303
81 197
98 249
26 302
229 283
249 2
312 222
3 185
79 313
290 224
100 212
320 157
103 73
214 52
270 202
164 262
6 127
136 234
172 147
35 70
204 316
233 193
306 194
72 193
24 217
29 208
232 92
69 161
64 303
246 22
265 98
30 233
124 201
201 297
330 21
138 54
105 185
133 204
138 332
87 238
73 222
256 324
190 205
328 178
121 202
57 152
26 127
324 309
36 180
113 81
244 55
62 277
121 292
157 243
7 322
71 197
22 152
197 110
62 246
46 125
188 318
214 89
73 33
276 63
85 228
18 223
92 122
37 156
131 91
60 83
51 323
9 301
139 11
141 174
142 4
326 234
294 318
261 207
262 215
213 241
70 239
241 133
64 308
12 44
277 176
246 234
14 171
197 137
74 134
80 291
117 119
247 137
107 65
261 200
267 273
293 50
315 13
51 240
126 217
38 334
41 186
205 97
192 58
158 169
312 281
45 190
216 234
109 161
337 302
192 216
113 311
222 83
243 234
216 8
108 110
65 242
138 213
288 95
61 50
329 248
183 184
64 123
46 191
145 203
275 5
24 334
282 50
269 170
289 161
276 108
60 273
185 174
297 306
100 319
109 323
280 261
101 280
28 104
269 338
217 161
183 294
116 251
50 323
246 235
18 280
97 111
316 130
85 198
323 48
235 281
38 174
131 47
297 315
17 180
312 302
113 248
166 66
212 177
127 38
184 285
45 314
69 121
87 270
36 118
118 21
30 33
101 20
219 120
183 22
24 122
246 201
222 301
284 299
272 125
3 255
97 8
333 231
27 190
101 155
265 82
250 45
275 165
167 175
157 140
35 191
19 140
209 187
282 147
234 69
253 231
108 225
109 237
19 253
208 125
47 203
288 234
289 220
186 19
217 293
172 177
9 172
229 32
31 163
324 191
293 286
21 308
264 108
320 89
12 332
31 48
129 40
223 98
207 164
122 147
49 80
285 16
315 235
114 66
95 164
119 247
2 15
208 333
202 301
177 51
179 307
169 154
277 89
29 115
110 6
152 237
298 116
7 81
162 274
234 135
293 202
95 306
156 233
252 149
204 221
95 323
245 114
173 64
158 225
180 150
18 25
24 197
128 254
285 296
210 107
38 318
297 240
337 89
212 5
52 49
280 199
155 312
68 145
75 65
239 328
5 278
309 245
241 231
285 289
96 296
8 303
84 215
287 41
55 29
29 280
304 94
181 18
94 294
48 164
240 22
242 179
5 213
120 310
50 267
31 255
118 7
130 220
82 270
319 207
255 87
130 258
296 38
133 194
192 119
263 41
2 200
2 189
209 290
139 116
292 129
332 40
7 181
249 305
126 162
185 135
5 111
140 279
263 141
259 163
247 189
326 249
260 194
4 242
146 217
239 212
11 183
30 209
237 94
30 326
131 196
229 127
251 206
331 118
259 168
116 106
117 100
136 104
45 82
232 60
106 64
52 335
181 109
319 311
93 155
338 225
45 227
211 80
264 161
72 95
128 209
110 44
251 335
160 6
197 143
59 98
264 255
8 90
310 26
233 165
203 41
314 28
294 165
266 155
177 300
171 209
121 324
214 81
329 319
73 41
202 242
183 52
243 140
100 259
10 23
302 169
326 83
102 63
106 98
338 276
80 26
69 132
270 319
274 271
243 228
93 28
158 31
291 103
239 80
43 333
85 338
49 41
294 99
157 78
304 85
315 148
134 317
118 150
119 284
123 217
59 171
119 141
53 303
274 204
60 138
243 154
100 305
289 70
54 254
205 234
245 279
109 334
93 255
76 153
8 222
193 198
194 204
215 251
96 140
37 93
130 26
6 178
261 74
293 272
157 318
250 128
59 17
149 330
44 331
275 53
324 235
108 296
241 326
24 295
264 192
260 295
219 267
18 204
51 41
225 145
154 290
303 328
89 271
219 98
130 132
44 322
198 106
24 302
277 68
334 15
227 115
273 255
268 200
275 18
150 120
53 137
273 24
60 288
78 131
27 41
246 95
156 134
105 231
181 186
184 30
205 4
226 139
295 39
66 183
325 213
40 91
82 23
49 275
303 183
51 134
152 153
83 76
267 248
328 293
201 57
220 312
314 181
150 226
301 14
17 20
59 36
78 309
245 102
137 293
74 94
312 317
76 302
61 308
303 188
6 336
173 171
19 39
311 61
134 99
154 232
119 110
269 94
328 187
206 188
230 6
335 90
187 298
207 167
266 192
231 29
255 235
27 143
32 231
108 50
199 318
38 269
91 308
336 275
330 18
270 159
182 269
113 10
302 225
114 235
262 260
45 140
213 192
163 266
110 7
184 314
132 188
219 214
226 252
7 225
155 248
123 121
31 144
198 62
219 71
78 270
48 216
46 311
216 308
326 146
54 311
187 312
295 59
152 315
226 286
228 110
146 242
241 237
207 90
337 207
103 85
197 48
238 178
61 118
7 222
88 12
159 84
108 183
41 250
260 71
48 223
88 187
168 243
68 33
146 237
274 310
311 144
172 7
318 98
251 58
15 183
112 169
260 78
245 67
250 299
13 125
164 255
216 177
114 103
151 149
70 272
237 107
259 44
78 240
6 125
278 217
218 296
39 266
209 144
302 253
216 265
201 289
203 5
170 326
100 78
11 32
142 160
188 294
121 278
318 108
322 115
145 29
208 242
208 289
30 126
107 274
74 28
96 97
46 158
247 188
230 220
142 56
309 94
196 107
20 278
97 55
44 39
220 187
242 309
317 240
123 26
28 15
247 181
85 74
303 135
127 30
198 302
131 302
78 43
188 242
218 227
201 105
92 131
37 9
95 178
5 80
133 171
66 94
31 122
198 20
92 116
28 6
84 91
236 161
307 127
113 170
332 199
265 10
124 97
34 172
298 66
216 60
54 218
95 268
172 292
264 61
235 121
79 94
292 310
261 54
32 258
287 220
96 49
202 292
221 72
78 164
171 258
157 299
295 157
225 254
63 22
67 211
12 267
1 62
149 110
139 294
327 306
254 333
251 124
216 10
323 213
327 80
113 204
150 289
114 37
335 33
63 108
73 114
336 134
198 225
311 73
78 289
106 29
37 190
216 250
256 229
189 111
137 19
84 305
47 175
294 171
191 305
322 160
183 27
278 192
323 195
89 269
330 179
115 293
80 257
245 4
63 13
165 136
76 136
186 15
30 148
309 323
131 16
115 12
153 180
326 36
36 199
275 316
19 150
205 3
6 60
179 335
287 13
255 23
24 235
299 83
45 160
32 123
114 78
4 241
43 86
139 280
90 251
131 90
168 335
209 40
105 239
218 323
58 191
42 21
337 313
284 122
166 65
93 337
119 331
21 80
5 321
118 202
264 325
176 39
95 206
299 163
118 101
31 173
181 139
41 307
78 317
248 115
141 99
22 144
44 191
136 40
193 9
205 293
184 308
76 181
197 45
59 323
255 300
221 183
223 183
248 132
215 4
188 45
258 338
245 119
141 156
75 85
40 49
192 156
157 60
159 135
130 94
334 294
200 219
259 56
333 97
162 139
96 70
208 213
82 105
289 116
35 37
309 121
24 274
27 239
121 51
225 93
310 158
195 271
69 68
290 92
55 145
77 132
8 298
102 148
135 18
34 89
268 279
257 178
229 170
335 130
216 316
324 257
290 318
182 143
310 112
59 269
187 231
79 317
109 277
169 27
5 234
179 78
128 102
112 91
223 162
193 318
220 94
111 98
313 31
59 88
211 261
285 65
286 337
240 185
168 251
279 281
65 34
301 321
296 266
283 4
195 166
61 135
11 264
14 263
127 154
92 104
143 283
201 288
319 272
291 252
294 155
104 153
219 9
126 160
283 188
323 243
125 163
312 256
222 173
223 33
153 29
283 244
324 18
307 250
79 246
188 335
208 64
279 303
101 320
32 163
270 296
53 88
10 100
57 157
229 112
337 42
249 312
162 55
237 92
203 283
331 302
95 281
176 327
51 296
14 273
109 34
23 93
129 29
79 273
281 330
104 73
29 39
87 337
131 190
61 33
124 218
218 147
15 138
19 207
300 138
212 145
160 119
116 226
123 205
124 98
251 121
169 120
315 9
55 203
151 41
136 137
273 205
165 258
203 83
133 292
279 197
282 219
84 244
48 319
86 268
252 55
235 9
183 212
191 180
12 87
213 135
271 108
312 115
178 314
254 17
205 30
100 308
228 193
173 117
269 134
83 65
218 276
182 205
127 52
164 2
58 70
114 43
243 126
125 328
16 9
112 29
240 34
275 110
336 128
262 87
29 163
69 28
180 49
112 108
180 132
297 206
189 317
11 290
332 299
243 269
145 200
307 241
148 195
80 94
177 130
213 137
19 13
165 22
133 266
138 72
91 56
296 106
84 9
306 63
162 197
267 98
319 105
302 51
215 285
98 227
9 223
179 30
329 106
7 134
119 157
33 271
179 143
147 295
21 294
15 312
38 60
21 220
116 94
216 194
73 293
2 293
315 189
50 130
16 126
235 101
165 24
149 233
43 282
229 59
88 43
215 120
116 54
68 177
213 285
17 162
54 297
23 140
211 148
67 206
294 331
95 179
10 217
191 209
11 96
267 311
30 337
264 317
39 162
237 147
185 264
332 168
29 135
323 35
87 74
328 182
45 7
102 120
11 334
315 95
307 138
253 303
146 116
111 177
171 4
82 12
230 156
50 37
51 145
255 337
146 135
313 219
153 335
264 326
249 264
159 289
292 316
76 14
60 304
80 201
153 133
125 140
93 312
3 48
296 70
82 116
65 212
15 279
21 247
315 262
174 26
68 54
323 326
75 44
170 191
278 52
119 240
249 273
13 313
15 53
149 260
279 47
335 178
125 133
131 12
337 298
90 264
42 151
278 92
63 32
46 232
183 284
80 40
26 28
51 12
197 21
147 106
252 144
273 139
147 292
276 331
299 136
298 149
181 13
75 77
240 200
263 76
330 275
139 66
240 27
19 115
47 80
32 322
69 67
1 291
147 115
96 276
277 150
63 271
87 110
294 81
280 202
318 262
31 40
142 37
180 152
203 9
331 220
226 279
231 10
291 241
243 63
334 305
189 71
229 65
107 294
298 135
135 230
295 43
43 18
227 291
284 197
330 336
149 183
316 69
154 280
248 40
178 162
141 46
58 297
263 42
14 66
271 337
4 60
235 189
109 262
309 265
213 223
22 125
214 67
126 161
164 265
151 29
188 6
118 286
228 189
284 170
338 240
25 218
99 127
147 50
27 123
320 239
31 238
273 223
238 283
148 7
204 100
82 178
78 166
197 131
126 59
131 86
70 89
146 188
59 296
205 265
99 100
264 143
194 231
304 38
45 175
56 305
312 102
169 118
280 15
261 83
290 120
164 319
113 78
38 336
77 160
261 297
245 180
120 8
303 281
113 223
95 100
61 258
209 249
191 57
122 272
307 203
186 110
226 306
322 43
332 80
8 187
174 189
128 90
282 169
232 158
280 336
106 45
291 321
317 55
211 99
195 304
142 130
292 160
79 88
227 310
264 268
160 184
310 260
94 42
160 23
287 151
41 207
300 233
158 316
326 279
241 218
149 108
7 2
88 285
292 175
295 263
106 129
15 115
37 34
136 184
135 160
230 102
216 326
141 68
312 292
219 311
93 252
8 193
211 113
73 112
62 82
262 79
84 155
237 15
237 56
112 189
142 117
22 192
25 23
216 252
145 192
224 268
95 76
43 90
61 93
281 100
158 119
41 18
133 319
265 262
69 323
4 122
242 15
43 194
319 73
234 238
143 338
118 254
119 228
156 274
306 281
220 247
332 115
158 126
34 56
126 249
43 170
73 53
210 76
155 142
156 48
67 32
158 137
76 306
95 45
172 323
70 174
60 331
102 287
106 303
288 326
143 29
129 265
283 127
25 337
82 235
100 158
301 11
12 194
234 62
199 218
153 44
282 328
251 139
21 237
134 137
1 17
98 310
99 188
264 327
302 259
268 252
159 288
154 247
185 22
66 21
107 246
26 64
227 26
83 180
253 252
146 108
45 144
218 49
57 117
314 98
317 102
216 71
179 125
127 275
297 138
223 164
64 80
268 317
204 277
296 78
277 244
24 269
211 170
3 214
47 74
131 231
278 266
262 37
161 281
55 11
273 283
3 78
115 213
156 53
236 217
133 58
232 294
197 29
93 92
317 318
144 325
116 129
140 68
110 20
57 136
186 51
25 316
257 123
139 260
164 260
239 42
338 92
140 236
14 120
326 318
277 112
249 323
303 90
288 257
296 268
336 168
164 259
58 240
296 155
299 134
254 67
41 233
205 208
211 268
251 165
74 99
112 306
183 242
279 272
152 254
179 49
235 188
9 31
305 14
33 129
52 155
36 138
135 269
319 240
99 17
262 335
318 312
229 264
211 277

262 182
116 172
172 88
81 173
173 93
32 174
174 44
26 175
175 11
38 176
176 27
57 177
177 163
97 178
178 151
13 179
179 111
36 180
180 22
79 181
181 131
37 182
182 38
134 183
183 128
95 184
184 44
86 185
185 93
87 186
186 65
85 187
187 115
62 188
188 129
119 189
189 31
97 190
190 39
101 191
191 23
136 192
192 58
127 193
193 166
49 194
194 51
113 195
195 28
77 196
196 48
57 197
197 130
154 198
198 59
160 199
199 124
69 200
200 112
32 201
201 16
84 202
202 91
99 203
203 150
37 204
204 71
52 205
205 33
13 206
206 171
86 207
207 111
100 208
208 150
13 209
209 126
149 210
210 142
5 211
211 137
63 212
212 101
152 213
213 13
35 214
214 80
137 215
215 37
47 216
216 144
171 217
217 77
54 218
218 45
43 219
219 165
160 220
220 14
38 221
221 161
47 222
222 1
29 223
223 22
105 224
224 82
86 225
225 62
13 226
226 53
13 227
227 139
164 228
228 167
73 229
229 8
55 230
230 61
44 231
231 152
18 232
232 167
116 233
233 115
6 234
234 5
62 235
235 142
122 236
236 28
27 237
237 135
57 238
238 32
39 239
239 99
5 240
240 159
117 241
241 12
94 242
242 6
2 243
243 114
154 244
244 119
10 245
245 12
98 246
246 58
31 247
247 97
92 248
248 146
66 249
249 51
16 250
250 40
105 251
251 9
67 252
252 63
162 253
253 13
107 254
254 65
62 255
255 63
23 256
256 76
86 257
257 161
98 258
258 18
36 259
259 82
118 260
260 167
25 261
261 130
33 262
262 75

249 154
165 173
173 30
51 174
174 82
69 175
175 71
19 176
176 92
123 177
177 91
121 178
178 101
131 179
179 149
115 180
180 7
50 181
181 120
41 182
182 54
115 183
183 146
118 184
184 112
48 185
185 1
31 186
186 141
15 187
187 71
26 188
188 49
103 189
189 153
65 190
190 97
107 191
191 138
129 192
192 121
83 193
193 136
134 194
194 135
31 195
195 114
74 196
196 138
6 197
197 43
22 198
198 76
123 199
199 117
62 200
200 121
93 201
201 76
127 202
202 145
155 203
203 16
106 204
204 24
102 205
205 57
49 206
206 131
161 207
207 109
120 208
208 161
159 209
209 53
35 210
210 123
46 211
211 93
43 212
212 112
45 213
213 37
53 214
214 80
97 215
215 140
127 216
216 105
81 217
217 74
90 218
218 64
17 219
219 136
121 220
220 47
79 221
221 1
149 222
222 4
143 223
223 29
139 224
224 116
167 225
225 28
17 226
226 134
165 227
227 124
159 228
228 21
83 229
229 167
70 230
230 30
78 231
231 150
62 232
232 59
96 233
233 64
122 234
234 6
123 235
235 110
1 236
236 109
104 237
237 44
154 238
238 82
50 239
239 68
63 240
240 90
161 241
241 79
75 242
242 161
115 243
243 16
75 244
244 1
78 245
245 47
63 246
246 98
59 247
247 104
78 248
248 105
103 249
249 29

333 1869
267 39
21 28
78 39
209 287
319 283
290 15
146 213
224 194
189 81
320 224
302 304
123 174
158 46
215 75
145 11
275 270
135 191
229 123
160 3
184 137
20 58
263 27
328 94
129 19
148 297
5 187
246 315
298 209
80 3
151 189
261 82
155 38
135 172
34 3
291 125
79 250
318 236
294 117
97 303
139 14
289 32
308 305
110 72
39 116
123 207
214 250
289 145
225 137
158 24
199 259
276 195
78 211
138 44
307 162
120 328
28 24
321 2
67 239
291 320
94 265
294 298
210 144
216 151
65 169
54 263
294 133
228 113
287 110
53 290
128 82
257 164
254 102
74 63
21 207
283 210
177 60
315 168
221 94
207 31
100 251
215 111
108 107
200 284
20 111
311 77
187 67
30 64
160 47
21 324
188 34
49 183
196 34
326 271
20 333
39 99
48 105
297 164
17 37
167 268
26 285
319 26
169 190
263 116
33 86
288 218
311 189
168 181
119 238
123 286
181 268
166 302
167 180
5 41
251 15
287 105
270 135
40 201
6 56
64 223
285 111
307 190
175 298
289 197
309 138
194 218
13 268
215 133
3 246
118 110
304 315
318 330
199 220
237 41
183 109
102 88
137 288
119 5
325 300
236 300
211 150
190 142
176 35
267 297
217 295
75 129
298 23
142 273
26 67
134 255
11 320
17 153
73 324
43 51
298 329
124 62
195 159
129 91
189 33
103 42
275 167
16 181
71 189
37 125
76 8
333 108
13 196
235 28
6 45
232 208
303 208
95 18
117 33
270 321
56 258
310 29
97 29
25 296
192 311
15 55
73 20
82 295
63 283
71 331
329 312
325 51
330 67
155 148
217 24
240 151
21 333
114 231
4 90
8 29
100 86
192 159
284 269
69 183
327 180
25 305
118 219
318 116
214 37
42 122
134 81
47 58
107 298
128 26
59 79
9 265
162 332
26 242
87 307
124 99
79 107
232 295
123 133
236 105
136 240
248 28
231 183
236 271
70 170
165 202
59 270
46 248
52 231
307 25
293 22
99 219
137 39
11 135
196 137
125 61
201 194
146 62
77 11
245 79
34 277
185 90
42 309
132 12
282 106
84 261
196 97
151 145
177 193
221 301
255 82
165 4
63 241
319 91
288 170
308 232
164 226
203 57
132 11
27 247
139 107
219 332
111 330
3 309
226 109
262 119
239 40
287 117
218 140
36 139
117 46
296 131
26 308
62 21
247 11
86 143
328 201
281 85
118 284
63 254
170 240
228 14
320 225
50 310
71 140
271 131
330 6
189 278
123 30
288 73
91 73
165 285
152 238
105 309
90 131
255 209
19 312
96 235
221 114
189 105
262 97
29 213
123 166
327 295
195 176
180 39
272 192
182 327
111 18
304 241
252 196
257 45
41 195
142 14
73 242
185 118
319 124
211 92
176 10
201 22
270 168
53 216
130 189
296 120
205 98
243 147
226 233
45 46
51 315
108 312
2 310
186 132
102 156
248 256
69 254
235 10
21 55
78 57
189 10
121 231
167 136
225 129
171 262
171 205
320 326
294 21
170 15
7 332
45 39
87 114
328 229
110 232
113 207
332 303
116 76
7 121
138 167
26 327
98 236
33 52
221 93
84 158
29 160
197 212
19 118
81 14
247 228
157 209
51 265
185 24
4 113
260 27
26 130
138 277
301 199
85 106
163 186
228 41
273 33
292 283
66 15
287 95
291 24
41 174
259 99
260 115
280 156
172 269
300 218
102 74
176 285
55 64
311 271
223 116
265 217
48 295
289 195
255 242
37 267
310 54
328 316
257 299
169 89
243 254
154 303
157 306
15 67
109 100
132 173
229 128
304 148
214 316
20 237
167 78
284 298
67 202
231 237
14 56
223 311
286 38
327 84
41 15
43 287
264 298
148 292
180 9
19 141
167 317
250 71
156 50
126 78
274 69
121 27
225 148
158 286
26 14
120 274
84 323
175 229
324 190
36 202
203 145
294 40
127 77
199 258
96 36
119 317
168 171
320 177
150 107
274 149
68 275
63 215
108 265
180 212
25 241
226 265
264 225
211 167
109 294
146 304
37 101
296 161
171 329
187 124
225 289
61 208
156 31
103 256
269 280
72 165
264 232
190 125
76 10
234 192
272 88
5 228
250 64
124 188
220 213
132 249
244 211
122 128
161 287
219 90
328 156
191 16
321 81
217 96
328 61
96 201
167 107
72 34
128 244
332 57
11 129
250 75
33 252
198 155
110 329
10 75
93 256
183 73
51 206
300 171
156 109
304 174
36 287
35 46
181 19
241 264
294 274
115 275
176 104
50 196
16 60
190 82
102 304
142 330
2 18
40 321
261 306
154 284
89 34
163 29
40 155
78 285
120 94
211 210
250 308
73 213
181 28
59 181
168 255
332 216
7 37
49 300
244 185
265 98
124 284
306 292
291 72
205 73
104 293
193 12
209 139
193 113
319 90
284 168
159 214
255 34
38 123
317 16
210 170
157 230
50 246
249 164
23 24
198 31
168 147
263 140
332 260
227 38
140 156
324 30
73 282
118 140
50 241
210 308
191 234
158 44
40 325
38 139
4 324
170 19
227 222
230 121
13 18
287 2
41 217
332 259
245 89
120 115
234 135
254 194
110 71
279 288
195 240
235 172
128 215
110 54
152 221
191 275
206 323
184 257
40 6
95 85
315 156
49 328
177 294
194 329
223 228
199 253
80 139
192 58
174 307
253 202
182 206
171 145
117 112
282 39
20 185
23 273
81 317
319 304
16 22
53 191
183 321
22 28
57 183
119 178
11 208
91 46
183 11
156 320
316 99
90 234
146 21
203 76
296 15
232 23
306 152
309 189
314 40
171 180
264 167
144 82
144 218
48 145
29 191
53 297
220 148
259 125
245 140
322 218
142 113
163 44
259 138
135 50
303 166
289 201
200 39
296 304
120 254
122 238
125 115
181 257
166 309
151 195
62 81
319 183
105 255
268 170
217 323
249 82
251 249
246 41
90 297
113 248
313 91
167 80
193 83
147 220
224 271
108 130
319 303
124 130
53 138
237 157
184 87
224 254
299 262
296 85
173 92
236 292
284 97
141 115
253 238
180 127
114 193
263 319
325 103
145 257
315 177
261 21
265 82
54 3
292 199
231 263
223 78
267 16
281 140
135 25
88 333
217 180
255 227
239 165
134 40
44 85
45 300
67 268
267 254
117 260
136 200
66 25
180 17
93 315
51 305
280 242
265 309
43 53
27 287
89 74
182 87
96 148
283 38
287 173
291 166
185 277
106 235
271 195
224 114
83 258
194 6
306 223
254 178
191 114
107 9
93 214
296 275
61 13
176 211
13 309
125 16
38 263
225 183
280 81
123 102
35 82
21 139
223 195
23 38
151 109
106 101
15 280
17 137
138 312
104 19
295 322
79 108
26 24
35 202
237 122
59 208
314 328
5 116
87 109
323 171
142 38
99 244
273 57
73 187
255 135
240 31
330 298
77 302
81 171
169 17
180 70
242 267
295 278
222 316
61 58
42 242
84 85
191 24
67 6
284 170
326 314
111 209
154 52
284 285
141 186
187 289
99 221
33 321
69 72
108 21
331 318
277 155
245 220
30 118
184 247
276 146
65 180
217 113
272 63
148 287
21 23
115 283
90 39
273 80
268 154
310 293
330 18
131 223
232 166
158 178
163 5
331 113
243 294
236 194
34 298
304 44
323 303
315 249
316 233
268 324
203 281
201 323
25 45
134 194
47 329
145 238
127 31
54 277
25 222
88 261
70 245
328 276
74 303
294 151
98 185
207 4
318 25
61 148
58 330
160 6
324 332
205 255
25 54
134 197
283 311
285 39
177 153
249 165
5 201
45 211
126 215
286 295
197 136
240 331
186 308
150 278
252 53
57 65
320 322
263 307
12 36
108 112
189 294
303 290
148 331
101 306
64 101
263 10
50 8
104 107
267 265
307 69
255 283
5 59
44 10
33 175
254 26
189 319
246 304
325 250
110 238
263 3
194 262
218 87
177 279
174 96
37 93
202 297
206 305
171 196
225 37
275 303
21 287
124 106
137 306
303 304
254 108
239 280
190 265
85 104
37 256
120 255
274 98
299 189
188 308
68 313
268 286
286 69
312 320
242 330
188 69
81 5
10 11
109 232
30 78
289 80
330 178
187 263
105 280
325 125
308 219
256 310
94 225
186 14
5 133
311 47
152 1
172 188
40 43
330 42
94 3
133 242
155 326
49 85
107 148
325 213
273 314
185 40
64 65
330 268
23 308
244 263
263 255
183 110
130 150
41 158
134 251
239 311
65 78
191 79
67 181
325 111
77 265
169 56
68 92
211 196
134 99
89 175
53 268
94 13
316 31
217 19
203 96
24 305
11 15
216 213
325 104
122 3
32 231
5 1
8 315
64 136
118 127
155 227
29 155
289 310
56 39
15 112
229 185
49 120
303 221
252 14
70 13
168 5
115 203
8 25
174 31
107 8
126 308
309 226
58 105
186 34
169 42
243 47
157 249
105 50
291 174
257 309
259 57
249 133
120 28
220 79
277 240
207 260
213 88
273 294
187 312
282 28
211 174
237 265
75 216
77 308
162 18
79 153
94 87
294 192
139 257
247 32
49 25
288 41
105 62
37 253
208 203
281 254
318 256
140 250
60 33
288 172
324 75
168 130
33 151
139 259
326 63
242 264
212 13
105 205
220 37
294 74
278 240
65 178
145 250
145 299
304 63
66 299
120 311
315 175
236 99
36 128
220 165
131 217
229 96
304 200
106 204
114 329
84 78
230 37
195 319
59 280
277 124
271 9
151 146
207 49
227 280
11 177
185 313
84 149
17 219
204 309
60 95
314 166
143 98
48 265
232 54
87 232
235 35
131 297
43 14
207 137
281 322
143 219
59 142
22 118
197 319
262 106
173 250
122 41
323 104
17 67
40 252
7 194
229 126
109 35
271 308
277 29
150 261
286 152
138 142
47 328
33 45
237 272
170 142
71 137
148 12
269 102
18 221
185 1
31 11
252 63
17 275
279 290
119 16
241 187
20 291
208 182
48 50
98 32
119 47
138 33
217 35
186 309
48 233
284 183
141 165
217 76
118 156
193 203
266 131
216 148
239 226
296 236
81 128
117 151
248 218
328 90
146 65
203 271
63 129
174 305
178 67
248 311
307 285
71 268
40 96
259 158
121 123
283 260
303 146
165 157
190 239
156 267
98 67
79 39
287 106
21 277
295 184
246 305
200 148
299 108
34 326
109 333
110 94
242 110
286 56
269 168
151 196
82 333
111 42
204 133
248 87
232 241
140 298
309 19
276 279
46 196
230 234
213 34
308 221
301 263
145 253
91 146
110 178
112 10
148 184
167 187
263 281
114 17
133 136
100 288
249 80
306 57
144 164
254 148
112 327
261 42
267 319
285 180
297 290
44 314
117 51
215 272
143 226
153 254
43 272
134 105
141 25
162 126
111 65
133 250
216 288
254 134
258 134
245 22
122 150
101 130
160 278
199 320
130 255
331 89
35 55
28 78
122 330
50 223
159 158
71 40
219 163
52 190
310 324
221 183
205 288
78 149
55 113
85 306
291 57
130 316
109 221
138 319
11 7
107 11
316 194
98 129
10 245
302 271
292 170
20 29
186 261
232 219
68 148
126 102
259 214
136 5
288 241
72 62
296 284
149 166
191 202
13 300
165 38
76 58
67 114
322 150
107 302
256 195
59 67
190 332
135 238
90 160
236 268
238 88
21 3
169 138
262 247
104 28
142 192
148 250
77 300
170 171
133 37
232 299
162 42
218 191
310 146
185 302
42 97
154 272
262 190
68 267
72 259
21 155
294 75
302 251
162 323
273 279
47 246
196 102
292 132
210 326
213 272
13 147
145 27
219 60
57 252
94 70
154 212
251 50
116 120
74 18
243 291
210 31
107 102
117 302
1 216
10 262
263 184
154 149
74 315
128 266
275 77
297 88
9 25
318 109
127 306
131 193
174 282
250 203
86 136
309 44
2 172
81 69
246 322
304 95
216 273
163 148
148 288
212 242
293 4
118 59
286 125
182 329
149 299
278 299
72 312
309 53
228 187
304 86
253 173
278 117
233 65
236 58
248 124
301 61
75 262
297 219
26 315
281 212
178 78
138 182
38 104
191 143
29 32
250 2
213 254
217 251
133 104
55 257
242 213
81 142
227 270
1 262
264 302
68 209
275 282
91 66
136 24
86 268
1 36
26 36
264 188
285 175
288 290
308 112
237 257
214 110
128 80
246 319
228 286
11 301
12 181
202 74
113 202
207 255
255 195
9 173
51 221
253 41
112 29
153 283
125 239
289 286
80 133
228 200
119 60
12 172
112 251
40 104
39 144
321 276
169 260
211 129
49 177
87 132
121 116
196 298
225 45
68 122
51 34
289 166
18 284
327 298
233 165
2 47
130 24
132 276
151 199
67 247
237 57
19 122
39 327
29 301
175 178
253 217
38 5
43 202
121 4
286 169
243 76
244 307
309 291
106 316
16 7
307 85
184 83
292 220
314 161
62 84
7 134
272 288
291 28
321 127
144 165
259 244
11 26
322 323
90 106
91 223
314 57
263 128
32 212
216 113
319 45
175 211
179 289
296 88
44 315
264 97
50 91
127 91
189 185
303 177
217 176
329 97
239 153
297 8
206 82
44 89
231 126
287 184
308 83
59 201
298 41
62 70
83 63
163 129
86 88
230 13
106 119
72 187
127 64
171 4
29 126
107 28
145 180
201 87
309 158
330 309
147 222
137 5
85 327
219 75
181 281
241 73
168 311
68 272
288 6
270 154
181 138
128 10
93 312
277 236
40 75
97 174
46 225
196 3
111 303
332 8
105 79
51 7
308 33
80 192
9 68
249 130
158 82
17 4
219 64
101 108
247 221
309 127
148 262
226 261
233 122
69 201
184 316
9 252
286 31
60 198
8 292
38 122
87 81
283 138
264 29
223 74
13 73
239 332
259 258
208 101
317 17
90 73
291 200
223 279
47 80
38 317
224 148
63 271
305 117
20 37
314 210
267 49
282 101
231 10
70 140
111 314
167 244
188 274
280 51
254 277
197 168
254 91
39 192
31 43
251 173
182 135
54 77
165 70
243 4
8 330
83 120
105 43
35 253
58 243
301 98
317 216
186 287
205 209
81 67
321 39
139 24
89 3
146 74
268 316
100 275
211 71
266 294
177 318
72 84
102 188
269 225
148 120
131 192
28 328
140 274
198 24
41 211
295 72
206 232
82 74
45 86
265 141
213 122
305 233
90 186
36 33
77 214
100 198
252 265
220 181
134 54
301 84
284 12
306 97
287 1
257 111
37 159
229 205
47 330
36 332
137 177
242 72
9 185
45 224
4 177
82 237
299 288
321 232
217 70
108 125
111 16
156 222
233 303
125 265
35 97
309 14
38 30
186 255
48 313
269 298
71 98
308 304
278 13
135 91
195 244
268 51
34 170
238 239
94 144
305 109
321 225
126 218
236 65
67 64
15 295
138 190
139 4
225 18
208 54
7 5
218 243
240 44
97 88
229 6
91 45
276 201
149 325
319 83
245 134
138 214
139 172
162 176
20 214
39 154
261 172
245 55
120 129
57 79
315 169
172 210
19 116
19 229
276 266
25 14
79 327
158 295
325 136
200 36
261 38
176 61
55 160
117 225
62 82
322 167
244 26
261 269
63 177
289 92
327 75
43 205
333 241
333 316
97 304
308 78
239 251
98 83
105 227
272 289
23 1
245 145
311 265
321 126
142 124
313 95
115 240
116 95
23 312
10 223
230 297
140 1
291 183
311 40
13 211
147 267
111 58
76 104
242 320
1 239
85 7
267 108
88 330
314 193
100 15
119 253
242 188
233 23
92 257
238 149
165 326
24 69
151 66
120 57
267 20
205 320
95 151
315 256
35 330
100 54
45 296
12 106
286 18
174 242
30 23
199 211
17 157
297 274
29 304
257 23
82 4
206 259
140 95
72 50
110 3
116 219
204 83
135 304
104 199
159 99
202 9
136 66
320 84
303 222
139 85
215 328
94 305
242 51
126 315
75 181
100 139
83 213
23 34
6 30
192 102
138 238
187 317
152 318
176 278
177 266
22 105
6 312
121 162
88 96
143 113
294 199
61 115
83 218
177 33
88 15
288 44
125 150
147 300
225 317
301 309
305 197
93 179
258 104
100 91
228 16
253 120
240 19
58 6
296 261
4 222
98 145
62 300
194 126
50 268
320 10
88 22
220 88
186 277
22 322
301 249
212 127
91 301
9 133
11 44
304 50
308 151
333 185
154 163
232 276
106 184
329 315
273 236
113 9
74 16
114 187
294 64
81 66
155 266
181 255
72 198
146 75
116 151
11 37
303 99
289 142
92 323
312 89
275 79
189 88
265 101
73 58
38 146
276 54
64 238
7 198
199 165
264 58

247 172
157 162
162 102
110 163
163 75
57 164
164 108
149 165
165 49
75 166
166 12
95 167
167 65
122 168
168 52
34 169
169 8
61 170
170 151
21 171
171 133
62 172
172 132
128 173
173 99
139 174
174 51
33 175
175 20
33 176
176 25
27 177
177 39
74 178
178 46
22 179
179 104
52 180
180 139
67 181
181 111
36 182
182 156
25 183
183 114
85 184
184 136
50 185
185 90
31 186
186 148
135 187
187 34
117 188
188 124
29 189
189 85
125 190
190 65
64 191
191 133
17 192
192 52
45 193
193 9
31 194
194 122
103 195
195 89
118 196
196 83
72 197
197 35
16 198
198 48
125 199
199 128
6 200
200 20
72 201
201 113
136 202
202 155
125 203
203 31
31 204
204 154
51 205
205 47
145 206
206 86
119 207
207 82
151 208
208 30
133 209
209 12
29 210
210 3
12 211
211 72
125 212
212 49
98 213
213 156
90 214
214 61
89 215
215 16
145 216
216 4
20 217
217 90
110 218
218 74
116 219
219 95
108 220
220 133
118 221
221 6
31 222
222 20
116 223
223 45
140 224
224 78
148 225
225 131
107 226
226 93
134 227
227 116
73 228
228 159
155 229
229 2
54 230
230 56
67 231
231 47
33 232
232 88
76 233
233 154
19 234
234 36
51 235
235 46
17 236
236 63
35 237
237 138
102 238
238 62
4 239
239 149
99 240
240 157
1 241
241 22
24 242
242 82
34 243
243 64
73 244
244 66
27 245
245 7
155 246
246 81
136 247
247 101

386 1731
168 235
386 62
381 206
146 213
319 360
232 258
358 189
308 20
56 101
366 205
103 203
344 288
254 77
110 214
187 148
301 228
213 2
346 40
229 386
67 315
67 142
53 175
327 320
128 282
317 167
115 39
316 252
137 92
102 222
375 84
105 29
111 19
76 87
296 112
64 252
61 257
64 107
156 385
247 143
44 69
351 253
100 102
52 193
55 259
207 9
172 221
32 381
43 111
346 280
291 98
348 113
152 81
300 313
72 296
218 267
256 191
334 55
82 52
67 239
313 179
256 386
250 11
384 93
371 360
205 86
290 126
50 290
15 117
276 202
151 32
65 252
69 343
180 219
223 7
229 231
233 169
225 42
206 116
316 327
107 330
93 19
81 254
100 251
176 150
125 237
35 134
299 208
46 266
144 382
196 34
73 230
110 93
285 191
52 222
385 262
151 193
136 358
251 118
69 3
215 100
109 108
44 327
264 117
320 114
251 231
133 285
24 346
353 111
316 341
7 115
175 103
216 108
166 302
323 55
2 362
239 107
297 318
81 121
284 103
89 201
380 19
204 321
356 4
214 174
151 301
33 216
364 91
220 240
315 44
267 385
112 147
149 344
50 89
340 104
386 119
152 291
150 28
230 155
380 153
56 372
167 213
225 54
99 182
212 383
53 158
238 353
379 271
153 130
127 376
172 183
101 23
122 108
268 264
252 306
270 145
132 146
226 158
91 190
112 281
40 70
121 29
357 351
324 83
200 208
36 97
292 203
168 313
304 297
240 257
26 369
9 287
109 225
312 200
311 272
286 139
1 105
76 176
331 184
153 227
137 12
265 71
268 244
17 105
364 386
259 52
86 104
54 129
348 57
224 119
213 91
324 50
271 383
39 164
4 90
351 173
207 168
300 75
11 56
302 84
325 93
313 235
370 259
359 178
147 108
369 12
242 274
93 264
60 183
180 172
199 81
37 321
231 15
305 348
34 370
363 328
220 361
277 291
151 334
210 339
178 223
40 345
386 381
215 23
276 348
83 279
191 30
343 260
91 154
95 9
220 352
340 215
308 56
329 322
4 366
136 318
55 24
339 317
386 45
196 97
235 198
218 18
291 248
30 232
341 200
87 308
245 167
154 211
28 371
160 246
144 293
22 346
210 26
263 36
278 126
272 67
146 219
116 330
99 306
66 214
118 39
232 284
271 186
37 3
6 104
272 198
137 162
364 143
92 204
102 341
228 86
201 245
41 73
209 117
11 315
144 275
115 383
45 77
381 85
327 249
113 181
84 27
298 257
172 80
317 98
105 115
287 234
217 247
368 69
386 169
152 220
173 239
28 297
146 356
36 185
318 237
160 27
367 245
146 181
49 133
214 251
380 215
293 51
225 136
322 88
71 130
154 75
78 208
62 14
371 75
370 50
247 344
365 312
116 244
6 383
102 382
322 32
308 115
255 281
256 105
96 360
95 224
91 47
186 329
246 231
344 351
175 169
251 232
331 84
17 187
199 25
1 50
169 222
23 303
153 367
307 72
200 142
19 9
11 97
173 218
158 11
377 125
63 229
239 286
132 78
301 380
84 124
139 52
196 35
53 17
222 54
9 219
375 138
33 205
270 274
54 48
102 37
66 15
13 223
45 25
30 72
204 331
80 270
211 318
237 344
318 86
49 373
141 349
278 341
142 260
223 236
227 233
216 197
72 31
143 348
10 221
29 26
177 324
168 332
295 300
142 271
204 70
40 177
360 56
288 122
144 159
345 127
132 59
375 224
89 60
323 349
117 207
335 56
310 334
298 20
239 120
242 377
26 375
337 317
63 357
57 1
26 230
67 184
141 247
150 15
245 180
121 141
29 236
23 219
202 189
132 267
310 24
64 379
37 205
203 150
59 48
314 296
78 257
176 313
291 252
44 187
360 181
286 136
307 5
151 101
236 116
112 42
368 132
95 307
245 317
341 164
234 46
369 155
65 277
250 283
384 248
148 257
258 148
162 244
120 184
46 239
216 161
197 385
271 48
169 45
7 79
193 183
195 183
29 367
128 27
204 270
4 264
207 259
74 116
40 60
352 382
357 190
30 289
126 288
350 87
118 211
320 134
214 61
70 283
346 304
347 105
38 304
150 131
318 207
138 4
257 207
263 49
11 367
364 341
62 323
74 309
186 49
108 250
33 245
363 209
322 313
37 16
353 347
300 344
158 74
179 268
372 141
229 223
57 38
24 356
44 159
70 250
92 326
386 221
172 317
192 77
250 319
200 29
255 34
242 85
122 184
359 64
54 91
315 230
263 197
70 268
166 366
243 300
91 224
51 197
213 79
57 161
82 363
305 5
185 325
198 102
227 222
318 235
367 304
228 167
346 54
331 253
279 288
122 202
169 123
208 324
33 145
24 23
26 263
135 381
273 358
69 219
163 66
84 96
114 53
225 30
317 59
121 221
339 18
175 77
305 361
87 362
307 125
272 169
149 200
252 282
91 41
329 358
226 245
21 270
249 191
384 305
9 206
322 379
86 256
307 213
114 44
193 206
322 33
55 175
132 290
80 243
172 214
151 34
199 139
91 204
241 223
188 367
354 67
179 20
313 299
271 230
298 192
282 134
338 43
294 314
271 279
114 207
371 145
256 318
338 256
281 65
148 190
332 120
158 115
35 177
56 10
51 198
118 228
12 167
9 277
103 63
99 138
119 232
123 237
218 203
363 158
23 2
335 284
138 206
13 40
325 214
200 192
231 236
291 382
293 223
281 114
119 150
106 249
265 268
214 308
326 168
198 301
219 135
294 222
232 348
234 61
37 195
186 373
134 253
246 278
85 156
115 310
184 306
48 22
333 153
43 66
189 63
10 204
102 277
368 142
121 381
357 100
162 114
258 235
249 110
50 73
66 329
308 330
297 126
6 333
360 368
53 238
95 2
43 261
355 385
301 122
12 243
107 224
1 326
313 15
34 262
162 307
144 330
271 51
383 341
133 62
356 137
322 105
73 3
220 214
136 306
174 259
179 244
276 253
331 74
353 185
236 274
114 28
4 67
188 237
118 161
33 2
21 118
243 58
347 104
312 54
209 15
303 376
108 375
76 328
47 244
157 9
131 329
60 353
298 97
151 321
84 367
369 60
371 304
184 247
356 64
70 104
255 36
355 223
84 263
357 175
216 183
141 275
53 81
96 183
50 258
43 101
176 334
140 279
180 251
201 346
275 370
23 74
81 71
264 54
254 284
92 20
183 207
298 285
317 47
357 168
56 295
225 123
155 45
331 102
40 251
245 281
119 94
381 276
116 106
138 129
67 253
255 42
113 178
144 51
9 180
53 163
310 201
167 159
150 61
252 261
301 80
303 284
269 103
114 168
296 27
118 277
283 311
267 81
163 333
92 234
292 47
300 31
136 303
123 382
130 136
54 42
330 329
59 157
172 225
105 2
225 270
107 361
365 27
77 92
377 104
37 132
203 81
82 56
139 3
32 71
196 48
193 244
175 76
273 60
192 369
50 294
34 25
354 359
125 286
108 314
326 74
309 2
385 111
370 33
68 226
107 85
255 283
147 57
22 29
334 355
189 121
248 224
179 191
15 118
155 233
110 383
275 221
386 296
64 205
101 88
302 360
340 106
147 352
132 65
80 274
82 42
284 132
6 372
322 57
383 223
239 241
332 66
353 280
340 2
361 328
330 56
83 352
252 211
15 236
257 54
93 280
284 131
198 313
127 56
291 371
315 361
84 304
253 58
53 141
192 326
376 35
235 280
163 71
208 241
6 68
307 186
164 174
20 224
301 371
11 24
267 114
14 55
290 378
167 32
177 321
237 156
177 15
125 252
78 306
172 262
140 223
179 332
91 165
183 134
78 349
237 335
258 33
43 87
6 345
173 178
104 71
249 242
358 65
107 323
38 217
62 211
49 78
99 42
297 115
121 138
213 372
16 106
146 335
185 275
333 112
100 333
10 85
232 349
38 357
277 238
84 35
86 204
91 179
386 77
74 168
312 179
35 225
386 252
62 308
179 120
259 263
98 265
339 181
35 172
37 203
221 382
260 81
307 150
326 155
271 371
204 361
214 182
146 302
309 226
118 199
114 100
245 192
318 195
362 121
313 14
307 318
35 34
91 129
79 309
377 359
251 266
200 114
92 379
291 285
275 55
171 307
137 58
127 260
292 303
274 334
185 294
294 192
227 370
383 261
134 231
321 87
144 322
21 4
133 352
377 360
168 130
279 374
13 155
369 58
259 39
239 359
106 197
296 32
216 258
146 85
311 376
169 327
176 106
140 64
217 152
56 282
294 355
27 107
174 163
366 369
138 13
212 20
109 49
55 21
204 318
59 94
54 280
283 109
297 89
7 180
257 34
40 245
59 122
166 373
121 289
174 277
245 85
282 193
156 125
107 92
144 226
271 348
7 28
305 324
16 44
294 157
226 104
26 125
267 381
95 286
172 131
363 94
181 251
255 68
331 105
234 154
174 69
268 58
181 290
237 272
156 173
162 49
233 297
254 113
309 63
96 127
367 233
259 144
300 137
140 149
224 366
25 371
271 100
182 23
50 300
197 230
183 55
89 232
256 188
366 75
367 315
349 348
99 3
105 291
309 169
112 347
115 131
354 79
119 262
30 184
255 168
58 33
131 173
171 201
252 276
53 293
164 291
334 111
150 191
321 149
309 1
21 381
350 349
304 14
236 151
74 131
192 218
50 335
51 218
141 303
147 56
13 231
342 149
225 247
81 10
228 207
101 71
67 75
180 167
256 138
194 263
231 195
253 178
170 300
100 16
358 194
383 222
20 305
244 346
100 231
274 196
222 136
276 221
246 253
302 195
86 161
159 21
181 216
274 87
187 180
300 109
303 160
88 378
87 130
147 217
55 320
180 383
84 305
32 279
225 144
171 361
319 177
303 331
14 335
218 369
301 172
29 295
108 237
382 263
354 173
85 112
126 281
346 19
2 177
246 45
33 219
276 229
243 195
311 95
222 213
225 282
175 321
56 386
99 36
379 178
290 370
327 204
209 354
83 79
234 94
175 104
327 278
298 40
87 75
227 19
228 227
229 182
312 318
261 139
91 359
183 271
250 270
122 249
166 348
154 316
180 19
53 267
384 211
81 111
66 134
232 237
103 271
216 295
107 133
186 169
332 184
339 86
381 26
94 219
154 65
264 332
47 67
180 107
300 375
103 31
348 62
186 378
43 159
262 169
162 227
40 49
99 91
272 100
331 188
207 92
69 91
108 42
383 319
185 284
24 41
278 372
8 291
134 82
318 192
342 273
242 358
221 171
187 315
9 149
185 63
224 292
5 225
334 297
7 72
374 117
47 364
130 200
136 255
33 294
365 212
72 214
235 386
149 62
63 87
11 53
159 373
223 285
49 293
192 281
105 35
87 290
129 360
299 143
137 179
250 185
371 243
306 119
166 6
134 223
307 236
73 356
293 385
353 33
361 33
87 330
237 292
59 371
2 248
28 193
269 233
343 102
218 134
241 111
77 182
376 92
231 347
326 117
85 71
341 45
288 151
346 88
7 38
176 98
231 57
286 235
255 376
151 344
190 88
232 281
251 90
371 315
155 199
302 61
80 305
300 148
294 259
230 283
25 273
81 359
248 198
322 75
196 251
179 165
202 206
125 369
63 322
202 81
97 272
75 111
311 326
313 163
187 348
333 352
48 75
216 135
269 131
271 30
98 183
121 321
214 282
161 142
36 269
48 243
214 373
84 286
213 254
158 348
159 342
330 375
3 295
228 384
106 363
378 227
369 222
26 258
19 212
166 37
283 219
190 60
378 215
291 350
311 340
95 86
315 145
193 202
251 19
166 263
171 261
107 352
222 254
304 112
261 284
93 371
151 139
329 69
113 347
150 85
181 215
305 359
256 109
314 159
106 349
89 259
15 112
214 303
16 354
108 307
181 222
55 78
319 96
323 357
362 383
56 349
149 118
220 301
231 277
251 116
257 155
221 202
22 137
299 215
106 26
145 276
1 15
183 291
47 174
340 164
124 134
119 157
107 343
182 295
312 322
131 16
353 128
288 96
145 380
19 240
26 137
356 26
73 146
346 16
219 258
293 66
156 359
23 228
279 350
212 374
364 114
51 48
255 304
366 326
97 101
196 383
58 181
369 243
132 169
260 102
240 352
116 165
134 145
49 164
215 180
289 216
18 67
312 167
50 189
344 45
270 224
273 23
336 295
256 248
162 93
42 18
72 368
127 64
72 27
186 175
188 270
281 334
283 34
287 270
51 62
220 305
277 379
14 236
319 17
372 174
300 195
326 166
92 61
313 115
120 174
334 145
320 181
269 196
255 303
24 35
209 25
317 216
341 167
34 68
235 262
220 114
310 164
150 288
54 306
21 240
95 25
43 47
101 290
230 325
161 56
360 320
133 50
336 194
155 77
191 204
232 24
379 100
382 19
256 94
55 326
203 377
63 262
101 313
385 36
224 12
227 9
48 367
139 245
326 144
110 157
312 212
95 6
79 311
71 25
54 115
311 149
209 333
155 66
263 221
123 310
247 34
233 330
96 94
187 137
44 278
279 146
284 95
127 100
172 114
282 101
265 235
182 247
109 276
70 287
65 330
139 146
365 204
299 31
306 199
70 116
314 7
79 261
373 173
46 253
327 161
304 379
285 311
220 167
293 343
95 298
353 351
79 236
301 98
114 186
81 67
191 2
127 106
151 31
317 19
109 262
364 18
216 41
128 117
4 338
299 252
232 169
65 202
91 126
34 169
144 228
185 102
21 29
22 133
264 136
288 87
304 47
306 328
25 272
6 210
336 165
151 26
135 267
84 239
195 36
252 179
345 10
112 208
293 298
276 374
222 149
45 79
1 41
96 233
43 121
240 62
314 131
280 15
1 256
20 81
372 119
373 111
303 281
129 321
350 337
171 52
376 300
266 320
215 376
365 321
208 63
105 7
34 29
272 197
311 124
258 174
132 94
281 170
114 384
57 197
45 41
220 49
97 314
119 360
236 145
112 340
227 149
27 214
123 218
185 291
215 255
368 104
132 302
80 247
101 244
362 23
370 215
127 195
74 136
221 39
25 324
143 235
342 51
292 214
78 180
87 324
28 137
24 112
351 48
111 165
332 291
229 351
19 347
83 67
226 259
380 249
346 332
75 333
331 362
85 284
286 72
34 33
162 106
53 318
312 323
111 61
352 31
300 215
178 106
16 337
253 284
93 349
27 67
152 330
8 207
48 102
126 366
384 56
204 38
79 60
318 42
194 76
349 262
76 370
174 339
325 210
241 373
26 145
281 143
191 67
129 265
292 195
361 270
118 96
125 327
329 271
44 307
63 172
231 144
306 321
306 41
298 162
22 213
209 200
374 247
159 147
237 250
238 363
3 377
31 175
16 252
166 24
243 320
155 156
324 202
330 170
386 72
371 113
35 371
221 4
206 93
318 76
191 198
3 382
271 136
195 101
1 321
27 379
10 42
306 219
16 139
241 280
356 283
4 363
309 239
99 279
269 252
57 308
132 255
81 206
337 100
193 290
128 25
37 241
131 116
279 148
319 45
72 209
300 65
356 38
49 316
252 119
35 353
241 226
175 14
55 350
14 315
25 85
61 228
156 19
105 346
76 333
139 122
144 15
201 114
55 294
5 232
102 306
88 103
165 45
185 300
6 121
153 17
136 119
228 136
376 198
17 308
290 138
167 31
337 173
344 105
380 178
329 99
75 203
334 313
131 382
255 229
185 309
40 162
300 341
178 163
307 317
112 163
96 109
171 154
63 246
379 293
315 314
88 315
60 372
116 329
337 55
251 92
54 244
256 59
94 79
63 293
342 307
110 207

264 186
141 172
172 66
111 173
173 85
109 174
174 91
77 175
175 39
41 176
176 158
17 177
177 25
38 178
178 27
126 179
179 76
63 180
180 39
105 181
181 41
47 182
182 12
81 183
183 165
143 184
184 131
148 185
185 31
91 186
186 108
100 187
187 135
14 188
188 134
81 189
189 86
163 190
190 13
48 191
191 30
137 192
192 23
161 193
193 165
104 194
194 19
5 195
195 27
35 196
196 81
113 197
197 139
13 198
198 165
157 199
199 75
127 200
200 153
61 201
201 100
24 202
202 31
157 203
203 39
151 204
204 139
28 205
205 104
6 206
206 11
119 207
207 82
31 208
208 119
76 209
209 61
22 210
210 59
59 211
211 166
144 212
212 92
40 213
213 124
87 214
214 50
71 215
215 73
42 216
216 170
88 217
217 142
81 218
218 45
9 219
219 140
86 220
220 104
1 221
221 20
158 222
222 161
8 223
223 10
68 224
224 87
17 225
225 121
89 226
226 86
50 227
227 151
18 228
228 141
1 229
229 46
69 230
230 147
102 231
231 58
134 232
232 100
10 233
233 5
80 234
234 124
127 235
235 121
125 236
236 89
60 237
237 38
155 238
238 96
162 239
239 156
149 240
240 97
131 241
241 52
52 242
242 156
95 243
243 162
93 244
244 91
160 245
245 51
15 246
246 170
12 247
247 165
40 248
248 28
58 249
249 96
52 250
250 145
25 251
251 11
160 252
252 90
86 253
253 54
8 254
254 161
62 255
255 151
11 256
256 54
139 257
257 125
143 258
258 29
87 259
259 41
71 260
260 104
57 261
261 36
28 262
262 106
69 263
263 84
149 264
264 112

259 190
55 165
165 94
50 166
166 34
11 167
167 60
160 168
168 141
1 169
169 17
98 170
170 23
119 171
171 21
16 172
172 47
47 173
173 122
88 174
174 20
17 175
175 64
79 176
176 106
113 177
177 89
124 178
178 96
121 179
179 112
153 180
180 25
79 181
181 136
138 182
182 63
69 183
183 80
135 184
184 69
112 185
185 135
127 186
186 107
99 187
187 57
57 188
188 20
28 189
189 22
55 190
190 110
41 191
191 164
152 192
192 22
23 193
193 63
44 194
194 140
81 195
195 97
26 196
196 95
29 197
197 162
134 198
198 14
62 199
199 79
25 200
200 76
107 201
201 96
123 202
202 30
84 203
203 114
138 204
204 16
3 205
205 129
44 206
206 120
38 207
207 57
130 208
208 25
103 209
209 139
48 210
210 147
3 211
211 49
102 212
212 111
38 213
213 78
23 214
214 37
43 215
215 79
71 216
216 40
47 217
217 67
128 218
218 145
103 219
219 113
130 220
220 46
62 221
221 13
122 222
222 146
136 223
223 56
69 224
224 134
80 225
225 20
84 226
226 43
136 227
227 83
153 228
228 34
109 229
229 159
139 230
230 164
142 231
231 115
163 232
232 151
113 233
233 95
138 234
234 56
49 235
235 13
108 236
236 104
105 237
237 143
54 238
238 12
75 239
239 99
59 240
240 74
4 241
241 56
155 242
242 122
49 243
243 135
116 244
244 117
155 245
245 111
80 246
246 93
46 247
247 35
127 248
248 21
133 249
249 163
163 250
250 76
122 251
251 1
17 252
252 159
143 253
253 83
80 254
254 164
152 255
255 35
76 256
256 145
131 257
257 80
58 258
258 13
11 259
259 115

266 176
8 179
179 110
144 180
180 16
47 181
181 94
4 182
182 55
66 183
183 57
142 184
184 126
134 185
185 32
69 186
186 93
178 187
187 23
157 188
188 127
54 189
189 14
126 190
190 83
109 191
191 9
178 192
192 62
177 193
193 72
12 194
194 97
60 195
195 62
4 196
196 68
51 197
197 165
106 198
198 15
103 199
199 115
53 200
200 138
65 201
201 1
128 202
202 122
95 203
203 15
68 204
204 35
3 205
205 90
4 206
206 84
172 207
207 67
73 208
208 39
65 209
209 119
125 210
210 106
167 211
211 144
126 212
212 51
9 213
213 76
81 214
214 69
104 215
215 131
117 216
216 144
75 217
217 156
28 218
218 98
176 219
219 119
31 220
220 121
147 221
221 42
136 222
222 109
160 223
223 175
75 224
224 31
171 225
225 78
70 226
226 172
176 227
227 88
21 228
228 14
59 229
229 122
124 230
230 151
135 231
231 49
97 232
232 49
158 233
233 159
38 234
234 113
65 235
235 75
174 236
236 87
35 237
237 139
157 238
238 162
171 239
239 178
75 240
240 25
97 241
241 126
97 242
242 33
46 243
243 106
31 244
244 166
129 245
245 132
160 246
246 176
26 247
247 75
154 248
248 113
92 249
249 140
65 250
250 95
107 251
251 11
133 252
252 107
72 253
253 176
150 254
254 131
148 255
255 7
42 256
256 29
87 257
257 133
111 258
258 127
120 259
259 47
136 260
260 131
25 261
261 17
106 262
262 39
49 263
263 171
116 264
264 65
71 265
265 81
9 266
266 147

268 180
166 179
179 178
170 180
180 16
53 181
181 169
29 182
182 89
3 183
183 142
86 184
184 35
30 185
185 117
35 186
186 21
25 187
187 26
86 188
188 32
25 189
189 15
38 190
190 76
154 191
191 121
8 192
192 68
15 193
193 34
54 194
194 76
38 195
195 18
47 196
196 103
114 197
197 146
158 198
198 120
46 199
199 66
136 200
200 22
28 201
201 87
125 202
202 75
68 203
203 57
63 204
204 98
139 205
205 172
89 206
206 73
47 207
207 90
56 208
208 148
62 209
209 145
88 210
210 24
153 211
211 4
152 212
212 166
65 213
213 175
178 214
214 30
112 215
215 50
75 216
216 139
48 217
217 131
152 218
218 176
4 219
219 163
20 220
220 142
88 221
221 31
158 222
222 21
103 223
223 120
36 224
224 14
79 225
225 143
111 226
226 166
6 227
227 27
168 228
228 112
8 229
229 163
5 230
230 96
87 231
231 138
79 232
232 10
112 233
233 60
6 234
234 175
38 235
235 75
146 236
236 155
153 237
237 41
26 238
238 62
75 239
239 91
150 240
240 107
44 241
241 119
54 242
242 130
1 243
243 178
95 244
244 67
176 245
245 167
3 246
246 22
152 247
247 58
120 248
248 4
134 249
249 177
54 250
250 25
168 251
251 140
39 252
252 108
81 253
253 161
174 254
254 48
95 255
255 69
48 256
256 7
74 257
257 126
85 258
258 156
8 259
259 30
35 260
260 6
63 261
261 124
32 262
262 17
71 263
263 46
145 264
264 28
45 265
265 174
2 266
266 94
60 267
267 148
129 268
268 43

254 184
7 163
163 3
30 164
164 65
19 165
165 81
130 166
166 74
160 167
167 81
109 168
168 135
90 169
169 146
96 170
170 97
157 171
171 124
35 172
172 9
99 173
173 42
27 174
174 45
135 175
175 37
144 176
176 51
99 177
177 140
114 178
178 135
114 179
179 60
47 180
180 147
33 181
181 70
64 182
182 32
149 183
183 58
24 184
184 111
3 185
185 18
101 186
186 79
71 187
187 116
72 188
188 110
146 189
189 143
75 190
190 87
122 191
191 48
153 192
192 136
36 193
193 7
21 194
194 93
125 195
195 151
31 196
196 56
149 197
197 133
118 198
198 161
87 199
199 22
54 200
200 148
60 201
201 30
111 202
202 94
62 203
203 66
156 204
204 131
145 205
205 132
1 206
206 47
135 207
207 30
10 208
208 161
43 209
209 149
112 210
210 24
149 211
211 57
35 212
212 140
37 213
213 102
3 214
214 139
155 215
215 42
25 216
216 85
19 217
217 84
108 218
218 72
48 219
219 9
110 220
220 103
28 221
221 85
57 222
222 155
154 223
223 36
153 224
224 143
137 225
225 152
146 226
226 126
158 227
227 152
148 228
228 62
51 229
229 65
143 230
230 2
38 231
231 127
49 232
232 117
139 233
233 115
127 234
234 71
132 235
235 113
129 236
236 17
35 237
237 76
42 238
238 29
85 239
239 110
148 240
240 154
138 241
241 69
10 242
242 27
74 243
243 33
98 244
244 152
97 245
245 128
50 246
246 43
25 247
247 157
109 248
248 23
94 249
249 133
28 250
250 65
123 251
251 154
63 252
252 149
49 253
253 22
114 254
254 151

263 176
33 176
176 117
126 177
177 121
68 178
178 106
170 179
179 68
12 180
180 172
108 181
181 150
47 182
182 41
92 183
183 41
170 184
184 146
111 185
185 9
51 186
186 6
76 187
187 59
24 188
188 49
130 189
189 33
20 190
190 42
66 191
191 163
27 192
192 171
28 193
193 77
143 194
194 117
126 195
195 112
130 196
196 111
145 197
197 82
68 198
198 124
69 199
199 135
167 200
200 135
79 201
201 148
166 202
202 45
162 203
203 88
91 204
204 96
14 205
205 28
95 206
206 93
46 207
207 115
130 208
208 171
2 209
209 148
79 210
210 36
66 211
211 133
165 212
212 62
53 213
213 85
174 214
214 37
25 215
215 37
104 216
216 147
56 217
217 33
105 218
218 115
162 219
219 166
137 220
220 1
40 221
221 140
121 222
222 168
165 223
223 104
95 224
224 20
2 225
225 39
54 226
226 130
155 227
227 24
92 228
228 74
109 229
229 146
123 230
230 54
54 231
231 24
118 232
232 34
129 233
233 80
110 234
234 93
71 235
235 129
4 236
236 18
96 237
237 83
27 238
238 57
146 239
239 45
166 240
240 161
145 241
241 85
139 242
242 174
4 243
243 152
112 244
244 78
143 245
245 174
51 246
246 97
84 247
247 174
135 248
248 127
69 249
249 103
30 250
250 53
2 251
251 10
156 252
252 53
115 253
253 89
159 254
254 131
115 255
255 129
87 256
256 88
77 257
257 21
86 258
258 89
86 259
259 21
94 260
260 100
154 261
261 109
88 262
262 10
96 263
263 87

275 170
8 191
191 89
190 192
192 161
169 193
193 131
38 194
194 136
69 195
195 48
104 196
196 1
157 197
197 35
96 198
198 123
22 199
199 37
81 200
200 159
169 201
201 106
117 202
202 105
88 203
203 136
86 204
204 162
136 205
205 164
97 206
206 155
186 207
207 10
152 208
208 75
124 209
209 44
151 210
210 7
112 211
211 39
68 212
212 64
5 213
213 105
40 214
214 99
5 215
215 127
140 216
216 110
29 217
217 8
95 218
218 100
20 219
219 158
105 220
220 183
70 221
221 67
5 222
222 122
93 223
223 45
11 224
224 142
180 225
225 136
126 226
226 68
36 227
227 31
94 228
228 22
188 229
229 102
69 230
230 96
134 231
231 110
17 232
232 54
152 233
233 73
183 234
234 158
23 235
235 157
138 236
236 162
168 237
237 34
140 238
238 91
121 239
239 50
37 240
240 113
49 241
241 64
33 242
242 39
159 243
243 48
171 244
244 93
159 245
245 108
135 246
246 92
103 247
247 74
149 248
248 115
87 249
249 187
111 250
250 174
17 251
251 27
59 252
252 28
14 253
253 168
57 254
254 183
37 255
255 190
144 256
256 107
60 257
257 76
130 258
258 138
8 259
259 106
143 260
260 99
63 261
261 165
85 262
262 162
182 263
263 37
92 264
264 104
78 265
265 1
99 266
266 73
41 267
267 100
103 268
268 177
59 269
269 179
64 270
270 130
78 271
271 162
93 272
272 154
149 273
273 109
7 274
274 162
3 275
275 101

256 150
120 182
182 9
103 183
183 84
150 184
184 23
115 185
185 55
47 186
186 2
10 187
187 170
114 188
188 47
60 189
189 28
104 190
190 181
26 191
191 112
133 192
192 109
50 193
193 95
160 194
194 140
41 195
195 36
141 196
196 158
7 197
197 29
179 198
198 171
163 199
199 47
88 200
200 73
145 201
201 51
46 202
202 127
108 203
203 146
70 204
204 107
31 205
205 115
121 206
206 120
155 207
207 21
152 208
208 122
154 209
209 44
171 210
210 23
138 211
211 181
36 212
212 140
118 213
213 103
52 214
214 160
49 215
215 44
77 216
216 51
88 217
217 65
104 218
218 102
43 219
219 178
173 220
220 139
35 221
221 24
111 222
222 172
67 223
223 153
181 224
224 58
108 225
225 181
79 226
226 148
47 227
227 153
170 228
228 26
48 229
229 162
150 230
230 83
126 231
231 179
177 232
232 57
44 233
233 42
34 234
234 79
179 235
235 65
59 236
236 156
156 237
237 14
166 238
238 174
66 239
239 147
161 240
240 134
3 241
241 150
181 242
242 41
66 243
243 104
4 244
244 120
77 245
245 131
113 246
246 148
73 247
247 87
160 248
248 49
62 249
249 131
113 250
250 3
34 251
251 17
85 252
252 38
24 253
253 36
119 254
254 82
117 255
255 120
35 256
256 133

252 170
144 168
168 49
24 169
169 30
146 170
170 77
85 171
171 111
115 172
172 127
148 173
173 29
122 174
174 157
58 175
175 10
151 176
176 136
74 177
177 151
100 178
178 141
24 179
179 33
114 180
180 93
136 181
181 56
159 182
182 88
135 183
183 75
37 184
184 86
138 185
185 61
9 186
186 51
63 187
187 64
123 188
188 34
67 189
189 78
60 190
190 56
66 191
191 135
5 192
192 105
25 193
193 3
91 194
194 5
135 195
195 58
112 196
196 132
97 197
197 13
16 198
198 131
4 199
199 132
100 200
200 14
103 201
201 18
10 202
202 92
101 203
203 57
47 204
204 38
112 205
205 154
2 206
206 130
19 207
207 160
149 208
208 81
140 209
209 87
39 210
210 130
157 211
211 166
149 212
212 23
45 213
213 152
162 214
214 137
56 215
215 94
159 216
216 160
160 217
217 152
86 218
218 31
61 219
219 117
131 220
220 158
83 221
221 59
59 222
222 16
158 223
223 124
118 224
224 34
48 225
225 122
158 226
226 68
44 227
227 42
109 228
228 9
27 229
229 9
156 230
230 43
134 231
231 133
119 232
232 95
56 233
233 41
57 234
234 90
79 235
235 54
105 236
236 123
92 237
237 30
160 238
238 47
109 239
239 88
103 240
240 102
80 241
241 72
38 242
242 89
8 243
243 31
41 244
244 10
128 245
245 75
164 246
246 25
35 247
247 147
40 248
248 54
12 249
249 74
95 250
250 53
114 251
251 139
90 252
252 68
